 08/25/93 UW ARCHIVE           100.0  1961 W IEEE 57 Bus Test Case
   1 Kanawha   V1  1  1  3  1.040   0.00     73.2     22.6   801.6    174.7    0.0  1.040     0.0     0.0   0.0    0.0        0
   2 Turner    V1  1  1  2  1.010  -2.52      4.0    117.0     0.0     43.3    0.0  1.010    50.0   -17.0   0.0    0.0        0
   3 Logan     V1  1  1  2  0.980 -11.43     54.5     27.9    40.0     60.0    0.0  0.985    60.0   -10.0   0.0    0.0        0
   4 Sprigg    V1  1  1  0  0.972 -13.99      0.0      0.0     0.0     0.0     0.0  0.0       0.0     0.0   0.0    0.0        0
   5 Bus 5     V1  1  1  0  0.969 -16.89     17.3      5.3     0.0     0.0     0.0  0.0       0.0     0.0   0.0    0.0        0
   6 Beaver Ck V1  1  1  2  0.976 -17.68     99.8      2.7     0.0     25.0    0.0  0.980    25.0    -8.0   0.0    0.0        0
   7 Bus 7     V1  1  1  0  0.974 -17.03      0.0      0.0     0.0     0.0     0.0  0.0       0.0     0.0   0.0    0.0        0
   8 Clinch Rv V1  1  1  2  1.005 -13.72    199.5     29.3   450.0    109.9    0.0  1.005   200.0  -140.0   0.0    0.0        0
   9 Saltville V1  1  1  2  0.970 -17.13     25.4      5.5     0.0      0.5    0.0  0.980     9.0    -3.0   0.0    0.0        0
  10 Bus 10    V1  1  1  0  0.950 -20.41     13.5      5.4     0.0     0.0     0.0  0.0       0.0     0.0   0.0    0.0        0
  11 Tazewell  V1  1  1  0  0.948 -17.86      0.0      0.0     0.0     0.0     0.0  0.0       0.0     0.0   0.0    0.0        0
  12 Glen Lyn  V1  1  1  2  0.979 -19.29    501.4     31.9   310.0    155.0    0.0  1.015   155.0  -150.0   0.0    0.0        0
  13 Bus 13    V1  1  1  0  0.947 -17.24     23.9      3.1     0.0     0.0     0.0  0.0       0.0     0.0   0.0    0.0        0
  14 Bus 14    V1  1  1  0  0.937 -16.18     14.0      7.0     0.0     0.0     0.0  0.0       0.0     0.0   0.0    0.0        0
  15 Bus 15    V1  1  1  0  0.965 -12.56     29.3      6.7     0.0     0.0     0.0  0.0       0.0     0.0   0.0    0.0        0
  16 Bus 16    V1  1  1  0  0.976 -15.61     57.2      4.0     0.0     0.0     0.0  0.0       0.0     0.0   0.0    0.0        0
  17 Bus 17    V1  1  1  0  0.990  -9.08     55.9     10.6     0.0     0.0     0.0  0.0       0.0     0.0   0.0    0.0        0
  18 Sprigg    V2  1  1  0  0.977 -20.09     36.2     13.0     0.0     0.0     0.0  0.0       0.0     0.0   0.0    0.10       0
  19 Bus 19    V2  1  1  0  0.928 -22.12      4.4      0.8     0.0     0.0     0.0  0.0       0.0     0.0   0.0    0.0        0
  20 Bus 20    V2  1  1  0  0.915 -22.37      3.1      1.3     0.0     0.0     0.0  0.0       0.0     0.0   0.0    0.0        0
  21 Bus 21    V3  1  1  0  0.952 -21.71      0.0      0.0     0.0     0.0     0.0  0.0       0.0     0.0   0.0    0.0        0
  22 Bus 22    V3  1  1  0  0.953 -21.61      0.0      0.0     0.0     0.0     0.0  0.0       0.0     0.0   0.0    0.0        0
  23 Bus 23    V3  1  1  0  0.951 -21.75      8.4      2.8     0.0     0.0     0.0  0.0       0.0     0.0   0.0    0.0        0
  24 Bus 24    V3  1  1  0  0.936 -22.92      0.0      0.0     0.0     0.0     0.0  0.0       0.0     0.0   0.0    0.0        0
  25 Bus 25    V4  1  1  0  0.888 -30.56      8.4      4.3     0.0     0.0     0.0  0.0       0.0     0.0   0.0    0.059      0
  26 Bus 26    V5  1  1  0  0.902 -22.56      0.0      0.0     0.0     0.0     0.0  0.0       0.0     0.0   0.0    0.0        0
  27 Bus 27    V5  1  1  0  0.944 -21.59     12.4      0.7     0.0     0.0     0.0  0.0       0.0     0.0   0.0    0.0        0
  28 Bus 28    V5  1  1  0  0.969 -20.53      6.1      3.1     0.0     0.0     0.0  0.0       0.0     0.0   0.0    0.0        0
  29 Bus 29    V5  1  1  0  0.990 -19.80     22.6      3.5     0.0     0.0     0.0  0.0       0.0     0.0   0.0    0.0        0
  30 Bus 30    V4  1  1  0  0.859 -31.43      4.8      2.4     0.0     0.0     0.0  0.0       0.0     0.0   0.0    0.0        0
  31 Bus 31    V4  1  1  0  0.820 -32.48      7.7      3.9     0.0     0.0     0.0  0.0       0.0     0.0   0.0    0.0        0
  32 Bus 32    V4  1  1  0  0.845 -30.89      2.1      1.1     0.0     0.0     0.0  0.0       0.0     0.0   0.0    0.0        0
  33 Bus 33    V4  1  1  0  0.841 -30.96      5.1      2.5     0.0     0.0     0.0  0.0       0.0     0.0   0.0    0.0        0
  34 Bus 34    V3  1  1  0  0.879 -23.51      0.0      0.0     0.0     0.0     0.0  0.0       0.0     0.0   0.0    0.0        0
  35 Bus 35    V3  1  1  0  0.890 -23.14      8.0      4.0     0.0     0.0     0.0  0.0       0.0     0.0   0.0    0.0        0
  36 Bus 36    V3  1  1  0  0.905 -22.74      0.0      0.0     0.0     0.0     0.0  0.0       0.0     0.0   0.0    0.0        0
  37 Bus 37    V3  1  1  0  0.918 -22.44      0.0      0.0     0.0     0.0     0.0  0.0       0.0     0.0   0.0    0.0        0
  38 Bus 38    V3  1  1  0  0.957 -21.33     18.6      9.3     0.0     0.0     0.0  0.0       0.0     0.0   0.0    0.0        0
  39 Bus 39    V3  1  1  0  0.916 -22.51      0.0      0.0     0.0     0.0     0.0  0.0       0.0     0.0   0.0    0.0        0
  40 Bus 40    V3  1  1  0  0.902 -22.81      0.0      0.0     0.0     0.0     0.0  0.0       0.0     0.0   0.0    0.0        0
  41 Tazewell  V6  1  1  0  0.949 -23.61      8.4      4.0     0.0     0.0     0.0  0.0       0.0     0.0   0.0    0.0        0
  42 Bus 42    V6  1  1  0  0.901 -25.63      9.4      5.9     0.0     0.0     0.0  0.0       0.0     0.0   0.0    0.0        0
  43 Tazewell  V7  1  1  0  0.976 -19.55      2.7      1.3     0.0     0.0     0.0  0.0       0.0     0.0   0.0    0.0        0
  44 Bus 44    V3  1  1  0  0.967 -19.89     16.0      2.4     0.0     0.0     0.0  0.0       0.0     0.0   0.0    0.0        0
  45 Bus 45    V3  1  1  0  1.005 -15.89      0.0      0.0     0.0     0.0     0.0  0.0       0.0     0.0   0.0    0.0        0
  46 Bus 46    V3  1  1  0  1.018 -18.77      0.0      0.0     0.0     0.0     0.0  0.0       0.0     0.0   0.0    0.0        0
  47 Bus 47    V3  1  1  0  0.983 -20.89     39.5     15.4     0.0     0.0     0.0  0.0       0.0     0.0   0.0    0.0        0
  48 Bus 48    V3  1  1  0  0.975 -21.09      0.0      0.0     0.0     0.0     0.0  0.0       0.0     0.0   0.0    0.0        0
  49 Bus 49    V3  1  1  0  0.985 -21.68     23.9     11.3     0.0     0.0     0.0  0.0       0.0     0.0   0.0    0.0        0
  50 Bus 50    V3  1  1  0  0.967 -22.67     27.9     14.0     0.0     0.0     0.0  0.0       0.0     0.0   0.0    0.0        0
  51 Bus 51    V3  1  1  0  1.009 -21.87     23.9      7.0     0.0     0.0     0.0  0.0       0.0     0.0   0.0    0.0        0
  52 Bus 52    V5  1  1  0  0.946 -21.53      6.5      2.9     0.0     0.0     0.0  0.0       0.0     0.0   0.0    0.0        0
  53 Bus 53    V5  1  1  0  0.930 -22.23     26.6     13.3     0.0     0.0     0.0  0.0       0.0     0.0   0.0    0.063      0
  54 Bus 54    V5  1  1  0  0.968 -20.82      5.5      1.9     0.0     0.0     0.0  0.0       0.0     0.0   0.0    0.0        0
  55 Saltville V5  1  1  0  1.017 -19.01      9.0      4.5     0.0     0.0     0.0  0.0       0.0     0.0   0.0    0.0        0
  56 Bus 56    V6  1  1  0  0.898 -26.29     10.1      2.9     0.0     0.0     0.0  0.0       0.0     0.0   0.0    0.0        0
  57 Bus 57    V6  1  1  0  0.890 -27.04      8.9      2.7     0.0     0.0     0.0  0.0       0.0     0.0   0.0    0.0        0
-999 
BRANCH DATA FOLLOWS                         80 ITEMS
   1    2  1  1 1 0  0.0083    0.0280      0.1290     0     0     0    0 0  0.0       0.0 0.0    0.0     0.0    0.0   0.0
   2    3  1  1 1 0  0.0298    0.0850      0.0818     0     0     0    0 0  0.0       0.0 0.0    0.0     0.0    0.0   0.0
   3    4  1  1 1 0  0.0112    0.0366      0.0380     0     0     0    0 0  0.0       0.0 0.0    0.0     0.0    0.0   0.0
   4    5  1  1 1 0  0.0625    0.1320      0.0258     0     0     0    0 0  0.0       0.0 0.0    0.0     0.0    0.0   0.0
   4    6  1  1 1 0  0.0430    0.1480      0.0348     0     0     0    0 0  0.0       0.0 0.0    0.0     0.0    0.0   0.0
   6    7  1  1 1 0  0.0200    0.1020      0.0276     0     0     0    0 0  0.0       0.0 0.0    0.0     0.0    0.0   0.0
   6    8  1  1 1 0  0.0339    0.1730      0.0470     0     0     0    0 0  0.0       0.0 0.0    0.0     0.0    0.0   0.0
   8    9  1  1 1 0  0.0099    0.0505      0.0548     0     0     0    0 0  0.0       0.0 0.0    0.0     0.0    0.0   0.0
   9   10  1  1 1 0  0.0369    0.1679      0.0440     0     0     0    0 0  0.0       0.0 0.0    0.0     0.0    0.0   0.0
   9   11  1  1 1 0  0.0258    0.0848      0.0218     0     0     0    0 0  0.0       0.0 0.0    0.0     0.0    0.0   0.0
   9   12  1  1 1 0  0.0648    0.2950      0.0772     0     0     0    0 0  0.0       0.0 0.0    0.0     0.0    0.0   0.0
   9   13  1  1 1 0  0.0481    0.1580      0.0406     0     0     0    0 0  0.0       0.0 0.0    0.0     0.0    0.0   0.0
  13   14  1  1 1 0  0.0132    0.0434      0.0110     0     0     0    0 0  0.0       0.0 0.0    0.0     0.0    0.0   0.0
  13   15  1  1 1 0  0.0269    0.0869      0.0230     0     0     0    0 0  0.0       0.0 0.0    0.0     0.0    0.0   0.0
   1   15  1  1 1 0  0.0178    0.0910      0.0988     0     0     0    0 0  0.0       0.0 0.0    0.0     0.0    0.0   0.0
   1   16  1  1 1 0  0.0454    0.2060      0.0546     0     0     0    0 0  0.0       0.0 0.0    0.0     0.0    0.0   0.0
   1   17  1  1 1 0  0.0238    0.1080      0.0286     0     0     0    0 0  0.0       0.0 0.0    0.0     0.0    0.0   0.0
   3   15  1  1 1 0  0.0162    0.0530      0.0544     0     0     0    0 0  0.0       0.0 0.0    0.0     0.0    0.0   0.0
   4   18  1  1 1 0  0.0       0.5550      0.0        0     0     0    0 0  0.970     0.0 0.0    0.0     0.0    0.0   0.0
   4   18  1  1 1 0  0.0       0.4300      0.0        0     0     0    0 0  0.978     0.0 0.0    0.0     0.0    0.0   0.0
   5    6  1  1 1 0  0.0302    0.0641      0.0124     0     0     0    0 0  0.0       0.0 0.0    0.0     0.0    0.0   0.0
   7    8  1  1 1 0  0.0139    0.0712      0.0194     0     0     0    0 0  0.0       0.0 0.0    0.0     0.0    0.0   0.0
  10   12  1  1 1 0  0.0277    0.1262      0.0328     0     0     0    0 0  0.0       0.0 0.0    0.0     0.0    0.0   0.0
  11   13  1  1 1 0  0.0223    0.0732      0.0188     0     0     0    0 0  0.0       0.0 0.0    0.0     0.0    0.0   0.0
  12   13  1  1 1 0  0.0178    0.0580      0.0604     0     0     0    0 0  0.0       0.0 0.0    0.0     0.0    0.0   0.0
  12   16  1  1 1 0  0.0180    0.0813      0.0216     0     0     0    0 0  0.0       0.0 0.0    0.0     0.0    0.0   0.0
  12   17  1  1 1 0  0.0397    0.1790      0.0476     0     0     0    0 0  0.0       0.0 0.0    0.0     0.0    0.0   0.0
  14   15  1  1 1 0  0.0171    0.0547      0.0148     0     0     0    0 0  0.0       0.0 0.0    0.0     0.0    0.0   0.0
  18   19  1  1 1 0  0.4610    0.6850      0.0        0     0     0    0 0  0.0       0.0 0.0    0.0     0.0    0.0   0.0
  19   20  1  1 1 0  0.2830    0.4340      0.0        0     0     0    0 0  0.0       0.0 0.0    0.0     0.0    0.0   0.0
  21   20  1  1 1 0  0.0       0.7767      0.0        0     0     0    0 0  1.043     0.0 0.0    0.0     0.0    0.0   0.0
  21   22  1  1 1 0  0.0736    0.1170      0.0        0     0     0    0 0  0.0       0.0 0.0    0.0     0.0    0.0   0.0
  22   23  1  1 1 0  0.0099    0.0152      0.0        0     0     0    0 0  0.0       0.0 0.0    0.0     0.0    0.0   0.0
  23   24  1  1 1 0  0.1660    0.2560      0.0084     0     0     0    0 0  0.0       0.0 0.0    0.0     0.0    0.0   0.0
  24   25  1  1 1 0  0.0       1.1820      0.0        0     0     0    0 0  1.000     0.0 0.0    0.0     0.0    0.0   0.0
  24   25  1  1 1 0  0.0       1.2300      0.0        0     0     0    0 0  1.000     0.0 0.0    0.0     0.0    0.0   0.0
  24   26  1  1 1 0  0.0       0.0473      0.0        0     0     0    0 0  1.043     0.0 0.0    0.0     0.0    0.0   0.0
  26   27  1  1 1 0  0.1650    0.2540      0.0        0     0     0    0 0  0.0       0.0 0.0    0.0     0.0    0.0   0.0
  27   28  1  1 1 0  0.0618    0.0954      0.0        0     0     0    0 0  0.0       0.0 0.0    0.0     0.0    0.0   0.0
  28   29  1  1 1 0  0.0418    0.0587      0.0        0     0     0    0 0  0.0       0.0 0.0    0.0     0.0    0.0   0.0
   7   29  1  1 1 0  0.0       0.0648      0.0        0     0     0    0 0  0.967     0.0 0.0    0.0     0.0    0.0   0.0
  25   30  1  1 1 0  0.1350    0.2020      0.0        0     0     0    0 0  0.0       0.0 0.0    0.0     0.0    0.0   0.0
  30   31  1  1 1 0  0.3260    0.4970      0.0        0     0     0    0 0  0.0       0.0 0.0    0.0     0.0    0.0   0.0
  31   32  1  1 1 0  0.5070    0.7550      0.0        0     0     0    0 0  0.0       0.0 0.0    0.0     0.0    0.0   0.0
  32   33  1  1 1 0  0.0392    0.0360      0.0        0     0     0    0 0  0.0       0.0 0.0    0.0     0.0    0.0   0.0
  34   32  1  1 1 0  0.0       0.9530      0.0        0     0     0    0 0  0.975     0.0 0.0    0.0     0.0    0.0   0.0
  34   35  1  1 1 0  0.0520    0.0780      0.0032     0     0     0    0 0  0.0       0.0 0.0    0.0     0.0    0.0   0.0
  35   36  1  1 1 0  0.0430    0.0537      0.0016     0     0     0    0 0  0.0       0.0 0.0    0.0     0.0    0.0   0.0
  36   37  1  1 1 0  0.0290    0.0366      0.0        0     0     0    0 0  0.0       0.0 0.0    0.0     0.0    0.0   0.0
  37   38  1  1 1 0  0.0651    0.1009      0.0020     0     0     0    0 0  0.0       0.0 0.0    0.0     0.0    0.0   0.0
  37   39  1  1 1 0  0.0239    0.0379      0.0        0     0     0    0 0  0.0       0.0 0.0    0.0     0.0    0.0   0.0
  36   40  1  1 1 0  0.0300    0.0466      0.0        0     0     0    0 0  0.0       0.0 0.0    0.0     0.0    0.0   0.0
  22   38  1  1 1 0  0.0192    0.0295      0.0        0     0     0    0 0  0.0       0.0 0.0    0.0     0.0    0.0   0.0
  11   41  1  1 1 0  0.0       0.7490      0.0        0     0     0    0 0  0.955     0.0 0.0    0.0     0.0    0.0   0.0
  41   42  1  1 1 0  0.2070    0.3520      0.0        0     0     0    0 0  0.0       0.0 0.0    0.0     0.0    0.0   0.0
  41   43  1  1 1 0  0.0       0.4120      0.0        0     0     0    0 0  0.0       0.0 0.0    0.0     0.0    0.0   0.0
  38   44  1  1 1 0  0.0289    0.0585      0.0020     0     0     0    0 0  0.0       0.0 0.0    0.0     0.0    0.0   0.0
  15   45  1  1 1 0  0.0       0.1042      0.0        0     0     0    0 0  0.955     0.0 0.0    0.0     0.0    0.0   0.0
  14   46  1  1 1 0  0.0       0.0735      0.0        0     0     0    0 0  0.900     0.0 0.0    0.0     0.0    0.0   0.0
  46   47  1  1 1 0  0.0230    0.0680      0.0032     0     0     0    0 0  0.0       0.0 0.0    0.0     0.0    0.0   0.0
  47   48  1  1 1 0  0.0182    0.0233      0.0        0     0     0    0 0  0.0       0.0 0.0    0.0     0.0    0.0   0.0
  48   49  1  1 1 0  0.0834    0.1290      0.0048     0     0     0    0 0  0.0       0.0 0.0    0.0     0.0    0.0   0.0
  49   50  1  1 1 0  0.0801    0.1280      0.0        0     0     0    0 0  0.0       0.0 0.0    0.0     0.0    0.0   0.0
  50   51  1  1 1 0  0.1386    0.2200      0.0        0     0     0    0 0  0.0       0.0 0.0    0.0     0.0    0.0   0.0
  10   51  1  1 1 0  0.0       0.0712      0.0        0     0     0    0 0  0.930     0.0 0.0    0.0     0.0    0.0   0.0
  13   49  1  1 1 0  0.0       0.1910      0.0        0     0     0    0 0  0.895     0.0 0.0    0.0     0.0    0.0   0.0
  29   52  1  1 1 0  0.1442    0.1870      0.0        0     0     0    0 0  0.0       0.0 0.0    0.0     0.0    0.0   0.0
  52   53  1  1 1 0  0.0762    0.0984      0.0        0     0     0    0 0  0.0       0.0 0.0    0.0     0.0    0.0   0.0
  53   54  1  1 1 0  0.1878    0.2320      0.0        0     0     0    0 0  0.0       0.0 0.0    0.0     0.0    0.0   0.0
  54   55  1  1 1 0  0.1732    0.2265      0.0        0     0     0    0 0  0.0       0.0 0.0    0.0     0.0    0.0   0.0
  11   43  1  1 1 0  0.0       0.1530      0.0        0     0     0    0 0  0.958     0.0 0.0    0.0     0.0    0.0   0.0
  44   45  1  1 1 0  0.0624    0.1242      0.0040     0     0     0    0 0  0.0       0.0 0.0    0.0     0.0    0.0   0.0
  40   56  1  1 1 0  0.0       1.1950      0.0        0     0     0    0 0  0.958     0.0 0.0    0.0     0.0    0.0   0.0
  56   41  1  1 1 0  0.5530    0.5490      0.0        0     0     0    0 0  0.0       0.0 0.0    0.0     0.0    0.0   0.0
  56   42  1  1 1 0  0.2125    0.3540      0.0        0     0     0    0 0  0.0       0.0 0.0    0.0     0.0    0.0   0.0
  39   57  1  1 1 0  0.0       1.3550      0.0        0     0     0    0 0  0.980     0.0 0.0    0.0     0.0    0.0   0.0
  57   56  1  1 1 0  0.1740    0.2600      0.0        0     0     0    0 0  0.0       0.0 0.0    0.0     0.0    0.0   0.0
  38   49  1  1 1 0  0.1150    0.1770      0.0030     0     0     0    0 0  0.0       0.0 0.0    0.0     0.0    0.0   0.0
  38   48  1  1 1 0  0.0312    0.0482      0.0        0     0     0    0 0  0.0       0.0 0.0    0.0     0.0    0.0   0.0
   9   55  1  1 1 0  0.0       0.1205      0.0        0     0     0    0 0  0.940     0.0 0.0    0.0     0.0    0.0   0.0
-999
LOSS ZONES FOLLOWS                     1 ITEMS
  1 IEEE 57 BUS
-99
INTERCHANGE DATA FOLLOWS                 1 ITEMS
-9
 1    8 Clinch Rv V1    0.0  999.99  IEEE57  IEEE 57 Bus Test Case
TIE LINES FOLLOWS                     0 ITEMS
-999
END OF DATA
