 08/19/93 UW ARCHIVE           100.0  1962 W IEEE 14 Bus Test Case
   1 Bus 1     HV  1  1  3  1.060   0.00      0.0      0.0   183.5     -3.1    0.0  1.060     0.0     0.0   0.0    0.0        0
   2 Bus 2     HV  1  1  2  1.045  -3.45     26.5     15.5   128.2     26.0    0.0  1.045    50.0   -40.0   0.0    0.0        0
   3 Bus 3     HV  1  1  2  1.010 -13.01    114.9     23.2     0.0     40.0    0.0  1.010    40.0     0.0   0.0    0.0        0
   4 Bus 4     HV  1  1  0  1.014  -9.89     41.1     -3.4     0.0     0.0     0.0  0.0       0.0     0.0   0.0    0.0        0
   5 Bus 5     HV  1  1  0  1.016  -8.41      9.3      2.0     0.0     0.0     0.0  0.0       0.0     0.0   0.0    0.0        0
   6 Bus 6     LV  1  1  2  1.070 -15.07     13.7      9.2     0.0     23.8    0.0  1.070    24.0    -6.0   0.0    0.0        0
   7 Bus 7     ZV  1  1  0  1.057 -13.58      0.0      0.0     0.0     0.0     0.0  0.0       0.0     0.0   0.0    0.0        0
   8 Bus 8     TV  1  1  2  1.090 -13.58      0.0      0.0     0.0     20.4    0.0  1.090    24.0    -6.0   0.0    0.0        0
   9 Bus 9     LV  1  1  0  1.049 -15.50     25.4     14.3     0.0     0.0     0.0  0.0       0.0     0.0   0.0    0.19       0
  10 Bus 10    LV  1  1  0  1.037 -16.03     20.3     13.0     0.0     0.0     0.0  0.0       0.0     0.0   0.0    0.0        0
  11 Bus 11    LV  1  1  0  1.049 -15.71      4.3      2.2     0.0     0.0     0.0  0.0       0.0     0.0   0.0    0.0        0
  12 Bus 12    LV  1  1  0  1.051 -16.09      7.4      2.0     0.0     0.0     0.0  0.0       0.0     0.0   0.0    0.0        0
  13 Bus 13    LV  1  1  0  1.045 -16.15     16.5      7.1     0.0     0.0     0.0  0.0       0.0     0.0   0.0    0.0        0
  14 Bus 14    LV  1  1  0  1.025 -17.02     18.2      6.1     0.0     0.0     0.0  0.0       0.0     0.0   0.0    0.0        0
-999 
BRANCH DATA FOLLOWS                         20 ITEMS
   1    2  1  1 1 0  0.01938   0.05917     0.0528     0     0     0    0 0  0.0       0.0 0.0    0.0     0.0    0.0   0.0
   1    5  1  1 1 0  0.05403   0.22304     0.0492     0     0     0    0 0  0.0       0.0 0.0    0.0     0.0    0.0   0.0
   2    3  1  1 1 0  0.04699   0.19797     0.0438     0     0     0    0 0  0.0       0.0 0.0    0.0     0.0    0.0   0.0
   2    4  1  1 1 0  0.05811   0.17632     0.0340     0     0     0    0 0  0.0       0.0 0.0    0.0     0.0    0.0   0.0
   2    5  1  1 1 0  0.05695   0.17388     0.0346     0     0     0    0 0  0.0       0.0 0.0    0.0     0.0    0.0   0.0
   3    4  1  1 1 0  0.06701   0.17103     0.0128     0     0     0    0 0  0.0       0.0 0.0    0.0     0.0    0.0   0.0
   4    5  1  1 1 0  0.01335   0.04211     0.0        0     0     0    0 0  0.0       0.0 0.0    0.0     0.0    0.0   0.0
   4    7  1  1 1 0  0.0       0.20912     0.0        0     0     0    0 0  0.978     0.0 0.0    0.0     0.0    0.0   0.0
   4    9  1  1 1 0  0.0       0.55618     0.0        0     0     0    0 0  0.969     0.0 0.0    0.0     0.0    0.0   0.0
   5    6  1  1 1 0  0.0       0.25202     0.0        0     0     0    0 0  0.932     0.0 0.0    0.0     0.0    0.0   0.0
   6   11  1  1 1 0  0.09498   0.19890     0.0        0     0     0    0 0  0.0       0.0 0.0    0.0     0.0    0.0   0.0
   6   12  1  1 1 0  0.12291   0.25581     0.0        0     0     0    0 0  0.0       0.0 0.0    0.0     0.0    0.0   0.0
   6   13  1  1 1 0  0.06615   0.13027     0.0        0     0     0    0 0  0.0       0.0 0.0    0.0     0.0    0.0   0.0
   7    8  1  1 1 0  0.0       0.17615     0.0        0     0     0    0 0  0.0       0.0 0.0    0.0     0.0    0.0   0.0
   7    9  1  1 1 0  0.0       0.11001     0.0        0     0     0    0 0  0.0       0.0 0.0    0.0     0.0    0.0   0.0
   9   10  1  1 1 0  0.03181   0.08450     0.0        0     0     0    0 0  0.0       0.0 0.0    0.0     0.0    0.0   0.0
   9   14  1  1 1 0  0.12711   0.27038     0.0        0     0     0    0 0  0.0       0.0 0.0    0.0     0.0    0.0   0.0
  10   11  1  1 1 0  0.08205   0.19207     0.0        0     0     0    0 0  0.0       0.0 0.0    0.0     0.0    0.0   0.0
  12   13  1  1 1 0  0.22092   0.19988     0.0        0     0     0    0 0  0.0       0.0 0.0    0.0     0.0    0.0   0.0
  13   14  1  1 1 0  0.17093   0.34802     0.0        0     0     0    0 0  0.0       0.0 0.0    0.0     0.0    0.0   0.0
-999
LOSS ZONES FOLLOWS                     1 ITEMS
  1 IEEE 14 BUS
-99
INTERCHANGE DATA FOLLOWS                 1 ITEMS
 1    2 Bus 2     HV    0.0  999.99  IEEE14  IEEE 14 Bus Test Case
-9
TIE LINES FOLLOWS                     0 ITEMS
-999
END OF DATA
