### EVT (%) - ENTRE CDF E FLUXO CALCULADO DAS 19 hrs
------------------------------------------------------------
         CDF          Calculado
Barra  V     Ângulo   V     Ângulo EVT(%)
      (pu)   (grau)  (pu)   (grau)
------------------------------------------------------------
  1  1.060    0.00  1.060    0.00  0.00
  2  1.045   -4.98  1.045   -4.98  0.00
  3  1.010  -12.73  1.010  -12.72  0.01
  4  1.018  -10.31  1.019  -10.33  0.13
  5  1.020   -8.77  1.020   -8.78  0.05
  6  1.070  -14.22  1.070  -14.22  0.00
  7  1.062  -13.36  1.062  -13.37  0.05
  8  1.090  -13.36  1.090  -13.36  0.00
  9  1.056  -14.94  1.056  -14.94  0.01
 10  1.051  -15.10  1.051  -15.10  0.00
 11  1.057  -14.79  1.057  -14.79  0.01
 12  1.055  -15.08  1.055  -15.07  0.02
 13  1.050  -15.16  1.050  -15.16  0.04
 14  1.036  -16.03  1.036  -16.04  0.05
                  EVT(%) MÉDIO ->  0.03
24 SIMULAÇÃO COM 33.6s