
  **********   RELATÓRIO - FALTA TRIFÁSICA    ->   BARRA - 17   **********

  CORRENTE DE FALTA: 
  -----------------------------------------------------------------------------------------
            FASE A                        FASE B                        FASE C
   Módulo(pu)    Ângulo(grau)    Módulo(pu)    Ângulo(grau)    Módulo(pu)    Ângulo(grau)
  ------------------------------------------------------------------------------------------
     0.5885          73.07            0.5885      -46.93          0.5885       -166.93


  TENSÕES NAS BARRAS: 
  -----------------------------------------------------------------------------------------------
  BARRA             FASE A                        FASE B                        FASE C
           Módulo(pu)    Ângulo(grau)    Módulo(pu)    Ângulo(grau)    Módulo(pu)    Ângulo(grau)
  -----------------------------------------------------------------------------------------------
   1        0.0477         136.35          0.0477          16.35         0.0477        -103.65
   2        0.0473         136.29          0.0473          16.29         0.0473        -103.71
   3        0.0402         134.23          0.0402          14.23         0.0402        -105.77
   4        0.0373         133.50          0.0373          13.50         0.0373        -106.50
   5        0.0477         136.41          0.0477          16.41         0.0477        -103.59
   6        0.0393         134.97          0.0393          14.97         0.0393        -105.03
   7        0.0438         135.98          0.0438          15.98         0.0438        -104.02
   8        0.0405         135.23          0.0405          15.23         0.0405        -104.77
   9        0.0469         143.45          0.0469          23.45         0.0469         -96.55
  10        0.0391         141.63          0.0391          21.63         0.0391         -98.37
  11        0.0469         143.45          0.0469          23.45         0.0469         -96.55
  12        0.0652         143.75          0.0652          23.75         0.0652         -96.25
  13        0.0652         143.75          0.0652          23.75         0.0652         -96.25
  14        0.0632         143.22          0.0632          23.22         0.0632         -96.78
  15        0.0609         143.43          0.0609          23.43         0.0609         -96.57
  16        0.0311         149.10          0.0311          29.10         0.0311         -90.90
  17        0.0000         -90.00          0.0000         150.00         0.0000          30.00
  18        0.0532         143.05          0.0532          23.05         0.0532         -96.95
  19        0.0487         142.79          0.0487          22.79         0.0487         -97.21
  20        0.0463         142.64          0.0463          22.64         0.0463         -97.36
  21        0.0425         142.10          0.0425          22.10         0.0425         -97.90
  22        0.0436         142.20          0.0436          22.20         0.0436         -97.80
  23        0.0597         142.68          0.0597          22.68         0.0597         -97.32
  24        0.0582         141.61          0.0582          21.61         0.0582         -98.39
  25        0.0645         143.29          0.0645          23.29         0.0645         -96.71
  26        0.0645         143.29          0.0645          23.29         0.0645         -96.71
  27        0.0684         144.29          0.0684          24.29         0.0684         -95.71
  28        0.0403         134.73          0.0403          14.73         0.0403        -105.27
  29        0.0684         144.29          0.0684          24.29         0.0684         -95.71
  30        0.0684         144.29          0.0684          24.29         0.0684         -95.71


  CORRENTES NOS RAMOS: 
  -----------------------------------------------------------------------------------------------------
  DE     PARA              FASE A                        FASE B                        FASE C
                  Módulo(pu)    Ângulo(grau)    Módulo(pu)    Ângulo(grau)    Módulo(pu)    Ângulo(grau)
  -----------------------------------------------------------------------------------------------------
  1      2         0.0058          73.88          0.0058          -46.12          0.0058        -166.12
  1      3         0.0448          72.84          0.0448          -47.16          0.0448        -167.16
  2      4         0.0557          74.71          0.0557          -45.29          0.0557        -165.29
  3      4         0.0713          72.93          0.0713          -47.07          0.0713        -167.07
  2      5         0.0019        -104.65          0.0019          135.35          0.0019          15.35
  2      6         0.0434          70.96          0.0434          -49.04          0.0434        -169.04
  4      6         0.0514         -93.39          0.0514          146.61          0.0514          26.61
  5      7         0.0318          72.82          0.0318          -47.18          0.0318        -167.18
  6      7         0.0519        -107.09          0.0519          132.91          0.0519          12.91
  6      8         0.0268        -110.12          0.0268          129.88          0.0268           9.88
  6      9         0.0475         -90.67          0.0475          149.33          0.0475          29.33
  6     10         0.0082         -39.21          0.0082         -159.21          0.0082          80.79
  9     11         0.0000        -144.08          0.0000           95.92          0.0000         -24.08
  9     10         0.0718          62.46          0.0718          -57.54          0.0718        -177.54
  4     12         0.1142        -113.11          0.1142          126.89          0.1142           6.89
 12     13         0.0000           0.00          0.0000            0.00          0.0000           0.00
 12     14         0.0076          95.36          0.0076          -24.64          0.0076        -144.64
 12     15         0.0296          85.21          0.0296          -34.79          0.0296        -154.79
 12     16         0.1562          74.34          0.1562          -45.66          0.1562        -165.66
 14     15         0.0076          95.36          0.0076          -24.64          0.0076        -144.64
 16     17         0.1562          74.34          0.1562          -45.66          0.1562        -165.66
 15     18         0.0315          82.22          0.0315          -37.78          0.0315        -157.78
 18     19         0.0315          82.22          0.0315          -37.78          0.0315        -157.78
 19     20         0.0315          82.22          0.0315          -37.78          0.0315        -157.78
 10     20         0.0315         -97.78          0.0315          142.22          0.0315          22.22
 10     17         0.4324          72.61          0.4324          -47.39          0.4324        -167.39
 10     21         0.0414         -97.67          0.0414          142.33          0.0414          22.33
 10     22         0.0271         -97.02          0.0271          142.98          0.0271          22.98
 21     22         0.0414         -97.67          0.0414          142.33          0.0414          22.33
 15     23         0.0063         113.47          0.0063           -6.53          0.0063        -126.53
 22     24         0.0685         -97.42          0.0685          142.58          0.0685          22.58
 23     24         0.0063         113.47          0.0063           -6.53          0.0063        -126.53
 24     25         0.0173         -81.96          0.0173          158.04          0.0173          38.04
 25     26         0.0000         -90.34          0.0000          149.66          0.0000          29.66
 25     27         0.0173         -81.96          0.0173          158.04          0.0173          38.04
 28     27         0.0744        -112.56          0.0744          127.44          0.0744           7.44
 27     29         0.0000        -169.04          0.0000           70.96          0.0000         -49.04
 27     30         0.0000         -61.29          0.0000          178.71          0.0000          58.71
 29     30         0.0000         -58.48          0.0000         -178.48          0.0000          61.52
  8     28         0.0019         126.64          0.0019            6.64          0.0019        -113.36
  6     28         0.0160        -129.10          0.0160          110.90          0.0160          -9.10
 10      0         0.2045        -106.66          0.2045          133.34          0.2045          13.34
 24      0         0.0470        -107.03          0.0470          132.97          0.0470          12.97
