================================================================================= 
=== UFF - Doutorado em Computação - Aplicaçoes em Sistemas de Potencia        === 
=== ESTIMADOR DE ESTADO MÍNIMOS QUADRADOS PONDERADOS INCLUINDO MEDIDAS DE PMU === 
=== Desenvolvido por: Rui Menezes de Moraes - 2009                            === 
================================================================================= 
Arquivo de medidores:          F:\Documents\Uff\Artigos\SimSEP\VERSAO WELDAN V2\Codigos\Med\ieee30_17_1700.med
Arquivo do sistema:            F:\Documents\Uff\Artigos\SimSEP\VERSAO WELDAN V2\Codigos\Carga\ieee30_17_1700.txt
Tolerância entre iteraçoes:     1.00e-04
Limite de iteraçoes:           100

--- DADOS DA REDE --------------------------------------------------------------- 
Data do caso:                  08/20/93
Origem:                        UW ARCHIVE          
MVA base:                      100
Ano:                           1961
Estação:                       W
Identificação:                 IEEE 30 Bus Test Case
Número de barras:              30 
Número de ramos:               41 
Referência na barra:           1

--- TELEMEDIDAS ------------------------------------------------------------------
    Tipo 1 = Fluxo de potencia ativa        Tipo  6 = Módulo da tensão            
    Tipo 2 = Injeção de potencia ativa      Tipo  7 = Corrente de ramo (real)     
    Tipo 3 = Ângulo de fase da tensão       Tipo  8 = Corrente de ramo (imag)     
    Tipo 4 = Fluxo de potencia reativa      Tipo  9 = Injeção de corrente (real)  
    Tipo 5 = Injeção de potencia reativa    Tipo 10 = Injeção de corrente (imag)  
----------------------------------------------------------------------------------
   N    D    P TP  PN ST   Exa   FS       DP      V_Ref      V_Med          E(%) 
----------------------------------------------------------------------------------
   1    0    1  6   0  0 0.015 01.1  0.00530   +1.06000   +1.06682     +0.643396 
   2    0    2  6   0  0 0.015 01.1  0.00522   +1.04500   +1.04374     -0.120574 
   3    0    3  6   0  0 0.015 01.1  0.00505   +1.00913   +1.02183     +1.258510 
   4    0    4  6   0  0 0.015 01.1  0.00498   +0.99686   +1.01148     +1.466605 
   5    0    5  6   0  0 0.015 01.1  0.00494   +0.98860   +1.00143     +1.297795 
   6    0    6  6   0  0 0.015 01.1  0.00495   +0.99013   +0.98899     -0.115136 
   7    0    7  6   0  0 0.015 01.1  0.00490   +0.97941   +0.99130     +1.213996 
   8    0    8  6   0  0 0.015 01.1  0.00494   +0.98744   +0.98408     -0.340274 
   9    0    9  6   0  0 0.015 01.1  0.00515   +1.03105   +1.03424     +0.309393 
  10    0   10  6   0  0 0.015 01.1  0.00509   +1.01862   +1.02047     +0.181618 
  11    0   11  6   0  0 0.015 01.1  0.00539   +1.07740   +1.08858     +1.037683 
  12    0   12  6   0  0 0.015 01.1  0.00521   +1.04239   +1.03566     -0.645632 
  13    0   13  6   0  0 0.015 01.1  0.00536   +1.07100   +1.07625     +0.490196 
  14    0   14  6   0  0 0.015 01.1  0.00511   +1.02252   +1.02565     +0.306106 
  15    0   15  6   0  0 0.015 01.1  0.00508   +1.01569   +1.02046     +0.469631 
  16    0   16  6   0  0 0.015 01.1  0.00511   +1.02274   +1.01691     -0.570037 
  17    0   17  6   0  0 0.015 01.1  0.00507   +1.01362   +1.00850     -0.505120 
  18    0   18  6   0  0 0.015 01.1  0.00501   +1.00146   +0.99209     -0.935634 
  19    0   19  6   0  0 0.015 01.1  0.00498   +0.99698   +0.98503     -1.198620 
  20    0   20  6   0  0 0.015 01.1  0.00501   +1.00137   +0.99496     -0.640123 
  21    0   21  6   0  0 0.015 01.1  0.00502   +1.00311   +0.99874     -0.435645 
  22    0   22  6   0  0 0.015 01.1  0.00502   +1.00381   +1.00489     +0.107590 
  23    0   23  6   0  0 0.015 01.1  0.00500   +0.99998   +1.01470     +1.472029 
  24    0   24  6   0  0 0.015 01.1  0.00495   +0.98967   +0.97566     -1.415623 
  25    0   25  6   0  0 0.015 01.1  0.00493   +0.98549   +0.99169     +0.629129 
  26    0   26  6   0  0 0.015 01.1  0.00481   +0.96304   +0.97475     +1.215941 
  27    0   27  6   0  0 0.015 01.1  0.00497   +0.99377   +1.00468     +1.097840 
  28    0   28  6   0  0 0.015 01.1  0.00492   +0.98444   +0.97319     -1.142782 
  29    0   29  6   0  0 0.015 01.1  0.00484   +0.96855   +0.98178     +1.365959 
  30    0   30  6   0  0 0.015 01.1  0.00477   +0.95397   +0.95228     -0.177154 
  31    0    1  2   0  0 0.020 01.0  0.00293   +0.17970   +0.18630     +3.672788 
  32    0    2  2   0  0 0.020 01.0  0.02329   +3.23400   +3.28501     +1.577304 
  33    0    3  2   0  0 0.020 01.0  0.00193   -0.02900   -0.03067     +5.758621 
  34    0    4  2   0  0 0.020 01.0  0.00217   -0.06500   -0.06330     -2.615385 
  35    0    5  2   0  0 0.020 01.0  0.00939   -1.14900   -1.12845     -1.788512 
  36    0    6  2   0  0 0.020 01.0  0.00173   -0.00000   -0.00499     +0.000000 
  37    0    7  2   0  0 0.020 01.0  0.00359   -0.27800   -0.28711     +3.276978 
  38    0    8  2   0  0 0.020 01.0  0.00417   -0.36600   -0.36909     +0.844262 
  39    0    9  2   0  0 0.020 01.0  0.00173   -0.00000   -0.00365     +0.000000 
  40    0   10  2   0  0 0.020 01.0  0.00260   -0.13000   -0.13727     +5.592308 
  41    0   11  2   0  0 0.020 01.0  0.00173   +0.00000   +0.00294     +0.000000 
  42    0   12  2   0  0 0.020 01.0  0.00265   -0.13700   -0.13974     +2.000000 
  43    0   13  2   0  0 0.020 01.0  0.00173   +0.00000   +0.00330     +0.000000 
  44    0   14  2   0  0 0.020 01.0  0.00224   -0.07600   -0.08039     +5.776316 
  45    0   15  2   0  0 0.020 01.0  0.00240   -0.10000   -0.09746     -2.540000 
  46    0   16  2   0  0 0.020 01.0  0.00202   -0.04300   -0.03845    -10.581395 
  47    0   17  2   0  0 0.020 01.0  0.00247   -0.11000   -0.10619     -3.463636 
  48    0   18  2   0  0 0.020 01.0  0.00199   -0.03900   -0.04223     +8.282051 
  49    0   19  2   0  0 0.020 01.0  0.00251   -0.11600   -0.11812     +1.827586 
  50    0   20  2   0  0 0.020 01.0  0.00191   -0.02700   -0.02857     +5.814815 
  51    0   21  2   0  0 0.020 01.0  0.00315   -0.21300   -0.21740     +2.065728 
  52    0   22  2   0  0 0.020 01.0  0.00173   -0.00000   -0.00169     +0.000000 
  53    0   23  2   0  0 0.020 01.0  0.00199   -0.03900   -0.04394    +12.666667 
  54    0   24  2   0  0 0.020 01.0  0.00244   -0.10600   -0.10671     +0.669811 
  55    0   25  2   0  0 0.020 01.0  0.00173   +0.00000   -0.00047     +0.000000 
  56    0   26  2   0  0 0.020 01.0  0.00202   -0.04300   -0.04871    +13.279070 
  57    0   27  2   0  0 0.020 01.0  0.00173   +0.00000   +0.00143     +0.000000 
  58    0   28  2   0  0 0.020 01.0  0.00173   -0.00000   -0.00458     +0.000000 
  59    0   29  2   0  0 0.020 01.0  0.00193   -0.02900   -0.03282    +13.172414 
  60    0   30  2   0  0 0.020 01.0  0.00259   -0.12900   -0.12613     -2.224806 
  61    0    1  5   0  0 0.020 01.0  0.00543   +0.55410   +0.55588     +0.321242 
  62    0    2  5   0  0 0.020 01.0  0.00294   -0.18069   -0.18939     +4.814876 
  63    0    3  5   0  0 0.020 01.0  0.00183   -0.01500   -0.01733    +15.533333 
  64    0    4  5   0  0 0.020 01.0  0.00183   -0.01400   -0.01535     +9.642857 
  65    0    5  5   0  0 0.020 01.0  0.00285   +0.16800   +0.16195     -3.601190 
  66    0    6  5   0  0 0.020 01.0  0.00173   +0.00000   -0.00442     +0.000000 
  67    0    7  5   0  0 0.020 01.0  0.00262   -0.13300   -0.13362     +0.466165 
  68    0    8  5   0  0 0.020 01.0  0.00196   +0.03401   +0.03248     -4.498677 
  69    0    9  5   0  0 0.020 01.0  0.00173   -0.00000   +0.00338     +0.000000 
  70    0   10  5   0  0 0.020 01.0  0.00203   -0.04500   -0.04454     -1.022222 
  71    0   11  5   0  0 0.020 01.0  0.00333   +0.24005   +0.24640     +2.645282 
  72    0   12  5   0  0 0.020 01.0  0.00235   -0.09200   -0.09256     +0.608696 
  73    0   13  5   0  0 0.020 01.0  0.00319   +0.21889   +0.20959     -4.248709 
  74    0   14  5   0  0 0.020 01.0  0.00187   -0.02000   -0.02554    +27.700000 
  75    0   15  5   0  0 0.020 01.0  0.00193   -0.03000   -0.03387    +12.900000 
  76    0   16  5   0  0 0.020 01.0  0.00188   -0.02200   -0.02351     +6.863636 
  77    0   17  5   0  0 0.020 01.0  0.00221   -0.07100   -0.06811     -4.070423 
  78    0   18  5   0  0 0.020 01.0  0.00181   -0.01100   -0.01469    +33.545455 
  79    0   19  5   0  0 0.020 01.0  0.00201   -0.04100   -0.04366     +6.487805 
  80    0   20  5   0  0 0.020 01.0  0.00179   -0.00900   -0.00744    -17.333333 
  81    0   21  5   0  0 0.020 01.0  0.00265   -0.13700   -0.14038     +2.467153 
  82    0   22  5   0  0 0.020 01.0  0.00173   +0.00000   -0.00185     +0.000000 
  83    0   23  5   0  0 0.020 01.0  0.00187   -0.02000   -0.02386    +19.300000 
  84    0   24  5   0  0 0.020 01.0  0.00228   -0.08200   -0.08354     +1.878049 
  85    0   25  5   0  0 0.020 01.0  0.00173   +0.00000   +0.00412     +0.000000 
  86    0   26  5   0  0 0.020 01.0  0.00192   -0.02800   -0.02353    -15.964286 
  87    0   27  5   0  0 0.020 01.0  0.00173   +0.00000   -0.00111     +0.000000 
  88    0   28  5   0  0 0.020 01.0  0.00173   -0.00000   +0.00182     +0.000000 
  89    0   29  5   0  0 0.020 01.0  0.00181   -0.01100   -0.01369    +24.454545 
  90    0   30  5   0  0 0.020 01.0  0.00189   -0.02300   -0.01791    -22.130435 
  91    1    2  1   0  0 0.020 01.0  0.00439   -0.39844   -0.39515     -0.825720 
  92    1    3  1   0  0 0.020 01.0  0.00559   +0.57813   +0.56831     -1.698580 
  93    2    4  1   0  0 0.020 01.0  0.00699   +0.78867   +0.77230     -2.075646 
  94    3    4  1   0  0 0.020 01.0  0.00530   +0.53424   +0.53633     +0.391210 
  95    2    5  1   0  0 0.020 01.0  0.00907   +1.10081   +1.08852     -1.116451 
  96    2    6  1   0  0 0.020 01.0  0.00800   +0.94040   +0.91981     -2.189494 
  97    4    6  1   0  0 0.020 01.0  0.00622   +0.67316   +0.66041     -1.894052 
  98    5    7  1   0  0 0.020 01.0  0.00241   -0.10148   -0.10800     +6.424911 
  99    6    7  1   0  0 0.020 01.0  0.00430   +0.38468   +0.38934     +1.211396 
 100    6    8  1   0  0 0.020 01.0  0.00415   +0.36242   +0.36943     +1.934220 
 101    6    9  1   0  0 0.020 01.0  0.00420   +0.36948   +0.37722     +2.094836 
 102    6   10  1   0  0 0.020 01.0  0.00313   +0.20997   +0.20555     -2.105063 
 103    9   11  1   0  0 0.020 01.0  0.00173   -0.00000   +0.00412     +0.000000 
 104    9   10  1   0  0 0.020 01.0  0.00420   +0.36948   +0.37220     +0.736170 
 105    4   12  1   0  0 0.020 01.0  0.00539   +0.54799   +0.53229     -2.865016 
 106   12   13  1   0  0 0.020 01.0  0.00173   +0.00000   -0.00162     +0.000000 
 107   12   14  1   0  0 0.020 01.0  0.00239   +0.09785   +0.09833     +0.490547 
 108   12   15  1   0  0 0.020 01.0  0.00321   +0.22162   +0.22409     +1.114520 
 109   12   16  1   0  0 0.020 01.0  0.00234   +0.09151   +0.09076     -0.819583 
 110   14   15  1   0  0 0.020 01.0  0.00187   +0.02063   +0.02412    +16.917111 
 111   16   17  1   0  0 0.020 01.0  0.00205   +0.04747   +0.04310     -9.205814 
 112   15   18  1   0  0 0.020 01.0  0.00224   +0.07657   +0.08296     +8.345305 
 113   18   19  1   0  0 0.020 01.0  0.00198   +0.03687   +0.04084    +10.767562 
 114   19   20  1   0  0 0.020 01.0  0.00226   -0.07923   -0.08140     +2.738862 
 115   10   20  1   0  0 0.020 01.0  0.00245   +0.10763   +0.10934     +1.588776 
 116   10   17  1   0  0 0.020 01.0  0.00215   +0.06287   +0.06033     -4.040083 
 117   10   21  1   0  0 0.020 01.0  0.00299   +0.18859   +0.18122     -3.907948 
 118   10   22  1   0  0 0.020 01.0  0.00234   +0.09035   +0.09066     +0.343110 
 119   21   22  1   0  0 0.020 01.0  0.00191   -0.02612   -0.02239    -14.280245 
 120   15   23  1   0  0 0.020 01.0  0.00215   +0.06193   +0.06533     +5.490069 
 121   22   24  1   0  0 0.020 01.0  0.00216   +0.06343   +0.06922     +9.128173 
 122   23   24  1   0  0 0.020 01.0  0.00188   +0.02233   +0.02045     -8.419167 
 123   24   25  1   0  0 0.020 01.0  0.00187   -0.02104   -0.02228     +5.893536 
 124   25   26  1   0  0 0.020 01.0  0.00202   +0.04372   +0.03947     -9.720952 
 125   25   27  1   0  0 0.020 01.0  0.00217   -0.06496   -0.06713     +3.340517 
 126   28   27  1   0  0 0.020 01.0  0.00325   +0.22795   +0.22899     +0.456240 
 127   27   29  1   0  0 0.020 01.0  0.00224   +0.07565   +0.07633     +0.898876 
 128   27   30  1   0  0 0.020 01.0  0.00231   +0.08685   +0.08214     -5.423143 
 129   29   30  1   0  0 0.020 01.0  0.00203   +0.04528   +0.04060    -10.335689 
 130    8   28  1   0  0 0.020 01.0  0.00177   -0.00521   -0.00628    +20.537428 
 131    6   28  1   0  0 0.020 01.0  0.00329   +0.23413   +0.24068     +2.797591 
 132    1    2  4   0  0 0.020 01.0  0.00432   +0.38741   +0.37925     -2.106296 
 133    1    3  4   0  0 0.020 01.0  0.00284   +0.16669   +0.16671     +0.011998 
 134    2    4  4   0  0 0.020 01.0  0.00213   +0.05942   +0.05464     -8.044429 
 135    3    4  4   0  0 0.020 01.0  0.00267   +0.14096   +0.14681     +4.150114 
 136    2    5  4   0  0 0.020 01.0  0.00255   +0.12262   +0.12670     +3.327353 
 137    2    6  4   0  0 0.020 01.0  0.00217   +0.06615   +0.06699     +1.269841 
 138    4    6  4   0  0 0.020 01.0  0.00191   -0.02641   -0.02768     +4.808785 
 139    5    7  4   0  0 0.020 01.0  0.00247   +0.10999   +0.10984     -0.136376 
 140    6    7  4   0  0 0.020 01.0  0.00175   +0.00209   +0.00615   +194.258373 
 141    6    8  4   0  0 0.020 01.0  0.00201   -0.04148   -0.03659    -11.788814 
 142    6    9  4   0  0 0.020 01.0  0.00225   -0.07714   -0.07716     +0.025927 
 143    6   10  4   0  0 0.020 01.0  0.00185   +0.01767   +0.01800     +1.867572 
 144    9   11  4   0  0 0.020 01.0  0.00327   -0.22973   -0.22170     -3.495408 
 145    9   10  4   0  0 0.020 01.0  0.00256   +0.12367   +0.12488     +0.978410 
 146    4   12  4   0  0 0.020 01.0  0.00272   +0.14827   +0.15277     +3.035004 
 147   12   13  4   0  0 0.020 01.0  0.00315   -0.21305   -0.20999     -1.436283 
 148   12   14  4   0  0 0.020 01.0  0.00196   +0.03465   +0.03430     -1.010101 
 149   12   15  4   0  0 0.020 01.0  0.00242   +0.10263   +0.09857     -3.955958 
 150   12   16  4   0  0 0.020 01.0  0.00213   +0.05991   +0.06122     +2.186613 
 151   14   15  4   0  0 0.020 01.0  0.00181   +0.01212   +0.00868    -28.382838 
 152   16   17  4   0  0 0.020 01.0  0.00197   +0.03572   +0.03215     -9.994401 
 153   15   18  4   0  0 0.020 01.0  0.00193   +0.02898   +0.03316    +14.423741 
 154   18   19  4   0  0 0.020 01.0  0.00184   +0.01656   +0.01242    -25.000000 
 155   19   20  4   0  0 0.020 01.0  0.00190   -0.02465   -0.02299     -6.734280 
 156   10   20  4   0  0 0.020 01.0  0.00198   +0.03673   +0.03598     -2.041928 
 157   10   17  4   0  0 0.020 01.0  0.00198   +0.03635   +0.03769     +3.686382 
 158   10   21  4   0  0 0.020 01.0  0.00256   +0.12393   +0.12758     +2.945211 
 159   10   22  4   0  0 0.020 01.0  0.00211   +0.05713   +0.05463     -4.375985 
 160   21   22  4   0  0 0.020 01.0  0.00185   -0.01675   -0.02181    +30.208955 
 161   15   23  4   0  0 0.020 01.0  0.00206   +0.04850   +0.05264     +8.536082 
 162   22   24  4   0  0 0.020 01.0  0.00199   +0.03871   +0.03715     -4.029966 
 163   23   24  4   0  0 0.020 01.0  0.00192   +0.02729   +0.02914     +6.779040 
 164   24   25  4   0  0 0.020 01.0  0.00190   +0.02480   +0.02930    +18.145161 
 165   25   26  4   0  0 0.020 01.0  0.00193   +0.02908   +0.02647     -8.975241 
 166   25   27  4   0  0 0.020 01.0  0.00176   -0.00464   +0.00063   -113.577586 
 167   28   27  4   0  0 0.020 01.0  0.00220   +0.06980   +0.07421     +6.318052 
 168   27   29  4   0  0 0.020 01.0  0.00187   +0.02120   +0.02448    +15.471698 
 169   27   30  4   0  0 0.020 01.0  0.00187   +0.02129   +0.02306     +8.313762 
 170   29   30  4   0  0 0.020 01.0  0.00178   +0.00761   +0.00807     +6.044678 
 171    8   28  4   0  0 0.020 01.0  0.00176   -0.00436   -0.00556    +27.522936 
 172    6   28  4   0  0 0.020 01.0  0.00189   +0.02335   +0.02700    +15.631692 
 173    2    1  1   0  0 0.020 01.0  0.00443   +0.40412   +0.40665     +0.626052 
 174    3    1  1   0  0 0.020 01.0  0.00549   -0.56324   -0.55397     -1.645835 
 175    4    2  1   0  0 0.020 01.0  0.00677   -0.75588   -0.73606     -2.622109 
 176    4    3  1   0  0 0.020 01.0  0.00527   -0.53027   -0.52115     -1.719879 
 177    5    2  1   0  0 0.020 01.0  0.00872   -1.04752   -1.02906     -1.762258 
 178    6    2  1   0  0 0.020 01.0  0.00769   -0.89295   -0.89361     +0.073912 
 179    6    4  1   0  0 0.020 01.0  0.00619   -0.66772   -0.65386     -2.075720 
 180    7    5  1   0  0 0.020 01.0  0.00242   +0.10264   +0.10023     -2.348012 
 181    7    6  1   0  0 0.020 01.0  0.00427   -0.38064   -0.38820     +1.986129 
 182    8    6  1   0  0 0.020 01.0  0.00414   -0.36080   -0.36094     +0.038803 
 183    9    6  1   0  0 0.020 01.0  0.00420   -0.36948   -0.38128     +3.193678 
 184   10    6  1   0  0 0.020 01.0  0.00313   -0.20997   -0.20381     -2.933752 
 185   11    9  1   0  0 0.020 01.0  0.00173   +0.00000   -0.00245     +0.000000 
 186   10    9  1   0  0 0.020 01.0  0.00420   -0.36948   -0.36501     -1.209808 
 187   12    4  1   0  0 0.020 01.0  0.00539   -0.54799   -0.53849     -1.733608 
 188   13   12  1   0  0 0.020 01.0  0.00173   -0.00000   +0.00189     +0.000000 
 189   14   12  1   0  0 0.020 01.0  0.00238   -0.09663   -0.09448     -2.224982 
 190   15   12  1   0  0 0.020 01.0  0.00319   -0.21799   -0.22301     +2.302858 
 191   16   12  1   0  0 0.020 01.0  0.00234   -0.09047   -0.09079     +0.353708 
 192   15   14  1   0  0 0.020 01.0  0.00187   -0.02051   -0.01561    -23.890785 
 193   17   16  1   0  0 0.020 01.0  0.00205   -0.04730   -0.05048     +6.723044 
 194   18   15  1   0  0 0.020 01.0  0.00224   -0.07587   -0.07978     +5.153552 
 195   19   18  1   0  0 0.020 01.0  0.00198   -0.03677   -0.03947     +7.342943 
 196   20   19  1   0  0 0.020 01.0  0.00226   +0.07947   +0.08321     +4.706178 
 197   20   10  1   0  0 0.020 01.0  0.00244   -0.10647   -0.10894     +2.319902 
 198   17   10  1   0  0 0.020 01.0  0.00215   -0.06270   -0.06137     -2.121212 
 199   21   10  1   0  0 0.020 01.0  0.00298   -0.18688   -0.19253     +3.023330 
 200   22   10  1   0  0 0.020 01.0  0.00233   -0.08955   -0.09532     +6.443328 
 201   22   21  1   0  0 0.020 01.0  0.00191   +0.02613   +0.02394     -8.381171 
 202   23   15  1   0  0 0.020 01.0  0.00214   -0.06133   -0.06479     +5.641611 
 203   24   22  1   0  0 0.020 01.0  0.00215   -0.06280   -0.05751     -8.423567 
 204   24   23  1   0  0 0.020 01.0  0.00188   -0.02217   -0.01723    -22.282364 
 205   25   24  1   0  0 0.020 01.0  0.00187   +0.02124   +0.01598    -24.764595 
 206   26   25  1   0  0 0.020 01.0  0.00202   -0.04300   -0.04186     -2.651163 
 207   27   25  1   0  0 0.020 01.0  0.00217   +0.06544   +0.05950     -9.077017 
 208   27   28  1   0  0 0.020 01.0  0.00325   -0.22795   -0.22941     +0.640491 
 209   29   27  1   0  0 0.020 01.0  0.00223   -0.07428   -0.07399     -0.390415 
 210   30   27  1   0  0 0.020 01.0  0.00230   -0.08426   -0.07957     -5.566105 
 211   30   29  1   0  0 0.020 01.0  0.00203   -0.04474   -0.04321     -3.419759 
 212   28    8  1   0  0 0.020 01.0  0.00177   +0.00523   +0.00263    -49.713193 
 213   28    6  1   0  0 0.020 01.0  0.00329   -0.23317   -0.22519     -3.422396 
 214    2    1  4   0  0 0.020 01.0  0.00459   -0.42887   -0.42151     -1.716138 
 215    3    1  4   0  0 0.020 01.0  0.00277   -0.15596   -0.15492     -0.666838 
 216    4    2  4   0  0 0.020 01.0  0.00175   +0.00215   +0.00631   +193.488372 
 217    4    3  4   0  0 0.020 01.0  0.00265   -0.13801   -0.14011     +1.521629 
 218    5    2  4   0  0 0.020 01.0  0.00212   +0.05802   +0.05595     -3.567735 
 219    6    2  4   0  0 0.020 01.0  0.00199   +0.03908   +0.04050     +3.633572 
 220    6    4  4   0  0 0.020 01.0  0.00198   +0.03643   +0.03153    -13.450453 
 221    7    5  4   0  0 0.020 01.0  0.00258   -0.12681   -0.12873     +1.514076 
 222    7    6  4   0  0 0.020 01.0  0.00178   -0.00619   -0.00952    +53.796446 
 223    8    6  4   0  0 0.020 01.0  0.00199   +0.03836   +0.04207     +9.671533 
 224    9    6  4   0  0 0.020 01.0  0.00244   +0.10605   +0.10932     +3.083451 
 225   10    6  4   0  0 0.020 01.0  0.00177   +0.00597   +0.00783    +31.155779 
 226   11    9  4   0  0 0.020 01.0  0.00333   +0.24005   +0.24833     +3.449281 
 227   10    9  4   0  0 0.020 01.0  0.00245   -0.10797   -0.10324     -4.380847 
 228   12    4  4   0  0 0.020 01.0  0.00224   -0.07615   -0.07550     -0.853578 
 229   13   12  4   0  0 0.020 01.0  0.00319   +0.21889   +0.20961     -4.239572 
 230   14   12  4   0  0 0.020 01.0  0.00195   -0.03212   -0.03685    +14.726027 
 231   15   12  4   0  0 0.020 01.0  0.00237   -0.09547   -0.09527     -0.209490 
 232   16   12  4   0  0 0.020 01.0  0.00212   -0.05772   -0.05197     -9.961885 
 233   15   14  4   0  0 0.020 01.0  0.00181   -0.01201   -0.00827    -31.140716 
 234   17   16  4   0  0 0.020 01.0  0.00197   -0.03508   -0.02994    -14.652223 
 235   18   15  4   0  0 0.020 01.0  0.00192   -0.02756   -0.02211    -19.775036 
 236   19   18  4   0  0 0.020 01.0  0.00184   -0.01635   -0.01776     +8.623853 
 237   20   19  4   0  0 0.020 01.0  0.00190   +0.02512   +0.02308     -8.121019 
 238   20   10  4   0  0 0.020 01.0  0.00196   -0.03412   -0.03079     -9.759672 
 239   17   10  4   0  0 0.020 01.0  0.00197   -0.03592   -0.03933     +9.493318 
 240   21   10  4   0  0 0.020 01.0  0.00253   -0.12025   -0.11327     -5.804574 
 241   22   10  4   0  0 0.020 01.0  0.00210   -0.05548   -0.05005     -9.787311 
 242   22   21  4   0  0 0.020 01.0  0.00185   +0.01677   +0.01528     -8.884914 
 243   23   15  4   0  0 0.020 01.0  0.00205   -0.04729   -0.04920     +4.038909 
 244   24   22  4   0  0 0.020 01.0  0.00198   -0.03773   -0.03543     -6.095945 
 245   24   23  4   0  0 0.020 01.0  0.00191   -0.02696   -0.02447     -9.235905 
 246   25   24  4   0  0 0.020 01.0  0.00190   -0.02444   -0.02102    -13.993453 
 247   26   25  4   0  0 0.020 01.0  0.00192   -0.02800   -0.02692     -3.857143 
 248   27   25  4   0  0 0.020 01.0  0.00177   +0.00555   +0.00127    -77.117117 
 249   27   28  4   0  0 0.020 01.0  0.00205   -0.04804   -0.04731     -1.519567 
 250   29   27  4   0  0 0.020 01.0  0.00186   -0.01861   -0.02370    +27.350887 
 251   30   27  4   0  0 0.020 01.0  0.00184   -0.01641   -0.01356    -17.367459 
 252   30   29  4   0  0 0.020 01.0  0.00178   -0.00659   -0.00489    -25.796662 
 253   28    8  4   0  0 0.020 01.0  0.00198   -0.03719   -0.03600     -3.199785 
 254   28    6  4   0  0 0.020 01.0  0.00195   -0.03262   -0.03581     +9.779277 
----------------------------------------------------------------------------------
Número de medidores SCADA:     254
Número de PMUs:                0
Número de medidas das PMUs:    0
----------------------------------------------------------------------------------

Não há medidas de ângulo.
Não há medidores desabilitados.
============================== Estado Estimado ===================================
                 Barra     Mod(pu)    Ang(graus)              
----------------------------------------------------------------------------------
                    1            1.0616              0.00        
                    2            1.0466              1.59        
                    3            1.0111             -4.63        
                    4            0.9988             -5.66        
                    5            0.9903            -10.13        
                    6            0.9921             -7.29        
                    7            0.9811             -9.13        
                    8            0.9894             -8.20        
                    9            1.0336            -11.49        
                   10            1.0211            -13.68        
                   11            1.0801            -11.49        
                   12            1.0441            -12.80        
                   13            1.0719            -12.78        
                   14            1.0239            -13.91        
                   15            1.0177            -14.01        
                   16            1.0248            -13.46        
                   17            1.0162            -13.89        
                   18            1.0035            -14.82        
                   19            0.9992            -15.05        
                   20            1.0038            -14.78        
                   21            1.0057            -14.23        
                   22            1.0064            -14.21        
                   23            1.0018            -14.47        
                   24            0.9924            -14.60        
                   25            0.9885            -13.94        
                   26            0.9673            -14.53        
                   27            0.9957            -13.15        
                   28            0.9864             -8.08        
                   29            0.9693            -14.72        
                   30            0.9565            -15.82        
----------------------------------------------------------------------------------
Convergiu em:    2 iteraçoes. 
----------------------------------------------------------------------------------
--- RESIDUOS NORMALIZADOS --------------------------------------------------------
   N    D    P  TP      Real     Medido   Estimado      Med-Est        rn 
----------------------------------------------------------------------------------
  32    0    2  2    +3.2340    +3.2850    +3.2236  +6.1439e-02      0.465 
  36    0    6  2    -0.0000    -0.0050    +0.0006  -5.6256e-03      0.348 
  24    0   24  6    +0.9897    +0.9757    +0.9924  -1.6695e-02      0.242 
  98    5    7  1    -0.1015    -0.1080    -0.0989  -9.1113e-03      0.221 
  31    0    1  2    +0.1797    +0.1863    +0.1782  +8.0774e-03      0.219 
 175    4    2  1    -0.7559    -0.7361    -0.7535  +1.7433e-02      0.218 
  40    0   10  2    -0.1300    -0.1373    -0.1312  -6.0824e-03      0.208 
  19    0   19  6    +0.9970    +0.9850    +0.9992  -1.4211e-02      0.205 
  96    2    6  1    +0.9404    +0.9198    +0.9375  -1.7660e-02      0.204 
  75    0   15  5    -0.0300    -0.0339    -0.0283  -5.5338e-03      0.200 
 183    9    6  1    -0.3695    -0.3813    -0.3693  -1.2001e-02      0.199 
 144    9   11  4    -0.2297    -0.2217    -0.2313  +9.5924e-03      0.192 
  28    0   28  6    +0.9844    +0.9732    +0.9864  -1.3183e-02      0.191 
  23    0   23  6    +1.0000    +1.0147    +1.0018  +1.2876e-02      0.186 
  29    0   29  6    +0.9686    +0.9818    +0.9693  +1.2437e-02      0.185 
 179    6    4  1    -0.6677    -0.6539    -0.6671  +1.3260e-02      0.183 
   4    0    4  6    +0.9969    +1.0115    +0.9988  +1.2649e-02      0.182 
  93    2    4  1    +0.7887    +0.7723    +0.7860  -1.3656e-02      0.169 
  97    4    6  1    +0.6732    +0.6604    +0.6725  -1.2110e-02      0.167 
  18    0   18  6    +1.0015    +0.9921    +1.0035  -1.1445e-02      0.165 
  35    0    5  2    -1.1490    -1.1284    -1.1426  +1.4119e-02      0.164 
 177    5    2  1    -1.0475    -1.0291    -1.0437  +1.4620e-02      0.163 
   5    0    5  6    +0.9886    +1.0014    +0.9903  +1.1147e-02      0.161 
  58    0   28  2    -0.0000    -0.0046    -0.0005  -4.0981e-03      0.161 
 105    4   12  1    +0.5480    +0.5323    +0.5431  -1.0820e-02      0.157 
  62    0    2  5    -0.1807    -0.1894    -0.1840  -5.4176e-03      0.155 
 100    6    8  1    +0.3624    +0.3694    +0.3607  +8.6983e-03      0.155 
  56    0   26  2    -0.0430    -0.0487    -0.0427  -5.9688e-03      0.155 
   3    0    3  6    +1.0091    +1.0218    +1.0111  +1.0740e-02      0.154 
 153   15   18  4    +0.0290    +0.0332    +0.0271  +6.0403e-03      0.153 
 240   21   10  4    -0.1202    -0.1133    -0.1201  +6.8219e-03      0.149 
  63    0    3  5    -0.0150    -0.0173    -0.0128  -4.5675e-03      0.149 
  51    0   21  2    -0.2130    -0.2174    -0.2107  -6.6907e-03      0.148 
   7    0    7  6    +0.9794    +0.9913    +0.9811  +1.0177e-02      0.148 
 131    6   28  1    +0.2341    +0.2407    +0.2332  +7.5067e-03      0.144 
 132    1    2  4    +0.3874    +0.3792    +0.3875  -8.2782e-03      0.142 
 111   16   17  1    +0.0475    +0.0431    +0.0489  -5.7590e-03      0.141 
 207   27   25  1    +0.0654    +0.0595    +0.0653  -5.7519e-03      0.140 
 164   24   25  4    +0.0248    +0.0293    +0.0238  +5.4700e-03      0.139 
 121   22   24  1    +0.0634    +0.0692    +0.0635  +5.7542e-03      0.139 
  42    0   12  2    -0.1370    -0.1397    -0.1355  -4.1974e-03      0.137 
 213   28    6  1    -0.2332    -0.2252    -0.2322  +7.0343e-03      0.135 
 226   11    9  4    +0.2401    +0.2483    +0.2417  +6.6216e-03      0.135 
 205   25   24  1    +0.0212    +0.0160    +0.0212  -5.1759e-03      0.134 
 199   21   10  1    -0.1869    -0.1925    -0.1859  -6.6088e-03      0.134 
 101    6    9  1    +0.3695    +0.3772    +0.3693  +7.9410e-03      0.132 
  27    0   27  6    +0.9938    +1.0047    +0.9957  +8.9883e-03      0.130 
 117   10   21  1    +0.1886    +0.1812    +0.1876  -6.3867e-03      0.129 
 200   22   10  1    -0.0896    -0.0953    -0.0893  -6.0307e-03      0.129 
 203   24   22  1    -0.0628    -0.0575    -0.0628  +5.3306e-03      0.128 
  20    0   20  6    +1.0014    +0.9950    +1.0038  -8.7903e-03      0.127 
 214    2    1  4    -0.4289    -0.4215    -0.4292  +7.7186e-03      0.126 
  37    0    7  2    -0.2780    -0.2871    -0.2815  -5.5768e-03      0.124 
  12    0   12  6    +1.0424    +1.0357    +1.0441  -8.4644e-03      0.119 
 227   10    9  4    -0.1080    -0.1032    -0.1084  +5.1717e-03      0.119 
 161   15   23  4    +0.0485    +0.0526    +0.0478  +4.8069e-03      0.117 
  11    0   11  6    +1.0774    +1.0886    +1.0801  +8.4567e-03      0.117 
 181    7    6  1    -0.3806    -0.3882    -0.3815  -6.6588e-03      0.117 
 241   22   10  4    -0.0555    -0.0500    -0.0552  +5.1804e-03      0.116 
  78    0   18  5    -0.0110    -0.0147    -0.0110  -3.6681e-03      0.115 
 141    6    8  4    -0.0415    -0.0366    -0.0410  +4.4011e-03      0.113 
  16    0   16  6    +1.0227    +1.0169    +1.0248  -7.9349e-03      0.113 
  79    0   19  5    -0.0410    -0.0437    -0.0398  -3.9092e-03      0.113 
  26    0   26  6    +0.9630    +0.9748    +0.9673  +7.4751e-03      0.112 
 223    8    6  4    +0.0384    +0.0421    +0.0378  +4.3025e-03      0.112 
  92    1    3  1    +0.5781    +0.5683    +0.5763  -8.0047e-03      0.111 
 232   16   12  4    -0.0577    -0.0520    -0.0566  +4.6644e-03      0.111 
  17    0   17  6    +1.0136    +1.0085    +1.0162  -7.7044e-03      0.110 
 192   15   14  1    -0.0205    -0.0156    -0.0200  +4.3890e-03      0.109 
 160   21   22  4    -0.0168    -0.0218    -0.0178  -3.9762e-03      0.107 
  44    0   14  2    -0.0760    -0.0804    -0.0766  -3.8298e-03      0.107 
 174    3    1  1    -0.5632    -0.5540    -0.5616  +7.6045e-03      0.106 
 103    9   11  1    -0.0000    +0.0041    +0.0004  +3.7072e-03      0.106 
 124   25   26  1    +0.0437    +0.0395    +0.0434  -3.9416e-03      0.103 
 184   10    6  1    -0.2100    -0.2038    -0.2095  +5.6493e-03      0.103 
 163   23   24  4    +0.0273    +0.0291    +0.0251  +4.0852e-03      0.101 
  90    0   30  5    -0.0230    -0.0179    -0.0213  +3.4095e-03      0.101 
  82    0   22  5    +0.0000    -0.0019    +0.0011  -2.9279e-03      0.101 
  21    0   21  6    +1.0031    +0.9987    +1.0057  -6.9780e-03      0.100 
  64    0    4  5    -0.0140    -0.0154    -0.0127  -2.6178e-03      0.100 
 110   14   15  1    +0.0206    +0.0241    +0.0201  +4.0157e-03      0.100 
 167   28   27  4    +0.0698    +0.0742    +0.0700  +4.2456e-03      0.100 
 135    3    4  4    +0.1410    +0.1468    +0.1423  +4.4901e-03      0.098 
 216    4    2  4    +0.0022    +0.0063    +0.0024  +3.8630e-03      0.097 
  41    0   11  2    +0.0000    +0.0029    -0.0004  +3.3528e-03      0.096 
  71    0   11  5    +0.2401    +0.2464    +0.2417  +4.6916e-03      0.095 
 198   17   10  1    -0.0627    -0.0614    -0.0577  -3.7036e-03      0.094 
  39    0    9  2    -0.0000    -0.0037    -0.0015  -2.1900e-03      0.093 
  38    0    8  2    -0.3660    -0.3691    -0.3643  -4.8200e-03      0.092 
  45    0   15  2    -0.1000    -0.0975    -0.0946  -2.8915e-03      0.092 
 136    2    5  4    +0.1226    +0.1267    +0.1224  +4.3392e-03      0.092 
 236   19   18  4    -0.0163    -0.0178    -0.0144  -3.3679e-03      0.089 
 235   18   15  4    -0.0276    -0.0221    -0.0256  +3.5168e-03      0.089 
 172    6   28  4    +0.0233    +0.0270    +0.0236  +3.3663e-03      0.088 
  94    3    4  1    +0.5342    +0.5363    +0.5304  +5.9070e-03      0.088 
  95    2    5  1    +1.1008    +1.0885    +1.0964  -7.8667e-03      0.087 
 220    6    4  4    +0.0364    +0.0315    +0.0348  -3.2829e-03      0.085 
  72    0   12  5    -0.0920    -0.0926    -0.0901  -2.4619e-03      0.085 
 158   10   21  4    +0.1239    +0.1276    +0.1237  +3.8604e-03      0.084 
  66    0    6  5    +0.0000    -0.0044    -0.0026  -1.8146e-03      0.084 
 204   24   23  1    -0.0222    -0.0172    -0.0205  +3.2631e-03      0.082 
 104    9   10  1    +0.3695    +0.3722    +0.3674  +4.7937e-03      0.082 
 176    4    3  1    -0.5303    -0.5212    -0.5265  +5.3627e-03      0.080 
  84    0   24  5    -0.0820    -0.0835    -0.0808  -2.7739e-03      0.080 
 112   15   18  1    +0.0766    +0.0830    +0.0796  +3.3355e-03      0.078 
 230   14   12  4    -0.0321    -0.0369    -0.0337  -3.1855e-03      0.077 
 238   20   10  4    -0.0341    -0.0308    -0.0338  +3.0329e-03      0.077 
 251   30   27  4    -0.0164    -0.0136    -0.0167  +3.1154e-03      0.077 
 190   15   12  1    -0.2180    -0.2230    -0.2190  -4.0218e-03      0.077 
   8    0    8  6    +0.9874    +0.9841    +0.9894  -5.2943e-03      0.077 
 134    2    4  4    +0.0594    +0.0546    +0.0580  -3.3262e-03      0.075 
  83    0   23  5    -0.0200    -0.0239    -0.0215  -2.3469e-03      0.074 
 237   20   19  4    +0.0251    +0.0231    +0.0259  -2.7748e-03      0.073 
 228   12    4  4    -0.0761    -0.0755    -0.0786  +3.1263e-03      0.073 
  69    0    9  5    -0.0000    +0.0034    +0.0015  +1.8481e-03      0.073 
   1    0    1  6    +1.0600    +1.0668    +1.0616  +5.2251e-03      0.073 
 138    4    6  4    -0.0264    -0.0277    -0.0249  -2.7345e-03      0.073 
  88    0   28  5    -0.0000    +0.0018    -0.0003  +2.0997e-03      0.072 
 254   28    6  4    -0.0326    -0.0358    -0.0330  -2.8189e-03      0.072 
 113   18   19  1    +0.0369    +0.0408    +0.0380  +2.8099e-03      0.072 
 146    4   12  4    +0.1483    +0.1528    +0.1493  +3.4273e-03      0.072 
 102    6   10  1    +0.2100    +0.2056    +0.2095  -3.9093e-03      0.071 
 242   22   21  4    +0.0168    +0.0153    +0.0179  -2.5755e-03      0.069 
 250   29   27  4    -0.0186    -0.0237    -0.0210  -2.6517e-03      0.068 
 142    6    9  4    -0.0771    -0.0772    -0.0801  +2.9108e-03      0.068 
 187   12    4  1    -0.5480    -0.5385    -0.5431  +4.6202e-03      0.067 
  54    0   24  2    -0.1060    -0.1067    -0.1043  -2.4133e-03      0.067 
 210   30   27  1    -0.0843    -0.0796    -0.0826  +3.0180e-03      0.067 
  87    0   27  5    +0.0000    -0.0011    -0.0029  +1.7482e-03      0.067 
  99    6    7  1    +0.3847    +0.3893    +0.3856  +3.7609e-03      0.066 
 221    7    5  4    -0.1268    -0.1287    -0.1257  -3.0517e-03      0.066 
  73    0   13  5    +0.2189    +0.2096    +0.2127  -3.1225e-03      0.066 
 170   29   30  4    +0.0076    +0.0081    +0.0055  +2.5451e-03      0.065 
 229   13   12  4    +0.2189    +0.2096    +0.2127  -3.1025e-03      0.065 
 128   27   30  1    +0.0868    +0.0821    +0.0851  -2.9328e-03      0.065 
 243   23   15  4    -0.0473    -0.0492    -0.0466  -2.6321e-03      0.064 
 116   10   17  1    +0.0629    +0.0603    +0.0578  +2.5159e-03      0.064 
 119   21   22  1    -0.0261    -0.0224    -0.0248  +2.3981e-03      0.064 
  30    0   30  6    +0.9540    +0.9523    +0.9565  -4.1705e-03      0.063 
 155   19   20  4    -0.0246    -0.0230    -0.0254  +2.3687e-03      0.063 
 246   25   24  4    -0.0244    -0.0210    -0.0235  +2.4732e-03      0.063 
 212   28    8  1    +0.0052    +0.0026    +0.0052  -2.5305e-03      0.062 
  57    0   27  2    +0.0000    +0.0014    -0.0001  +1.4897e-03      0.061 
  13    0   13  6    +1.0710    +1.0762    +1.0719  +4.3437e-03      0.060 
  81    0   21  5    -0.1370    -0.1404    -0.1379  -2.4543e-03      0.060 
  46    0   16  2    -0.0430    -0.0384    -0.0404  +1.9357e-03      0.059 
 150   12   16  4    +0.0599    +0.0612    +0.0587  +2.4720e-03      0.059 
 185   11    9  1    +0.0000    -0.0024    -0.0004  -2.0372e-03      0.058 
  65    0    5  5    +0.1680    +0.1620    +0.1644  -2.4155e-03      0.058 
 147   12   13  4    -0.2130    -0.2100    -0.2072  -2.7919e-03      0.058 
 154   18   19  4    +0.0166    +0.0124    +0.0146  -2.1850e-03      0.058 
 234   17   16  4    -0.0351    -0.0299    -0.0322  +2.3068e-03      0.057 
 125   25   27  1    -0.0650    -0.0671    -0.0648  -2.3475e-03      0.057 
 239   17   10  4    -0.0359    -0.0393    -0.0372  -2.1503e-03      0.057 
  89    0   29  5    -0.0110    -0.0137    -0.0155  +1.8334e-03      0.056 
 208   27   28  1    -0.2280    -0.2294    -0.2266  -2.8281e-03      0.054 
  61    0    1  5    +0.5541    +0.5559    +0.5526  +3.2415e-03      0.054 
 244   24   22  4    -0.0377    -0.0354    -0.0375  +2.0496e-03      0.051 
  74    0   14  5    -0.0200    -0.0255    -0.0239  -1.6452e-03      0.051 
  91    1    2  1    -0.3984    -0.3952    -0.3981  +2.9421e-03      0.050 
 159   10   22  4    +0.0571    +0.0546    +0.0569  -2.2317e-03      0.050 
 173    2    1  1    +0.4041    +0.4067    +0.4038  +2.8916e-03      0.049 
 149   12   15  4    +0.1026    +0.0986    +0.1008  -2.1863e-03      0.049 
 189   14   12  1    -0.0966    -0.0945    -0.0967  +2.1845e-03      0.048 
  34    0    4  2    -0.0650    -0.0633    -0.0644  +1.0763e-03      0.047 
 148   12   14  4    +0.0347    +0.0343    +0.0362  -1.9220e-03      0.047 
  86    0   26  5    -0.0280    -0.0235    -0.0253  +1.7476e-03      0.047 
  25    0   25  6    +0.9855    +0.9917    +0.9885  +3.1913e-03      0.046 
 137    2    6  4    +0.0662    +0.0670    +0.0649  +2.0607e-03      0.046 
 126   28   27  1    +0.2280    +0.2290    +0.2266  +2.4081e-03      0.046 
 106   12   13  1    +0.0000    -0.0016    -0.0032  +1.5709e-03      0.045 
   6    0    6  6    +0.9901    +0.9890    +0.9921  -3.0750e-03      0.044 
 140    6    7  4    +0.0021    +0.0062    +0.0046  +1.5530e-03      0.044 
 193   17   16  1    -0.0473    -0.0505    -0.0487  -1.7940e-03      0.044 
 247   26   25  4    -0.0280    -0.0269    -0.0253  -1.6424e-03      0.044 
 129   29   30  1    +0.0453    +0.0406    +0.0424  -1.7715e-03      0.043 
  50    0   20  2    -0.0270    -0.0286    -0.0272  -1.3466e-03      0.043 
 169   27   30  4    +0.0213    +0.0231    +0.0214  +1.7077e-03      0.042 
  48    0   18  2    -0.0390    -0.0422    -0.0409  -1.3687e-03      0.041 
 186   10    9  1    -0.3695    -0.3650    -0.3674  +2.3963e-03      0.041 
  15    0   15  6    +1.0157    +1.0205    +1.0177  +2.8079e-03      0.040 
   2    0    2  6    +1.0450    +1.0437    +1.0466  -2.8581e-03      0.040 
  60    0   30  2    -0.1290    -0.1261    -0.1245  -1.6367e-03      0.040 
 219    6    2  4    +0.0391    +0.0405    +0.0388  +1.6916e-03      0.040 
 195   19   18  1    -0.0368    -0.0395    -0.0379  -1.5452e-03      0.040 
 188   13   12  1    -0.0000    +0.0019    +0.0032  -1.3009e-03      0.038 
 231   15   12  4    -0.0955    -0.0953    -0.0936  -1.6555e-03      0.037 
 178    6    2  1    -0.8930    -0.8936    -0.8905  -3.1428e-03      0.037 
  85    0   25  5    +0.0000    +0.0041    +0.0031  +1.0287e-03      0.037 
  77    0   17  5    -0.0710    -0.0681    -0.0694  +1.3165e-03      0.036 
 196   20   19  1    +0.0795    +0.0832    +0.0817  +1.4659e-03      0.035 
 233   15   14  4    -0.0120    -0.0083    -0.0097  +1.4045e-03      0.035 
 191   16   12  1    -0.0905    -0.0908    -0.0892  -1.5452e-03      0.035 
 123   24   25  1    -0.0210    -0.0223    -0.0210  -1.3169e-03      0.034 
 143    6   10  4    +0.0177    +0.0180    +0.0166  +1.3955e-03      0.033 
  49    0   19  2    -0.1160    -0.1181    -0.1194  +1.3008e-03      0.033 
 162   22   24  4    +0.0387    +0.0372    +0.0385  -1.3027e-03      0.033 
 182    8    6  1    -0.3608    -0.3609    -0.3591  -1.8112e-03      0.032 
 133    1    3  4    +0.1667    +0.1667    +0.1651  +1.5997e-03      0.032 
 211   30   29  1    -0.0447    -0.0432    -0.0419  -1.3047e-03      0.031 
 249   27   28  4    -0.0480    -0.0473    -0.0485  +1.2075e-03      0.029 
 253   28    8  4    -0.0372    -0.0360    -0.0373  +1.2531e-03      0.029 
 108   12   15  1    +0.2216    +0.2241    +0.2226  +1.4761e-03      0.028 
 130    8   28  1    -0.0052    -0.0063    -0.0051  -1.1389e-03      0.028 
 151   14   15  4    +0.0121    +0.0087    +0.0098  -1.0897e-03      0.027 
 171    8   28  4    -0.0044    -0.0056    -0.0045  -1.1057e-03      0.027 
 139    5    7  4    +0.1100    +0.1098    +0.1087  +1.1601e-03      0.026 
  14    0   14  6    +1.0225    +1.0256    +1.0239  +1.7547e-03      0.025 
 225   10    6  4    +0.0060    +0.0078    +0.0068  +1.0158e-03      0.025 
  68    0    8  5    +0.0340    +0.0325    +0.0333  -8.3319e-04      0.024 
  52    0   22  2    -0.0000    -0.0017    -0.0010  -6.6529e-04      0.023 
 206   26   25  1    -0.0430    -0.0419    -0.0427  +8.8117e-04      0.023 
 201   22   21  1    +0.0261    +0.0239    +0.0248  -8.5878e-04      0.023 
 145    9   10  4    +0.1237    +0.1249    +0.1239  +9.8831e-04      0.022 
  22    0   22  6    +1.0038    +1.0049    +1.0064  -1.5324e-03      0.022 
 222    7    6  4    -0.0062    -0.0095    -0.0087  -7.7606e-04      0.022 
 194   18   15  1    -0.0759    -0.0798    -0.0789  -8.8856e-04      0.021 
  67    0    7  5    -0.1330    -0.1336    -0.1344  +8.0222e-04      0.020 
  70    0   10  5    -0.0450    -0.0445    -0.0450  +5.0639e-04      0.020 
 168   27   29  4    +0.0212    +0.0245    +0.0237  +7.6394e-04      0.019 
 115   10   20  1    +0.1076    +0.1093    +0.1102  -8.3684e-04      0.019 
 248   27   25  4    +0.0056    +0.0013    +0.0006  +6.7910e-04      0.018 
 209   29   27  1    -0.0743    -0.0740    -0.0748  +7.9547e-04      0.018 
 152   16   17  4    +0.0357    +0.0321    +0.0329  -7.3183e-04      0.018 
  33    0    3  2    -0.0290    -0.0307    -0.0312  +4.8148e-04      0.018 
  80    0   20  5    -0.0090    -0.0074    -0.0080  +5.2814e-04      0.017 
 202   23   15  1    -0.0613    -0.0648    -0.0642  -6.2220e-04      0.015 
 156   10   20  4    +0.0367    +0.0360    +0.0365  -5.4340e-04      0.014 
 120   15   23  1    +0.0619    +0.0653    +0.0648  +5.3588e-04      0.013 
  59    0   29  2    -0.0290    -0.0328    -0.0324  -4.0603e-04      0.012 
 118   10   22  1    +0.0903    +0.0907    +0.0901  +5.7953e-04      0.012 
  53    0   23  2    -0.0390    -0.0439    -0.0435  -4.0380e-04      0.012 
 217    4    3  4    -0.1380    -0.1401    -0.1396  -5.3365e-04      0.012 
 109   12   16  1    +0.0915    +0.0908    +0.0902  +5.1005e-04      0.012 
  10    0   10  6    +1.0186    +1.0205    +1.0211  -6.7097e-04      0.010 
 107   12   14  1    +0.0979    +0.0983    +0.0979  +4.3528e-04      0.010 
   9    0    9  6    +1.0311    +1.0342    +1.0336  +6.6260e-04      0.009 
  55    0   25  2    +0.0000    -0.0005    -0.0002  -2.5504e-04      0.009 
 166   25   27  4    -0.0046    +0.0006    +0.0003  +3.2451e-04      0.009 
 224    9    6  4    +0.1061    +0.1093    +0.1089  +3.8740e-04      0.009 
  76    0   16  5    -0.0220    -0.0235    -0.0238  +2.4262e-04      0.008 
 245   24   23  4    -0.0270    -0.0245    -0.0248  +3.0141e-04      0.007 
 252   30   29  4    -0.0066    -0.0049    -0.0046  -2.4592e-04      0.006 
 218    5    2  4    +0.0580    +0.0559    +0.0557  +2.6436e-04      0.006 
 180    7    5  1    +0.1026    +0.1002    +0.1000  +2.2192e-04      0.005 
 165   25   26  4    +0.0291    +0.0265    +0.0263  +1.9097e-04      0.005 
 122   23   24  1    +0.0223    +0.0204    +0.0206  -1.8160e-04      0.005 
  47    0   17  2    -0.1100    -0.1062    -0.1064  +1.6232e-04      0.004 
 157   10   17  4    +0.0364    +0.0377    +0.0376  +1.2505e-04      0.003 
 215    3    1  4    -0.1560    -0.1549    -0.1551  +1.6236e-04      0.003 
  43    0   13  2    +0.0000    +0.0033    +0.0032  +1.0909e-04      0.003 
 127   27   29  1    +0.0756    +0.0763    +0.0762  +1.3259e-04      0.003 
 114   19   20  1    -0.0792    -0.0814    -0.0815  +9.6025e-05      0.002 
 197   20   10  1    -0.1065    -0.1089    -0.1090  +2.7448e-05      0.001 
----------------------------------------------------------------------------------
Não foram identificados erros grosseiros.
Não foram identificadas medidas críticas.
Possíveis conjuntos críticos:
Conjunto 1: 55 9
Conjunto 2: 107 10
Conjunto 3: 109 217
Conjunto 4: 118 59
Conjunto 5: 33 152
Conjunto 6: 209 248
Conjunto 7: 70 67
Conjunto 8: 222 22
Conjunto 9: 201 206
Conjunto 10: 211 133
Conjunto 11: 182 162
Conjunto 12: 49 143
Conjunto 13: 191 233
Conjunto 14: 233 196
Conjunto 15: 85 178
Conjunto 16: 178 231
Conjunto 17: 195 219 60 2 15
Conjunto 18: 219 60 2 15
Conjunto 19: 60 2 15
Conjunto 20: 2 15
Conjunto 21: 186 48
Conjunto 22: 50 129
Conjunto 23: 247 193
Conjunto 24: 193 140 6
Conjunto 25: 140 6
Conjunto 26: 106 126
Conjunto 27: 126 137
Conjunto 28: 25 86 148
Conjunto 29: 86 148
Conjunto 30: 34 189
Conjunto 31: 159 91
Conjunto 32: 74 244
Conjunto 33: 61 208
Conjunto 34: 89 239
Conjunto 35: 239 125 234
Conjunto 36: 125 234
Conjunto 37: 234 154
Conjunto 38: 154 147 65 185
Conjunto 39: 147 65 185
Conjunto 40: 65 185 150 46
Conjunto 41: 185 150 46
Conjunto 42: 150 46
Conjunto 43: 81 13
Conjunto 44: 57 212
Conjunto 45: 246 155 30
Conjunto 46: 155 30
Conjunto 47: 119 116 243
Conjunto 48: 116 243
Conjunto 49: 128 229 170 73
Conjunto 50: 229 170 73
Conjunto 51: 170 73 221
Conjunto 52: 73 221
Conjunto 53: 221 99
Conjunto 54: 99 87 210 54 187
Conjunto 55: 87 210 54 187
Conjunto 56: 210 54 187
Conjunto 57: 54 187 142
Conjunto 58: 187 142 250
Conjunto 59: 142 250
Conjunto 60: 146 113 254 88
Conjunto 61: 113 254 88 138 1 69
Conjunto 62: 254 88 138 1 69
Conjunto 63: 88 138 1 69
Conjunto 64: 138 1 69 228 237
Conjunto 65: 1 69 228 237 83
Conjunto 66: 69 228 237 83
Conjunto 67: 228 237 83
Conjunto 68: 237 83
Conjunto 69: 8 190 251
Conjunto 70: 190 251 238 230
Conjunto 71: 251 238 230
Conjunto 72: 238 230
Conjunto 73: 84 176
Conjunto 74: 104 204
Conjunto 75: 66 158
Conjunto 76: 158 72
Conjunto 77: 72 220
Conjunto 78: 94 172 235 236
Conjunto 79: 172 235 236
Conjunto 80: 235 236
Conjunto 81: 136 45 38
Conjunto 82: 45 38
Conjunto 83: 38 39
Conjunto 84: 71 41
Conjunto 85: 216 135
Conjunto 86: 167 110 64 21 82
Conjunto 87: 110 64 21 82 90
Conjunto 88: 64 21 82 90
Conjunto 89: 21 82 90 163
Conjunto 90: 82 90 163
Conjunto 91: 90 163
Conjunto 92: 184 124
Conjunto 93: 103 174 44 160
Conjunto 94: 174 44 160
Conjunto 95: 44 160
Conjunto 96: 192 17
Conjunto 97: 17 232
Conjunto 98: 232 92 223
Conjunto 99: 92 223 26
Conjunto 100: 223 26
Conjunto 101: 26 79 16
Conjunto 102: 79 16 141
Conjunto 103: 16 141
Conjunto 104: 241 181 11 161
Conjunto 105: 181 11 161
Conjunto 106: 11 161
Conjunto 107: 227 12
Conjunto 108: 214 20
Conjunto 109: 203 200 117
Conjunto 110: 200 117
Conjunto 111: 117 27
Conjunto 112: 199 205 226
Conjunto 113: 205 226 213
Conjunto 114: 226 213
Conjunto 115: 42 121
Conjunto 116: 121 164
Conjunto 117: 207 111 132
Conjunto 118: 111 132
Conjunto 119: 7 51 63 240
Conjunto 120: 51 63 240
Conjunto 121: 63 240
Conjunto 122: 153 3
Conjunto 123: 56 100 62 105
Conjunto 124: 100 62 105
Conjunto 125: 62 105
Conjunto 126: 58 5
Conjunto 127: 5 177
Conjunto 128: 177 35
Conjunto 129: 35 18
Conjunto 130: 97 93
Conjunto 131: 4 179
Conjunto 132: 179 29
Conjunto 133: 29 23
Conjunto 134: 28 144
Conjunto 135: 183 75
Conjunto 136: 96 19
Conjunto 137: 175 31
