================================================================================= 
=== UFF - Doutorado em Computação - Aplicaçoes em Sistemas de Potencia        === 
=== ESTIMADOR DE ESTADO MÍNIMOS QUADRADOS PONDERADOS INCLUINDO MEDIDAS DE PMU === 
=== Desenvolvido por: Rui Menezes de Moraes - 2009                            === 
================================================================================= 
Arquivo de medidores:          F:\Documents\Uff\Artigos\SimSEP\VERSAO WELDAN V2\Codigos\Med\ieee30_3_0300.med
Arquivo do sistema:            F:\Documents\Uff\Artigos\SimSEP\VERSAO WELDAN V2\Codigos\Carga\ieee30_3_0300.txt
Tolerância entre iteraçoes:     1.00e-04
Limite de iteraçoes:           100

--- DADOS DA REDE --------------------------------------------------------------- 
Data do caso:                  08/20/93
Origem:                        UW ARCHIVE          
MVA base:                      100
Ano:                           1961
Estação:                       W
Identificação:                 IEEE 30 Bus Test Case
Número de barras:              30 
Número de ramos:               41 
Referência na barra:           1

--- TELEMEDIDAS ------------------------------------------------------------------
    Tipo 1 = Fluxo de potencia ativa        Tipo  6 = Módulo da tensão            
    Tipo 2 = Injeção de potencia ativa      Tipo  7 = Corrente de ramo (real)     
    Tipo 3 = Ângulo de fase da tensão       Tipo  8 = Corrente de ramo (imag)     
    Tipo 4 = Fluxo de potencia reativa      Tipo  9 = Injeção de corrente (real)  
    Tipo 5 = Injeção de potencia reativa    Tipo 10 = Injeção de corrente (imag)  
----------------------------------------------------------------------------------
   N    D    P TP  PN ST   Exa   FS       DP      V_Ref      V_Med          E(%) 
----------------------------------------------------------------------------------
   1    0    1  6   0  0 0.015 01.1  0.00530   +1.06000   +1.06250     +0.235849 
   2    0    2  6   0  0 0.015 01.1  0.00522   +1.04500   +1.05803     +1.246890 
   3    0    3  6   0  0 0.015 01.1  0.00522   +1.04481   +1.05721     +1.186819 
   4    0    4  6   0  0 0.015 01.1  0.00520   +1.04019   +1.03964     -0.052875 
   5    0    5  6   0  0 0.015 01.1  0.00505   +1.01000   +1.00827     -0.171287 
   6    0    6  6   0  0 0.015 01.1  0.00519   +1.03794   +1.03207     -0.565543 
   7    0    7  6   0  0 0.015 01.1  0.00513   +1.02604   +1.01235     -1.334256 
   8    0    8  6   0  0 0.015 01.1  0.00517   +1.03373   +1.04160     +0.761321 
   9    0    9  6   0  0 0.015 01.1  0.00541   +1.08184   +1.06990     -1.103675 
  10    0   10  6   0  0 0.015 01.1  0.00546   +1.09276   +1.08803     -0.432849 
  11    0   11  6   0  0 0.015 01.1  0.00541   +1.08200   +1.07862     -0.312384 
  12    0   12  6   0  0 0.015 01.1  0.00549   +1.09713   +1.10982     +1.156654 
  13    0   13  6   0  0 0.015 01.1  0.00545   +1.08942   +1.07378     -1.435626 
  14    0   14  6   0  0 0.015 01.1  0.00548   +1.09524   +1.10654     +1.031737 
  15    0   15  6   0  0 0.015 01.1  0.00547   +1.09425   +1.08729     -0.636052 
  16    0   16  6   0  0 0.015 01.1  0.00547   +1.09383   +1.08563     -0.749659 
  17    0   17  6   0  0 0.015 01.1  0.00546   +1.09248   +1.09210     -0.034783 
  18    0   18  6   0  0 0.015 01.1  0.00546   +1.09206   +1.09956     +0.686775 
  19    0   19  6   0  0 0.015 01.1  0.00546   +1.09117   +1.08144     -0.891703 
  20    0   20  6   0  0 0.015 01.1  0.00546   +1.09145   +1.08216     -0.851161 
  21    0   21  6   0  0 0.015 01.1  0.00546   +1.09169   +1.10729     +1.428977 
  22    0   22  6   0  0 0.015 01.1  0.00546   +1.09199   +1.09504     +0.279307 
  23    0   23  6   0  0 0.015 01.1  0.00547   +1.09343   +1.08702     -0.586229 
  24    0   24  6   0  0 0.015 01.1  0.00547   +1.09347   +1.10882     +1.403788 
  25    0   25  6   0  0 0.015 01.1  0.00543   +1.08569   +1.09859     +1.188184 
  26    0   26  6   0  0 0.015 01.1  0.00542   +1.08346   +1.07339     -0.929430 
  27    0   27  6   0  0 0.015 01.1  0.00541   +1.08179   +1.06562     -1.494745 
  28    0   28  6   0  0 0.015 01.1  0.00519   +1.03889   +1.04549     +0.635293 
  29    0   29  6   0  0 0.015 01.1  0.00540   +1.07910   +1.09101     +1.103698 
  30    0   30  6   0  0 0.015 01.1  0.00539   +1.07749   +1.06515     -1.145254 
  31    0    1  2   0  0 0.020 01.0  0.00278   +0.15732   +0.14962     -4.894483 
  32    0    2  2   0  0 0.020 01.0  0.00418   +0.36700   +0.36946     +0.670300 
  33    0    3  2   0  0 0.020 01.0  0.00176   -0.00400   -0.00290    -27.500000 
  34    0    4  2   0  0 0.020 01.0  0.00175   -0.00300   -0.00283     -5.666667 
  35    0    5  2   0  0 0.020 01.0  0.00267   -0.14100   -0.14890     +5.602837 
  36    0    6  2   0  0 0.020 01.0  0.00173   +0.00000   +0.00197     +0.000000 
  37    0    7  2   0  0 0.020 01.0  0.00196   -0.03400   -0.02875    -15.441176 
  38    0    8  2   0  0 0.020 01.0  0.00203   -0.04500   -0.04044    -10.133333 
  39    0    9  2   0  0 0.020 01.0  0.00173   +0.00000   -0.00402     +0.000000 
  40    0   10  2   0  0 0.020 01.0  0.00268   -0.14200   -0.14434     +1.647887 
  41    0   11  2   0  0 0.020 01.0  0.00173   +0.00000   -0.00268     +0.000000 
  42    0   12  2   0  0 0.020 01.0  0.00185   -0.01700   -0.01633     -3.941176 
  43    0   13  2   0  0 0.020 01.0  0.00173   +0.00000   +0.00117     +0.000000 
  44    0   14  2   0  0 0.020 01.0  0.00179   -0.00900   -0.01114    +23.777778 
  45    0   15  2   0  0 0.020 01.0  0.00181   -0.01200   -0.00876    -27.000000 
  46    0   16  2   0  0 0.020 01.0  0.00177   -0.00500   -0.00187    -62.600000 
  47    0   17  2   0  0 0.020 01.0  0.00182   -0.01300   -0.00993    -23.615385 
  48    0   18  2   0  0 0.020 01.0  0.00177   -0.00500   -0.00658    +31.600000 
  49    0   19  2   0  0 0.020 01.0  0.00183   -0.01400   -0.01888    +34.857143 
  50    0   20  2   0  0 0.020 01.0  0.00175   -0.00300   -0.00080    -73.333333 
  51    0   21  2   0  0 0.020 01.0  0.00191   -0.02600   -0.02036    -21.692308 
  52    0   22  2   0  0 0.020 01.0  0.00173   +0.00000   -0.00351     +0.000000 
  53    0   23  2   0  0 0.020 01.0  0.00177   -0.00500   -0.00910    +82.000000 
  54    0   24  2   0  0 0.020 01.0  0.00182   -0.01300   -0.00849    -34.692308 
  55    0   25  2   0  0 0.020 01.0  0.00173   +0.00000   -0.00019     +0.000000 
  56    0   26  2   0  0 0.020 01.0  0.00177   -0.00500   -0.00127    -74.600000 
  57    0   27  2   0  0 0.020 01.0  0.00173   -0.00000   +0.00322     +0.000000 
  58    0   28  2   0  0 0.020 01.0  0.00173   +0.00000   -0.00326     +0.000000 
  59    0   29  2   0  0 0.020 01.0  0.00176   -0.00400   -0.00667    +66.750000 
  60    0   30  2   0  0 0.020 01.0  0.00184   -0.01600   -0.02092    +30.750000 
  61    0    1  5   0  0 0.020 01.0  0.00358   +0.27669   +0.27903     +0.845712 
  62    0    2  5   0  0 0.020 01.0  0.00316   -0.21351   -0.20826     -2.458901 
  63    0    3  5   0  0 0.020 01.0  0.00175   -0.00200   -0.00188     -6.000000 
  64    0    4  5   0  0 0.020 01.0  0.00174   -0.00100   -0.00593   +493.000000 
  65    0    5  5   0  0 0.020 01.0  0.00383   -0.31402   -0.30276     -3.585759 
  66    0    6  5   0  0 0.020 01.0  0.00173   -0.00000   +0.00001     +0.000000 
  67    0    7  5   0  0 0.020 01.0  0.00184   -0.01600   -0.01785    +11.562500 
  68    0    8  5   0  0 0.020 01.0  0.00270   -0.14500   -0.15028     +3.641379 
  69    0    9  5   0  0 0.020 01.0  0.00173   +0.00000   +0.00131     +0.000000 
  70    0   10  5   0  0 0.020 01.0  0.00206   -0.04900   -0.04807     -1.897959 
  71    0   11  5   0  0 0.020 01.0  0.00174   +0.00083   +0.00345   +315.662651 
  72    0   12  5   0  0 0.020 01.0  0.00181   -0.01100   -0.01476    +34.181818 
  73    0   13  5   0  0 0.020 01.0  0.00213   -0.06000   -0.06183     +3.050000 
  74    0   14  5   0  0 0.020 01.0  0.00175   -0.00200   -0.00573   +186.500000 
  75    0   15  5   0  0 0.020 01.0  0.00176   -0.00400   -0.00030    -92.500000 
  76    0   16  5   0  0 0.020 01.0  0.00175   -0.00300   -0.00471    +57.000000 
  77    0   17  5   0  0 0.020 01.0  0.00179   -0.00900   -0.01142    +26.888889 
  78    0   18  5   0  0 0.020 01.0  0.00174   -0.00100   -0.00616   +516.000000 
  79    0   19  5   0  0 0.020 01.0  0.00177   -0.00500   -0.00180    -64.000000 
  80    0   20  5   0  0 0.020 01.0  0.00174   -0.00100   -0.00103     +3.000000 
  81    0   21  5   0  0 0.020 01.0  0.00185   -0.01700   -0.01658     -2.470588 
  82    0   22  5   0  0 0.020 01.0  0.00173   -0.00000   +0.00386     +0.000000 
  83    0   23  5   0  0 0.020 01.0  0.00175   -0.00200   +0.00034   -117.000000 
  84    0   24  5   0  0 0.020 01.0  0.00180   -0.01000   -0.00818    -18.200000 
  85    0   25  5   0  0 0.020 01.0  0.00173   -0.00000   -0.00334     +0.000000 
  86    0   26  5   0  0 0.020 01.0  0.00175   -0.00300   -0.00247    -17.666667 
  87    0   27  5   0  0 0.020 01.0  0.00173   +0.00000   +0.00478     +0.000000 
  88    0   28  5   0  0 0.020 01.0  0.00173   -0.00000   +0.00100     +0.000000 
  89    0   29  5   0  0 0.020 01.0  0.00174   -0.00100   +0.00222   -322.000000 
  90    0   30  5   0  0 0.020 01.0  0.00175   -0.00300   +0.00210   -170.000000 
  91    1    2  1   0  0 0.020 01.0  0.00201   +0.04102   +0.04567    +11.335934 
  92    1    3  1   0  0 0.020 01.0  0.00251   +0.11630   +0.11199     -3.705933 
  93    2    4  1   0  0 0.020 01.0  0.00254   +0.12125   +0.11416     -5.847423 
  94    3    4  1   0  0 0.020 01.0  0.00248   +0.11157   +0.11085     -0.645335 
  95    2    5  1   0  0 0.020 01.0  0.00265   +0.13669   +0.12897     -5.647816 
  96    2    6  1   0  0 0.020 01.0  0.00273   +0.14887   +0.14844     -0.288843 
  97    4    6  1   0  0 0.020 01.0  0.00257   +0.12606   +0.13302     +5.521180 
  98    5    7  1   0  0 0.020 01.0  0.00177   -0.00613   -0.00880    +43.556281 
  99    6    7  1   0  0 0.020 01.0  0.00201   +0.04149   +0.04012     -3.302000 
 100    6    8  1   0  0 0.020 01.0  0.00203   +0.04511   +0.04428     -1.839947 
 101    6    9  1   0  0 0.020 01.0  0.00238   +0.09669   +0.10141     +4.881580 
 102    6   10  1   0  0 0.020 01.0  0.00211   +0.05581   +0.05991     +7.346354 
 103    9   11  1   0  0 0.020 01.0  0.00173   +0.00000   -0.00049     +0.000000 
 104    9   10  1   0  0 0.020 01.0  0.00238   +0.09669   +0.09498     -1.768539 
 105    4   12  1   0  0 0.020 01.0  0.00242   +0.10275   +0.10893     +6.014599 
 106   12   13  1   0  0 0.020 01.0  0.00173   +0.00000   +0.00250     +0.000000 
 107   12   14  1   0  0 0.020 01.0  0.00183   +0.01490   +0.01752    +17.583893 
 108   12   15  1   0  0 0.020 01.0  0.00201   +0.04095   +0.04633    +13.137973 
 109   12   16  1   0  0 0.020 01.0  0.00193   +0.02990   +0.03002     +0.401338 
 110   14   15  1   0  0 0.020 01.0  0.00177   +0.00588   +0.00898    +52.721088 
 111   16   17  1   0  0 0.020 01.0  0.00190   +0.02483   +0.02428     -2.215062 
 112   15   18  1   0  0 0.020 01.0  0.00187   +0.01987   +0.02378    +19.677906 
 113   18   19  1   0  0 0.020 01.0  0.00183   +0.01484   +0.01363     -8.153639 
 114   19   20  1   0  0 0.020 01.0  0.00174   +0.00082   +0.00331   +303.658537 
 115   10   20  1   0  0 0.020 01.0  0.00175   +0.00218   +0.00718   +229.357798 
 116   10   17  1   0  0 0.020 01.0  0.00181   -0.01179   -0.01154     -2.120441 
 117   10   21  1   0  0 0.020 01.0  0.00183   +0.01460   +0.01383     -5.273973 
 118   10   22  1   0  0 0.020 01.0  0.00177   +0.00551   +0.00240    -56.442831 
 119   21   22  1   0  0 0.020 01.0  0.00181   -0.01141   -0.01333    +16.827344 
 120   15   23  1   0  0 0.020 01.0  0.00183   +0.01486   +0.01058    -28.802153 
 121   22   24  1   0  0 0.020 01.0  0.00177   -0.00590   -0.00723    +22.542373 
 122   23   24  1   0  0 0.020 01.0  0.00180   +0.00984   +0.00800    -18.699187 
 123   24   25  1   0  0 0.020 01.0  0.00179   -0.00908   -0.01078    +18.722467 
 124   25   26  1   0  0 0.020 01.0  0.00177   +0.00501   +0.00837    +67.065868 
 125   25   27  1   0  0 0.020 01.0  0.00183   -0.01426   -0.01391     -2.454418 
 126   28   27  1   0  0 0.020 01.0  0.00196   +0.03440   +0.03465     +0.726744 
 127   27   29  1   0  0 0.020 01.0  0.00180   +0.00945   +0.01241    +31.322751 
 128   27   30  1   0  0 0.020 01.0  0.00180   +0.01060   +0.00649    -38.773585 
 129   29   30  1   0  0 0.020 01.0  0.00177   +0.00543   +0.00677    +24.677716 
 130    8   28  1   0  0 0.020 01.0  0.00173   -0.00000   -0.00160     +0.000000 
 131    6   28  1   0  0 0.020 01.0  0.00196   +0.03448   +0.03253     -5.655452 
 132    1    2  4   0  0 0.020 01.0  0.00329   +0.23322   +0.23469     +0.630306 
 133    1    3  4   0  0 0.020 01.0  0.00202   +0.04347   +0.04789    +10.167932 
 134    2    4  4   0  0 0.020 01.0  0.00193   -0.02969   -0.03318    +11.754800 
 135    3    4  4   0  0 0.020 01.0  0.00229   +0.08402   +0.08640     +2.832659 
 136    2    5  4   0  0 0.020 01.0  0.00260   +0.13003   +0.13630     +4.821964 
 137    2    6  4   0  0 0.020 01.0  0.00191   -0.02577   -0.02921    +13.348855 
 138    4    6  4   0  0 0.020 01.0  0.00184   +0.01571   +0.01348    -14.194780 
 139    5    7  4   0  0 0.020 01.0  0.00272   -0.14749   -0.14754     +0.033901 
 140    6    7  4   0  0 0.020 01.0  0.00259   +0.12794   +0.13399     +4.728779 
 141    6    8  4   0  0 0.020 01.0  0.00231   +0.08621   +0.08623     +0.023199 
 142    6    9  4   0  0 0.020 01.0  0.00243   -0.10404   -0.10728     +3.114187 
 143    6   10  4   0  0 0.020 01.0  0.00201   -0.04090   -0.04049     -1.002445 
 144    9   11  4   0  0 0.020 01.0  0.00174   -0.00083   -0.00006    -92.771084 
 145    9   10  4   0  0 0.020 01.0  0.00245   -0.10693   -0.10821     +1.197045 
 146    4   12  4   0  0 0.020 01.0  0.00229   +0.08370   +0.07703     -7.968937 
 147   12   13  4   0  0 0.020 01.0  0.00214   +0.06042   +0.06302     +4.303211 
 148   12   14  4   0  0 0.020 01.0  0.00174   +0.00098   +0.00105     +7.142857 
 149   12   15  4   0  0 0.020 01.0  0.00176   +0.00358   +0.00233    -34.916201 
 150   12   16  4   0  0 0.020 01.0  0.00176   +0.00411   -0.00049   -111.922141 
 151   14   15  4   0  0 0.020 01.0  0.00174   -0.00107   -0.00255   +138.317757 
 152   16   17  4   0  0 0.020 01.0  0.00174   +0.00096   -0.00182   -289.583333 
 153   15   18  4   0  0 0.020 01.0  0.00174   +0.00124   -0.00186   -250.000000 
 154   18   19  4   0  0 0.020 01.0  0.00173   +0.00017   +0.00343  +1917.647059 
 155   19   20  4   0  0 0.020 01.0  0.00177   -0.00486   -0.00599    +23.251029 
 156   10   20  4   0  0 0.020 01.0  0.00177   +0.00586   +0.00112    -80.887372 
 157   10   17  4   0  0 0.020 01.0  0.00179   +0.00816   +0.00681    -16.544118 
 158   10   21  4   0  0 0.020 01.0  0.00179   +0.00881   +0.01177    +33.598184 
 159   10   22  4   0  0 0.020 01.0  0.00175   +0.00294   -0.00058   -119.727891 
 160   21   22  4   0  0 0.020 01.0  0.00179   -0.00820   -0.00378    -53.902439 
 161   15   23  4   0  0 0.020 01.0  0.00175   -0.00292   -0.00482    +65.068493 
 162   22   24  4   0  0 0.020 01.0  0.00177   -0.00527   -0.00708    +34.345351 
 163   23   24  4   0  0 0.020 01.0  0.00177   -0.00496   -0.00809    +63.104839 
 164   24   25  4   0  0 0.020 01.0  0.00194   +0.03115   +0.03426     +9.983949 
 165   25   26  4   0  0 0.020 01.0  0.00175   +0.00301   -0.00151   -150.166113 
 166   25   27  4   0  0 0.020 01.0  0.00192   +0.02785   +0.03303    +18.599641 
 167   28   27  4   0  0 0.020 01.0  0.00189   -0.02298   -0.02685    +16.840731 
 168   27   29  4   0  0 0.020 01.0  0.00175   +0.00200   -0.00024   -112.000000 
 169   27   30  4   0  0 0.020 01.0  0.00175   +0.00210   +0.00407    +93.809524 
 170   29   30  4   0  0 0.020 01.0  0.00174   +0.00097   -0.00278   -386.597938 
 171    8   28  4   0  0 0.020 01.0  0.00206   -0.04953   -0.04938     -0.302847 
 172    6   28  4   0  0 0.020 01.0  0.00196   -0.03320   -0.03060     -7.831325 
 173    2    1  1   0  0 0.020 01.0  0.00200   -0.03981   -0.03467    -12.911329 
 174    3    1  1   0  0 0.020 01.0  0.00250   -0.11557   -0.11209     -3.011162 
 175    4    2  1   0  0 0.020 01.0  0.00254   -0.12048   -0.11668     -3.154050 
 176    4    3  1   0  0 0.020 01.0  0.00248   -0.11133   -0.11271     +1.239558 
 177    5    2  1   0  0 0.020 01.0  0.00263   -0.13487   -0.13898     +3.047379 
 178    6    2  1   0  0 0.020 01.0  0.00272   -0.14769   -0.14735     -0.230212 
 179    6    4  1   0  0 0.020 01.0  0.00257   -0.12588   -0.13021     +3.439784 
 180    7    5  1   0  0 0.020 01.0  0.00178   +0.00698   +0.01064    +52.435530 
 181    7    6  1   0  0 0.020 01.0  0.00201   -0.04098   -0.03902     -4.782821 
 182    8    6  1   0  0 0.020 01.0  0.00203   -0.04500   -0.04114     -8.577778 
 183    9    6  1   0  0 0.020 01.0  0.00238   -0.09669   -0.09249     -4.343779 
 184   10    6  1   0  0 0.020 01.0  0.00211   -0.05581   -0.05620     +0.698799 
 185   11    9  1   0  0 0.020 01.0  0.00173   -0.00000   -0.00198     +0.000000 
 186   10    9  1   0  0 0.020 01.0  0.00238   -0.09669   -0.09401     -2.771745 
 187   12    4  1   0  0 0.020 01.0  0.00242   -0.10275   -0.09569     -6.871046 
 188   13   12  1   0  0 0.020 01.0  0.00173   -0.00000   +0.00281     +0.000000 
 189   14   12  1   0  0 0.020 01.0  0.00183   -0.01488   -0.01126    -24.327957 
 190   15   12  1   0  0 0.020 01.0  0.00201   -0.04086   -0.03838     -6.069506 
 191   16   12  1   0  0 0.020 01.0  0.00193   -0.02983   -0.02872     -3.721086 
 192   15   14  1   0  0 0.020 01.0  0.00177   -0.00587   -0.00318    -45.826235 
 193   17   16  1   0  0 0.020 01.0  0.00190   -0.02480   -0.02484     +0.161290 
 194   18   15  1   0  0 0.020 01.0  0.00187   -0.01984   -0.01575    -20.614919 
 195   19   18  1   0  0 0.020 01.0  0.00183   -0.01482   -0.01957    +32.051282 
 196   20   19  1   0  0 0.020 01.0  0.00174   -0.00082   +0.00406   -595.121951 
 197   20   10  1   0  0 0.020 01.0  0.00175   -0.00218   -0.00638   +192.660550 
 198   17   10  1   0  0 0.020 01.0  0.00181   +0.01180   +0.01231     +4.322034 
 199   21   10  1   0  0 0.020 01.0  0.00183   -0.01459   -0.01565     +7.265250 
 200   22   10  1   0  0 0.020 01.0  0.00177   -0.00551   -0.00968    +75.680581 
 201   22   21  1   0  0 0.020 01.0  0.00181   +0.01141   +0.01385    +21.384750 
 202   23   15  1   0  0 0.020 01.0  0.00183   -0.01484   -0.01359     -8.423181 
 203   24   22  1   0  0 0.020 01.0  0.00177   +0.00591   +0.00892    +50.930626 
 204   24   23  1   0  0 0.020 01.0  0.00180   -0.00983   -0.00911     -7.324517 
 205   25   24  1   0  0 0.020 01.0  0.00179   +0.00925   +0.01260    +36.216216 
 206   26   25  1   0  0 0.020 01.0  0.00177   -0.00500   -0.00419    -16.200000 
 207   27   25  1   0  0 0.020 01.0  0.00183   +0.01435   +0.01922    +33.937282 
 208   27   28  1   0  0 0.020 01.0  0.00196   -0.03440   -0.03003    -12.703488 
 209   29   27  1   0  0 0.020 01.0  0.00180   -0.00943   -0.00935     -0.848356 
 210   30   27  1   0  0 0.020 01.0  0.00180   -0.01057   -0.00745    -29.517502 
 211   30   29  1   0  0 0.020 01.0  0.00177   -0.00543   -0.00571     +5.156538 
 212   28    8  1   0  0 0.020 01.0  0.00173   +0.00005   +0.00347  +6840.000000 
 213   28    6  1   0  0 0.020 01.0  0.00196   -0.03445   -0.03654     +6.066763 
 214    2    1  4   0  0 0.020 01.0  0.00365   -0.28809   -0.27765     -3.623868 
 215    3    1  4   0  0 0.020 01.0  0.00231   -0.08602   -0.08909     +3.568937 
 216    4    2  4   0  0 0.020 01.0  0.00179   -0.00796   -0.01254    +57.537688 
 217    4    3  4   0  0 0.020 01.0  0.00235   -0.09245   -0.08891     -3.829097 
 218    5    2  4   0  0 0.020 01.0  0.00284   -0.16654   -0.16089     -3.392578 
 219    6    2  4   0  0 0.020 01.0  0.00181   -0.01121   -0.00663    -40.856378 
 220    6    4  4   0  0 0.020 01.0  0.00190   -0.02480   -0.02677     +7.943548 
 221    7    5  4   0  0 0.020 01.0  0.00259   +0.12848   +0.13321     +3.681507 
 222    7    6  4   0  0 0.020 01.0  0.00270   -0.14448   -0.14386     -0.429125 
 223    8    6  4   0  0 0.020 01.0  0.00237   -0.09547   -0.09599     +0.544674 
 224    9    6  4   0  0 0.020 01.0  0.00245   +0.10776   +0.11248     +4.380104 
 225   10    6  4   0  0 0.020 01.0  0.00202   +0.04322   +0.04870    +12.679315 
 226   11    9  4   0  0 0.020 01.0  0.00174   +0.00083   -0.00359   -532.530120 
 227   10    9  4   0  0 0.020 01.0  0.00246   +0.10888   +0.11196     +2.828802 
 228   12    4  4   0  0 0.020 01.0  0.00227   -0.08009   -0.08370     +4.507429 
 229   13   12  4   0  0 0.020 01.0  0.00213   -0.06000   -0.06129     +2.150000 
 230   14   12  4   0  0 0.020 01.0  0.00174   -0.00093   -0.00335   +260.215054 
 231   15   12  4   0  0 0.020 01.0  0.00176   -0.00340   +0.00011   -103.235294 
 232   16   12  4   0  0 0.020 01.0  0.00176   -0.00396   +0.00127   -132.070707 
 233   15   14  4   0  0 0.020 01.0  0.00174   +0.00107   +0.00264   +146.728972 
 234   17   16  4   0  0 0.020 01.0  0.00174   -0.00086   +0.00127   -247.674419 
 235   18   15  4   0  0 0.020 01.0  0.00174   -0.00117   +0.00335   -386.324786 
 236   19   18  4   0  0 0.020 01.0  0.00173   -0.00014   +0.00181  -1392.857143 
 237   20   19  4   0  0 0.020 01.0  0.00177   +0.00486   +0.00558    +14.814815 
 238   20   10  4   0  0 0.020 01.0  0.00177   -0.00586   -0.00712    +21.501706 
 239   17   10  4   0  0 0.020 01.0  0.00179   -0.00814   -0.00670    -17.690418 
 240   21   10  4   0  0 0.020 01.0  0.00179   -0.00880   -0.01027    +16.704545 
 241   22   10  4   0  0 0.020 01.0  0.00175   -0.00294   -0.00391    +32.993197 
 242   22   21  4   0  0 0.020 01.0  0.00179   +0.00821   +0.00680    -17.174178 
 243   23   15  4   0  0 0.020 01.0  0.00175   +0.00296   +0.00262    -11.486486 
 244   24   22  4   0  0 0.020 01.0  0.00177   +0.00528   +0.00532     +0.757576 
 245   24   23  4   0  0 0.020 01.0  0.00177   +0.00498   +0.00934    +87.550201 
 246   25   24  4   0  0 0.020 01.0  0.00194   -0.03086   -0.03427    +11.049903 
 247   26   25  4   0  0 0.020 01.0  0.00175   -0.00300   -0.00470    +56.666667 
 248   27   25  4   0  0 0.020 01.0  0.00192   -0.02768   -0.02682     -3.106936 
 249   27   28  4   0  0 0.020 01.0  0.00189   +0.02357   +0.02342     -0.636402 
 250   29   27  4   0  0 0.020 01.0  0.00175   -0.00197   -0.00446   +126.395939 
 251   30   27  4   0  0 0.020 01.0  0.00175   -0.00204   -0.00121    -40.686275 
 252   30   29  4   0  0 0.020 01.0  0.00174   -0.00096   +0.00299   -411.458333 
 253   28    8  4   0  0 0.020 01.0  0.00176   +0.00370   -0.00094   -125.405405 
 254   28    6  4   0  0 0.020 01.0  0.00186   +0.01929   +0.01863     -3.421462 
----------------------------------------------------------------------------------
Número de medidores SCADA:     254
Número de PMUs:                0
Número de medidas das PMUs:    0
----------------------------------------------------------------------------------

Não há medidas de ângulo.
Não há medidores desabilitados.
============================== Estado Estimado ===================================
                 Barra     Mod(pu)    Ang(graus)              
----------------------------------------------------------------------------------
                    1            1.0592              0.00        
                    2            1.0443              0.14        
                    3            1.0440             -0.81        
                    4            1.0394             -0.98        
                    5            1.0091             -0.95        
                    6            1.0372             -1.25        
                    7            1.0252             -1.23        
                    8            1.0330             -1.28        
                    9            1.0818             -2.28        
                   10            1.0929             -2.78        
                   11            1.0818             -2.29        
                   12            1.0965             -2.20        
                   13            1.0885             -2.20        
                   14            1.0943             -2.38        
                   15            1.0939             -2.46        
                   16            1.0938             -2.48        
                   17            1.0927             -2.72        
                   18            1.0919             -2.70        
                   19            1.0912             -2.81        
                   20            1.0916             -2.81        
                   21            1.0920             -2.82        
                   22            1.0923             -2.81        
                   23            1.0933             -2.62        
                   24            1.0939             -2.76        
                   25            1.0856             -2.30        
                   26            1.0837             -2.36        
                   27            1.0817             -2.00        
                   28            1.0382             -1.38        
                   29            1.0788             -2.17        
                   30            1.0777             -2.30        
----------------------------------------------------------------------------------
Convergiu em:    2 iteraçoes. 
----------------------------------------------------------------------------------
--- RESIDUOS NORMALIZADOS --------------------------------------------------------
   N    D    P  TP      Real     Medido   Estimado      Med-Est        rn 
----------------------------------------------------------------------------------
  27    0   27  6    +1.0818    +1.0656    +1.0817  -1.6100e-02      0.223 
  21    0   21  6    +1.0917    +1.1073    +1.0920  +1.5323e-02      0.211 
  24    0   24  6    +1.0935    +1.1088    +1.0939  +1.4881e-02      0.205 
  13    0   13  6    +1.0894    +1.0738    +1.0885  -1.4725e-02      0.203 
  65    0    5  5    -0.3140    -0.3028    -0.3129  +1.0130e-02      0.198 
   2    0    2  6    +1.0450    +1.0580    +1.0443  +1.3764e-02      0.194 
   3    0    3  6    +1.0448    +1.0572    +1.0440  +1.3181e-02      0.185 
  12    0   12  6    +1.0971    +1.1098    +1.0965  +1.3357e-02      0.184 
   7    0    7  6    +1.0260    +1.0124    +1.0252  -1.2851e-02      0.183 
  25    0   25  6    +1.0857    +1.0986    +1.0856  +1.3015e-02      0.180 
  95    2    5  1    +0.1367    +0.1290    +0.1376  -8.6087e-03      0.177 
  30    0   30  6    +1.0775    +1.0652    +1.0777  -1.2521e-02      0.176 
  91    1    2  1    +0.0410    +0.0457    +0.0391  +6.6043e-03      0.171 
  29    0   29  6    +1.0791    +1.0910    +1.0788  +1.2187e-02      0.171 
  14    0   14  6    +1.0952    +1.1065    +1.0943  +1.2211e-02      0.168 
 214    2    1  4    -0.2881    -0.2777    -0.2867  +9.0600e-03      0.166 
   9    0    9  6    +1.0818    +1.0699    +1.0818  -1.1902e-02      0.165 
 194   18   15  1    -0.0198    -0.0158    -0.0218  +6.0797e-03      0.156 
 154   18   19  4    +0.0002    +0.0034    -0.0023  +5.7053e-03      0.156 
 183    9    6  1    -0.0967    -0.0925    -0.0993  +6.8124e-03      0.153 
  89    0   29  5    -0.0010    +0.0022    -0.0026  +4.7801e-03      0.150 
 187   12    4  1    -0.1027    -0.0957    -0.1024  +6.6801e-03      0.148 
 105    4   12  1    +0.1027    +0.1089    +0.1024  +6.5599e-03      0.146 
  78    0   18  5    -0.0010    -0.0062    -0.0016  -4.5793e-03      0.145 
  26    0   26  6    +1.0835    +1.0734    +1.0837  -1.0286e-02      0.144 
 114   19   20  1    +0.0008    +0.0033    -0.0017  +4.9991e-03      0.139 
 146    4   12  4    +0.0837    +0.0770    +0.0829  -5.8696e-03      0.135 
  19    0   19  6    +1.0912    +1.0814    +1.0912  -9.7546e-03      0.135 
 221    7    5  4    +0.1285    +0.1332    +0.1271  +6.1564e-03      0.134 
  77    0   17  5    -0.0090    -0.0114    -0.0072  -4.2228e-03      0.132 
 166   25   27  4    +0.0278    +0.0330    +0.0280  +5.0338e-03      0.130 
  60    0   30  2    -0.0160    -0.0209    -0.0166  -4.2993e-03      0.130 
  20    0   20  6    +1.0915    +1.0822    +1.0916  -9.4034e-03      0.130 
  87    0   27  5    +0.0000    +0.0048    +0.0014  +3.3660e-03      0.127 
 219    6    2  4    -0.0112    -0.0066    -0.0116  +5.0173e-03      0.123 
   8    0    8  6    +1.0337    +1.0416    +1.0330  +8.6436e-03      0.122 
 136    2    5  4    +0.1300    +0.1363    +0.1305  +5.8237e-03      0.122 
 253   28    8  4    +0.0037    -0.0009    +0.0040  -4.9677e-03      0.121 
 200   22   10  1    -0.0055    -0.0097    -0.0048  -4.8773e-03      0.119 
 218    5    2  4    -0.1665    -0.1609    -0.1668  +5.9472e-03      0.118 
  34    0    4  2    -0.0030    -0.0028    +0.0000  -2.8331e-03      0.115 
 128   27   30  1    +0.0106    +0.0065    +0.0110  -4.5287e-03      0.114 
  82    0   22  5    -0.0000    +0.0039    +0.0005  +3.3976e-03      0.113 
  16    0   16  6    +1.0938    +1.0856    +1.0938  -8.1649e-03      0.112 
  51    0   21  2    -0.0260    -0.0204    -0.0241  +3.7126e-03      0.112 
 160   21   22  4    -0.0082    -0.0038    -0.0079  +4.1375e-03      0.112 
  97    4    6  1    +0.1261    +0.1330    +0.1280  +5.0141e-03      0.112 
 207   27   25  1    +0.0143    +0.0192    +0.0151  +4.1151e-03      0.110 
 108   12   15  1    +0.0410    +0.0463    +0.0419  +4.4437e-03      0.109 
 156   10   20  4    +0.0059    +0.0011    +0.0051  -3.9819e-03      0.107 
 220    6    4  4    -0.0248    -0.0268    -0.0227  -4.0302e-03      0.107 
 226   11    9  4    +0.0008    -0.0036    +0.0002  -3.7519e-03      0.106 
  18    0   18  6    +1.0921    +1.0996    +1.0919  +7.6665e-03      0.106 
 134    2    4  4    -0.0297    -0.0332    -0.0288  -4.4167e-03      0.104 
 165   25   26  4    +0.0030    -0.0015    +0.0022  -3.7016e-03      0.104 
  93    2    4  1    +0.1212    +0.1142    +0.1192  -5.0619e-03      0.104 
  28    0   28  6    +1.0389    +1.0455    +1.0382  +7.3384e-03      0.104 
  76    0   16  5    -0.0030    -0.0047    -0.0015  -3.2159e-03      0.102 
 120   15   23  1    +0.0149    +0.0106    +0.0145  -3.9350e-03      0.102 
 140    6    7  4    +0.1279    +0.1340    +0.1295  +4.4725e-03      0.101 
 228   12    4  4    -0.0801    -0.0837    -0.0793  -4.3719e-03      0.100 
  90    0   30  5    -0.0030    +0.0021    -0.0011  +3.2251e-03      0.100 
  56    0   26  2    -0.0050    -0.0013    -0.0048  +3.5565e-03      0.100 
 124   25   26  1    +0.0050    +0.0084    +0.0048  +3.5374e-03      0.099 
 189   14   12  1    -0.0149    -0.0113    -0.0152  +3.9269e-03      0.098 
 110   14   15  1    +0.0059    +0.0090    +0.0051  +3.8374e-03      0.097 
  88    0   28  5    -0.0000    +0.0010    -0.0018  +2.7756e-03      0.095 
 133    1    3  4    +0.0435    +0.0479    +0.0439  +4.0228e-03      0.095 
 212   28    8  1    +0.0001    +0.0035    -0.0004  +3.8376e-03      0.094 
  71    0   11  5    +0.0008    +0.0034    +0.0002  +3.2881e-03      0.093 
 158   10   21  4    +0.0088    +0.0118    +0.0083  +3.5039e-03      0.093 
 137    2    6  4    -0.0258    -0.0292    -0.0253  -3.8604e-03      0.092 
  15    0   15  6    +1.0942    +1.0873    +1.0939  -6.6187e-03      0.091 
 216    4    2  4    -0.0080    -0.0125    -0.0089  -3.6357e-03      0.090 
 210   30   27  1    -0.0106    -0.0075    -0.0110  +3.5349e-03      0.089 
  23    0   23  6    +1.0934    +1.0870    +1.0933  -6.2946e-03      0.087 
 106   12   13  1    +0.0000    +0.0025    -0.0005  +2.9683e-03      0.085 
 190   15   12  1    -0.0409    -0.0384    -0.0418  +3.4097e-03      0.083 
  36    0    6  2    +0.0000    +0.0020    +0.0002  +1.7527e-03      0.083 
 173    2    1  1    -0.0398    -0.0347    -0.0379  +3.1992e-03      0.083 
  33    0    3  2    -0.0040    -0.0029    -0.0004  -2.5096e-03      0.083 
  83    0   23  5    -0.0020    +0.0003    -0.0023  +2.5917e-03      0.083 
 225   10    6  4    +0.0432    +0.0487    +0.0451  +3.6045e-03      0.082 
 159   10   22  4    +0.0029    -0.0006    +0.0027  -3.3086e-03      0.081 
 195   19   18  1    -0.0148    -0.0196    -0.0166  -3.0074e-03      0.080 
 245   24   23  4    +0.0050    +0.0093    +0.0063  +3.0832e-03      0.079 
 217    4    3  4    -0.0925    -0.0889    -0.0923  +3.3847e-03      0.079 
  68    0    8  5    -0.1450    -0.1503    -0.1469  -3.3486e-03      0.079 
  59    0   29  2    -0.0040    -0.0067    -0.0042  -2.5067e-03      0.079 
 126   28   27  1    +0.0344    +0.0347    +0.0315  +3.1351e-03      0.078 
 113   18   19  1    +0.0148    +0.0136    +0.0166  -2.9476e-03      0.078 
 102    6   10  1    +0.0558    +0.0599    +0.0565  +3.4325e-03      0.076 
 201   22   21  1    +0.0114    +0.0138    +0.0110  +2.8234e-03      0.076 
  50    0   20  2    -0.0030    -0.0008    -0.0031  +2.2921e-03      0.073 
   6    0    6  6    +1.0379    +1.0321    +1.0372  -5.1414e-03      0.073 
 252   30   29  4    -0.0010    +0.0030    +0.0003  +2.7393e-03      0.071 
 247   26   25  4    -0.0030    -0.0047    -0.0022  -2.5175e-03      0.071 
 235   18   15  4    -0.0012    +0.0034    +0.0007  +2.6554e-03      0.071 
  53    0   23  2    -0.0050    -0.0091    -0.0069  -2.2090e-03      0.071 
  35    0    5  2    -0.1410    -0.1489    -0.1460  -2.8819e-03      0.070 
  61    0    1  5    +0.2767    +0.2790    +0.2758  +3.2749e-03      0.069 
 168   27   29  4    +0.0020    -0.0002    +0.0024  -2.5981e-03      0.069 
 199   21   10  1    -0.0146    -0.0157    -0.0130  -2.6022e-03      0.068 
  10    0   10  6    +1.0928    +1.0880    +1.0929  -4.9188e-03      0.068 
 127   27   29  1    +0.0095    +0.0124    +0.0098  +2.5851e-03      0.067 
 188   13   12  1    -0.0000    +0.0028    +0.0005  +2.3417e-03      0.067 
 169   27   30  4    +0.0021    +0.0041    +0.0014  +2.6306e-03      0.067 
  32    0    2  2    +0.3670    +0.3695    +0.3663  +3.2044e-03      0.067 
 177    5    2  1    -0.1349    -0.1390    -0.1357  -3.2373e-03      0.067 
 170   29   30  4    +0.0010    -0.0028    -0.0002  -2.5417e-03      0.066 
 196   20   19  1    -0.0008    +0.0041    +0.0017  +2.3700e-03      0.066 
  45    0   15  2    -0.0120    -0.0088    -0.0105  +1.7777e-03      0.066 
 115   10   20  1    +0.0022    +0.0072    +0.0048  +2.3941e-03      0.065 
 205   25   24  1    +0.0092    +0.0126    +0.0101  +2.4790e-03      0.065 
  46    0   16  2    -0.0050    -0.0019    -0.0038  +1.9773e-03      0.064 
  31    0    1  2    +0.1573    +0.1496    +0.1523  -2.6773e-03      0.063 
 162   22   24  4    -0.0053    -0.0071    -0.0047  -2.3461e-03      0.062 
  38    0    8  2    -0.0450    -0.0404    -0.0427  +2.2123e-03      0.062 
 119   21   22  1    -0.0114    -0.0133    -0.0110  -2.3052e-03      0.062 
 172    6   28  4    -0.0332    -0.0306    -0.0330  +2.3697e-03      0.061 
 116   10   17  1    -0.0118    -0.0115    -0.0137  +2.1837e-03      0.060 
 135    3    4  4    +0.0840    +0.0864    +0.0839  +2.5113e-03      0.059 
 118   10   22  1    +0.0055    +0.0024    +0.0048  -2.4046e-03      0.059 
  70    0   10  5    -0.0490    -0.0481    -0.0465  -1.6003e-03      0.059 
 215    3    1  4    -0.0860    -0.0891    -0.0864  -2.6456e-03      0.058 
 107   12   14  1    +0.0149    +0.0175    +0.0152  +2.3090e-03      0.058 
 250   29   27  4    -0.0020    -0.0045    -0.0023  -2.1382e-03      0.056 
 132    1    2  4    +0.2332    +0.2347    +0.2319  +2.8021e-03      0.055 
  47    0   17  2    -0.0130    -0.0099    -0.0117  +1.7626e-03      0.055 
 238   20   10  4    -0.0059    -0.0071    -0.0051  -2.0266e-03      0.055 
  62    0    2  5    -0.2135    -0.2083    -0.2103  +2.0866e-03      0.054 
 149   12   15  4    +0.0036    +0.0023    +0.0003  +2.0249e-03      0.053 
 240   21   10  4    -0.0088    -0.0103    -0.0083  -2.0189e-03      0.053 
 179    6    4  1    -0.1259    -0.1302    -0.1278  -2.3883e-03      0.053 
  40    0   10  2    -0.1420    -0.1443    -0.1426  -1.7596e-03      0.052 
 213   28    6  1    -0.0345    -0.0365    -0.0345  -2.0277e-03      0.052 
 131    6   28  1    +0.0345    +0.0325    +0.0345  -2.0117e-03      0.052 
 249   27   28  4    +0.0236    +0.0234    +0.0254  -2.0139e-03      0.051 
 232   16   12  4    -0.0040    +0.0013    -0.0007  +1.9519e-03      0.051 
  64    0    4  5    -0.0010    -0.0059    -0.0046  -1.3087e-03      0.051 
 167   28   27  4    -0.0230    -0.0268    -0.0249  -1.9711e-03      0.050 
 192   15   14  1    -0.0059    -0.0032    -0.0051  +1.9556e-03      0.050 
 143    6   10  4    -0.0409    -0.0405    -0.0427  +2.1743e-03      0.049 
 182    8    6  1    -0.0450    -0.0411    -0.0431  +1.9233e-03      0.049 
 130    8   28  1    -0.0000    -0.0016    +0.0004  -2.0110e-03      0.049 
 112   15   18  1    +0.0199    +0.0238    +0.0219  +1.9073e-03      0.049 
 163   23   24  4    -0.0050    -0.0081    -0.0062  -1.8551e-03      0.048 
 101    6    9  1    +0.0967    +0.1014    +0.0993  +2.1076e-03      0.047 
 222    7    6  4    -0.1445    -0.1439    -0.1460  +2.1438e-03      0.047 
   1    0    1  6    +1.0600    +1.0625    +1.0592  +3.3323e-03      0.047 
  57    0   27  2    -0.0000    +0.0032    +0.0044  -1.2135e-03      0.046 
 103    9   11  1    +0.0000    -0.0005    +0.0011  -1.6070e-03      0.046 
  84    0   24  5    -0.0100    -0.0082    -0.0069  -1.3230e-03      0.045 
  11    0   11  6    +1.0820    +1.0786    +1.0818  -3.2136e-03      0.045 
  41    0   11  2    +0.0000    -0.0027    -0.0011  -1.5630e-03      0.044 
 197   20   10  1    -0.0022    -0.0064    -0.0048  -1.5980e-03      0.044 
  48    0   18  2    -0.0050    -0.0066    -0.0053  -1.3279e-03      0.042 
 141    6    8  4    +0.0862    +0.0862    +0.0879  -1.6781e-03      0.041 
 230   14   12  4    -0.0009    -0.0034    -0.0018  -1.5510e-03      0.040 
  98    5    7  1    -0.0061    -0.0088    -0.0103  +1.4754e-03      0.039 
 198   17   10  1    +0.0118    +0.0123    +0.0137  -1.4206e-03      0.039 
 239   17   10  4    -0.0081    -0.0067    -0.0081  +1.4136e-03      0.039 
 204   24   23  1    -0.0098    -0.0091    -0.0076  -1.5156e-03      0.039 
  22    0   22  6    +1.0920    +1.0950    +1.0923  +2.7850e-03      0.038 
  67    0    7  5    -0.0160    -0.0179    -0.0190  +1.1002e-03      0.037 
  52    0   22  2    +0.0000    -0.0035    -0.0024  -1.1092e-03      0.037 
 208   27   28  1    -0.0344    -0.0300    -0.0315  +1.4849e-03      0.037 
 121   22   24  1    -0.0059    -0.0072    -0.0086  +1.3946e-03      0.037 
 175    4    2  1    -0.1205    -0.1167    -0.1185  +1.7950e-03      0.037 
 157   10   17  4    +0.0082    +0.0068    +0.0081  -1.3216e-03      0.037 
  75    0   15  5    -0.0040    -0.0003    -0.0013  +9.7667e-04      0.036 
 243   23   15  4    +0.0030    +0.0026    +0.0040  -1.3632e-03      0.036 
  44    0   14  2    -0.0090    -0.0111    -0.0100  -1.0957e-03      0.034 
 150   12   16  4    +0.0041    -0.0005    +0.0008  -1.3145e-03      0.034 
 153   15   18  4    +0.0012    -0.0019    -0.0006  -1.2528e-03      0.033 
  80    0   20  5    -0.0010    -0.0010    -0.0000  -1.0110e-03      0.032 
  39    0    9  2    +0.0000    -0.0040    -0.0032  -8.5897e-04      0.032 
 139    5    7  4    -0.1475    -0.1475    -0.1461  -1.4874e-03      0.031 
 242   22   21  4    +0.0082    +0.0068    +0.0079  -1.1211e-03      0.030 
 181    7    6  1    -0.0410    -0.0390    -0.0402  +1.1657e-03      0.030 
  79    0   19  5    -0.0050    -0.0018    -0.0028  +9.6708e-04      0.030 
  69    0    9  5    +0.0000    +0.0013    +0.0021  -7.9127e-04      0.030 
 111   16   17  1    +0.0248    +0.0243    +0.0255  -1.1716e-03      0.030 
 125   25   27  1    -0.0143    -0.0139    -0.0150  +1.1013e-03      0.029 
  94    3    4  1    +0.1116    +0.1109    +0.1121  -1.2951e-03      0.029 
  72    0   12  5    -0.0110    -0.0148    -0.0140  -7.3736e-04      0.029 
 241   22   10  4    -0.0029    -0.0039    -0.0027  -1.1852e-03      0.029 
 129   29   30  1    +0.0054    +0.0068    +0.0056  +1.1276e-03      0.029 
 100    6    8  1    +0.0451    +0.0443    +0.0432  +1.1000e-03      0.028 
 223    8    6  4    -0.0955    -0.0960    -0.0971  +1.1521e-03      0.027 
 152   16   17  4    +0.0010    -0.0018    -0.0008  -1.0078e-03      0.027 
  92    1    3  1    +0.1163    +0.1120    +0.1132  -1.2416e-03      0.026 
 248   27   25  4    -0.0277    -0.0268    -0.0278  +9.9747e-04      0.026 
 246   25   24  4    -0.0309    -0.0343    -0.0333  -1.0116e-03      0.025 
 155   19   20  4    -0.0049    -0.0060    -0.0051  -9.1723e-04      0.025 
 185   11    9  1    -0.0000    -0.0020    -0.0011  -8.6298e-04      0.025 
 186   10    9  1    -0.0967    -0.0940    -0.0950  +1.0143e-03      0.024 
 178    6    2  1    -0.1477    -0.1474    -0.1462  -1.1835e-03      0.023 
 202   23   15  1    -0.0148    -0.0136    -0.0145  +9.0610e-04      0.023 
 161   15   23  4    -0.0029    -0.0048    -0.0039  -8.7500e-04      0.023 
 145    9   10  4    -0.1069    -0.1082    -0.1092  +9.8896e-04      0.023 
 224    9    6  4    +0.1078    +0.1125    +0.1115  +1.0181e-03      0.023 
 123   24   25  1    -0.0091    -0.0108    -0.0099  -8.5235e-04      0.022 
  96    2    6  1    +0.1489    +0.1484    +0.1473  +1.1158e-03      0.022 
  63    0    3  5    -0.0020    -0.0019    -0.0026  +6.7573e-04      0.022 
 151   14   15  4    -0.0011    -0.0026    -0.0034  +8.3405e-04      0.021 
 148   12   14  4    +0.0010    +0.0010    +0.0018  -7.9895e-04      0.021 
 117   10   21  1    +0.0146    +0.0138    +0.0131  +7.7526e-04      0.020 
  43    0   13  2    +0.0000    +0.0012    +0.0005  +7.0167e-04      0.020 
  49    0   19  2    -0.0140    -0.0189    -0.0183  -6.2825e-04      0.019 
 233   15   14  4    +0.0011    +0.0026    +0.0034  -7.5037e-04      0.019 
 176    4    3  1    -0.1113    -0.1127    -0.1119  -8.1199e-04      0.018 
 227   10    9  4    +0.1089    +0.1120    +0.1112  +7.9150e-04      0.018 
 206   26   25  1    -0.0050    -0.0042    -0.0048  +6.3651e-04      0.018 
 147   12   13  4    +0.0604    +0.0630    +0.0623  +6.9319e-04      0.018 
  74    0   14  5    -0.0020    -0.0057    -0.0052  -5.4697e-04      0.017 
 164   24   25  4    +0.0312    +0.0343    +0.0336  +6.6400e-04      0.017 
 109   12   16  1    +0.0299    +0.0300    +0.0294  +6.5324e-04      0.016 
  99    6    7  1    +0.0415    +0.0401    +0.0407  -5.8399e-04      0.015 
 244   24   22  4    +0.0053    +0.0053    +0.0047  +5.7157e-04      0.015 
 229   13   12  4    -0.0600    -0.0613    -0.0619  +5.8442e-04      0.015 
 193   17   16  1    -0.0248    -0.0248    -0.0254  +5.8321e-04      0.015 
 191   16   12  1    -0.0298    -0.0287    -0.0293  +5.7892e-04      0.014 
 237   20   19  4    +0.0049    +0.0056    +0.0051  +5.0560e-04      0.014 
 236   19   18  4    -0.0001    +0.0018    +0.0023  -4.9569e-04      0.014 
  54    0   24  2    -0.0130    -0.0085    -0.0089  +3.9809e-04      0.013 
  81    0   21  5    -0.0170    -0.0166    -0.0162  -4.1140e-04      0.013 
 180    7    5  1    +0.0070    +0.0106    +0.0111  -4.7160e-04      0.013 
   5    0    5  6    +1.0100    +1.0083    +1.0091  -8.5583e-04      0.012 
 209   29   27  1    -0.0094    -0.0094    -0.0098  +4.5568e-04      0.012 
 254   28    6  4    +0.0193    +0.0186    +0.0191  -4.4554e-04      0.012 
 122   23   24  1    +0.0098    +0.0080    +0.0076  +3.9493e-04      0.010 
  37    0    7  2    -0.0340    -0.0288    -0.0291  +3.2408e-04      0.010 
  85    0   25  5    -0.0000    -0.0033    -0.0031  -2.6935e-04      0.010 
 234   17   16  4    -0.0009    +0.0013    +0.0009  +3.5359e-04      0.009 
 174    3    1  1    -0.1156    -0.1121    -0.1125  +4.4547e-04      0.009 
 171    8   28  4    -0.0495    -0.0494    -0.0498  +4.0932e-04      0.009 
  17    0   17  6    +1.0925    +1.0921    +1.0927  -6.2768e-04      0.009 
  86    0   26  5    -0.0030    -0.0025    -0.0022  -2.8751e-04      0.008 
 203   24   22  1    +0.0059    +0.0089    +0.0086  +2.8605e-04      0.008 
 184   10    6  1    -0.0558    -0.0562    -0.0565  +2.7747e-04      0.006 
 231   15   12  4    -0.0034    +0.0001    -0.0001  +2.2484e-04      0.006 
 138    4    6  4    +0.0157    +0.0135    +0.0137  -1.9813e-04      0.005 
  66    0    6  5    -0.0000    +0.0000    -0.0001  +1.0681e-04      0.005 
 142    6    9  4    -0.1040    -0.1073    -0.1075  +2.2119e-04      0.005 
  55    0   25  2    +0.0000    -0.0002    -0.0001  -1.3228e-04      0.005 
 251   30   27  4    -0.0020    -0.0012    -0.0014  +1.6585e-04      0.004 
  58    0   28  2    +0.0000    -0.0033    -0.0034  +1.0509e-04      0.004 
   4    0    4  6    +1.0402    +1.0396    +1.0394  +2.3612e-04      0.003 
 144    9   11  4    -0.0008    -0.0001    -0.0002  +1.0168e-04      0.003 
 211   30   29  1    -0.0054    -0.0057    -0.0056  -7.4172e-05      0.002 
  42    0   12  2    -0.0170    -0.0163    -0.0164  +4.4390e-05      0.002 
  73    0   13  5    -0.0600    -0.0618    -0.0619  +4.4421e-05      0.001 
 104    9   10  1    +0.0967    +0.0950    +0.0950  -4.4338e-05      0.001 
----------------------------------------------------------------------------------
Não foram identificados erros grosseiros.
Não foram identificadas medidas críticas.
Possíveis conjuntos críticos:
Conjunto 1: 174 234
Conjunto 2: 254 209
Conjunto 3: 180 81
Conjunto 4: 54 236
Conjunto 5: 244 99
Conjunto 6: 147 206
Conjunto 7: 233 49
Conjunto 8: 63 96
Conjunto 9: 96 123
Conjunto 10: 123 224
Conjunto 11: 224 145
Conjunto 12: 202 178 186
Conjunto 13: 178 186
Conjunto 14: 155 246
Conjunto 15: 248 92
Conjunto 16: 129 241 72 94
Conjunto 17: 241 72 94 125
Conjunto 18: 72 94 125 111
Conjunto 19: 94 125 111
Conjunto 20: 125 111 69
Conjunto 21: 111 69
Conjunto 22: 79 181 242
Conjunto 23: 181 242
Conjunto 24: 39 80
Conjunto 25: 150 44
Conjunto 26: 243 75 157
Conjunto 27: 75 157
Conjunto 28: 157 175
Conjunto 29: 175 121 208 52
Conjunto 30: 121 208 52 67
Conjunto 31: 208 52 67
Conjunto 32: 52 67
Conjunto 33: 22 204
Conjunto 34: 239 198 98
Conjunto 35: 198 98
Conjunto 36: 41 11
Conjunto 37: 11 84
Conjunto 38: 103 57
Conjunto 39: 1 222
Conjunto 40: 101 163
Conjunto 41: 112 130
Conjunto 42: 130 182 143 192
Conjunto 43: 182 143 192
Conjunto 44: 143 192
Conjunto 45: 167 64
Conjunto 46: 232 249 131
Conjunto 47: 249 131
Conjunto 48: 131 213
Conjunto 49: 213 40
Conjunto 50: 179 240 149
Conjunto 51: 240 149
Conjunto 52: 62 238
Conjunto 53: 238 47 132
Conjunto 54: 47 132
Conjunto 55: 107 215
Conjunto 56: 70 118
Conjunto 57: 118 135
Conjunto 58: 116 172
Conjunto 59: 119 38 162
Conjunto 60: 38 162
Conjunto 61: 31 46
Conjunto 62: 205 115
Conjunto 63: 115 45 196 170
Conjunto 64: 45 196 170
Conjunto 65: 196 170
Conjunto 66: 177 32 169 188
Conjunto 67: 32 169 188
Conjunto 68: 169 188 127
Conjunto 69: 188 127 10
Conjunto 70: 127 10
Conjunto 71: 10 199
Conjunto 72: 199 168 61
Conjunto 73: 168 61
Conjunto 74: 53 235 247 252
Conjunto 75: 235 247 252
Conjunto 76: 247 252
Conjunto 77: 6 50
Conjunto 78: 201 102
Conjunto 79: 113 126 59 68 217
Conjunto 80: 126 59 68 217
Conjunto 81: 59 68 217 245
Conjunto 82: 68 217 245 195
Conjunto 83: 217 245 195
Conjunto 84: 245 195
Conjunto 85: 159 225
Conjunto 86: 83 33 173 36 190
Conjunto 87: 33 173 36 190
Conjunto 88: 173 36 190
Conjunto 89: 36 190
Conjunto 90: 137 158
Conjunto 91: 158 71
Conjunto 92: 71 212
Conjunto 93: 133 88
Conjunto 94: 189 124
Conjunto 95: 124 56
Conjunto 96: 56 90 228
Conjunto 97: 90 228 140
Conjunto 98: 228 140
Conjunto 99: 120 76
Conjunto 100: 28 93 165 134
Conjunto 101: 93 165 134
Conjunto 102: 165 134
Conjunto 103: 18 226
Conjunto 104: 226 220 156
Conjunto 105: 220 156
Conjunto 106: 108 207
Conjunto 107: 97 160 51 16
Conjunto 108: 160 51 16
Conjunto 109: 51 16
Conjunto 110: 16 82
Conjunto 111: 82 128
Conjunto 112: 200 253
Conjunto 113: 136 8 219
Conjunto 114: 8 219
Conjunto 115: 20 60 166
Conjunto 116: 60 166
Conjunto 117: 221 19 146
Conjunto 118: 19 146
Conjunto 119: 26 78
Conjunto 120: 78 105
Conjunto 121: 154 194
Conjunto 122: 9 214
Conjunto 123: 29 91
Conjunto 124: 30 95
Conjunto 125: 7 12
Conjunto 126: 13 24
