================================================================================= 
=== UFF - Doutorado em Computação - Aplicaçoes em Sistemas de Potencia        === 
=== ESTIMADOR DE ESTADO MÍNIMOS QUADRADOS PONDERADOS INCLUINDO MEDIDAS DE PMU === 
=== Desenvolvido por: Rui Menezes de Moraes - 2009                            === 
================================================================================= 
Arquivo de medidores:          F:\Documents\Uff\Artigos\SimSEP\VERSAO WELDAN V2\Codigos\Med\ieee30_10_1000.med
Arquivo do sistema:            F:\Documents\Uff\Artigos\SimSEP\VERSAO WELDAN V2\Codigos\Carga\ieee30_10_1000.txt
Tolerância entre iteraçoes:     1.00e-04
Limite de iteraçoes:           100

--- DADOS DA REDE --------------------------------------------------------------- 
Data do caso:                  08/20/93
Origem:                        UW ARCHIVE          
MVA base:                      100
Ano:                           1961
Estação:                       W
Identificação:                 IEEE 30 Bus Test Case
Número de barras:              30 
Número de ramos:               41 
Referência na barra:           1

--- TELEMEDIDAS ------------------------------------------------------------------
    Tipo 1 = Fluxo de potencia ativa        Tipo  6 = Módulo da tensão            
    Tipo 2 = Injeção de potencia ativa      Tipo  7 = Corrente de ramo (real)     
    Tipo 3 = Ângulo de fase da tensão       Tipo  8 = Corrente de ramo (imag)     
    Tipo 4 = Fluxo de potencia reativa      Tipo  9 = Injeção de corrente (real)  
    Tipo 5 = Injeção de potencia reativa    Tipo 10 = Injeção de corrente (imag)  
----------------------------------------------------------------------------------
   N    D    P TP  PN ST   Exa   FS       DP      V_Ref      V_Med          E(%) 
----------------------------------------------------------------------------------
   1    0    1  6   0  0 0.015 01.1  0.00530   +1.06000   +1.07068     +1.007547 
   2    0    2  6   0  0 0.015 01.1  0.00522   +1.04500   +1.03728     -0.738756 
   3    0    3  6   0  0 0.015 01.1  0.00499   +0.99830   +0.99933     +0.103175 
   4    0    4  6   0  0 0.015 01.1  0.00492   +0.98363   +0.98172     -0.194179 
   5    0    5  6   0  0 0.015 01.1  0.00486   +0.97158   +0.96160     -1.027193 
   6    0    6  6   0  0 0.015 01.1  0.00487   +0.97316   +0.97610     +0.302109 
   7    0    7  6   0  0 0.015 01.1  0.00481   +0.96113   +0.97374     +1.311997 
   8    0    8  6   0  0 0.015 01.1  0.00484   +0.96855   +0.95716     -1.175985 
   9    0    9  6   0  0 0.015 01.1  0.00504   +1.00759   +1.01968     +1.199893 
  10    0   10  6   0  0 0.015 01.1  0.00496   +0.99208   +0.99358     +0.151197 
  11    0   11  6   0  0 0.015 01.1  0.00528   +1.05491   +1.05261     -0.218028 
  12    0   12  6   0  0 0.015 01.1  0.00511   +1.02124   +1.01059     -1.042850 
  13    0   13  6   0  0 0.015 01.1  0.00527   +1.05314   +1.04517     -0.756784 
  14    0   14  6   0  0 0.015 01.1  0.00499   +0.99888   +0.99731     -0.157176 
  15    0   15  6   0  0 0.015 01.1  0.00495   +0.99072   +0.99170     +0.098918 
  16    0   16  6   0  0 0.015 01.1  0.00499   +0.99811   +0.99376     -0.435824 
  17    0   17  6   0  0 0.015 01.1  0.00494   +0.98695   +0.99504     +0.819697 
  18    0   18  6   0  0 0.015 01.1  0.00487   +0.97408   +0.98524     +1.145696 
  19    0   19  6   0  0 0.015 01.1  0.00484   +0.96870   +0.97550     +0.701972 
  20    0   20  6   0  0 0.015 01.1  0.00487   +0.97345   +0.97071     -0.281473 
  21    0   21  6   0  0 0.015 01.1  0.00487   +0.97476   +0.97781     +0.312898 
  22    0   22  6   0  0 0.015 01.1  0.00488   +0.97557   +0.97970     +0.423342 
  23    0   23  6   0  0 0.015 01.1  0.00486   +0.97257   +0.96170     -1.117657 
  24    0   24  6   0  0 0.015 01.1  0.00480   +0.96016   +0.96005     -0.011456 
  25    0   25  6   0  0 0.015 01.1  0.00479   +0.95734   +0.95190     -0.568241 
  26    0   26  6   0  0 0.015 01.1  0.00466   +0.93181   +0.93400     +0.235026 
  27    0   27  6   0  0 0.015 01.1  0.00484   +0.96799   +0.98087     +1.330592 
  28    0   28  6   0  0 0.015 01.1  0.00483   +0.96568   +0.96356     -0.219534 
  29    0   29  6   0  0 0.015 01.1  0.00470   +0.93935   +0.92620     -1.399904 
  30    0   30  6   0  0 0.015 01.1  0.00461   +0.92287   +0.93476     +1.288372 
  31    0    1  2   0  0 0.020 01.0  0.00306   +0.19966   +0.20747     +3.911650 
  32    0    2  2   0  0 0.020 01.0  0.02512   +3.50800   +3.48664     -0.608894 
  33    0    3  2   0  0 0.020 01.0  0.00195   -0.03200   -0.03480     +8.750000 
  34    0    4  2   0  0 0.020 01.0  0.00184   -0.01600   -0.01283    -19.812500 
  35    0    5  2   0  0 0.020 01.0  0.01009   -1.25300   -1.25230     -0.055866 
  36    0    6  2   0  0 0.020 01.0  0.00173   -0.00000   +0.00065     +0.000000 
  37    0    7  2   0  0 0.020 01.0  0.00375   -0.30300   -0.29884     -1.372937 
  38    0    8  2   0  0 0.020 01.0  0.00439   -0.39900   -0.40974     +2.691729 
  39    0    9  2   0  0 0.020 01.0  0.00173   -0.00000   +0.00387     +0.000000 
  40    0   10  2   0  0 0.020 01.0  0.00278   -0.15700   -0.14961     -4.707006 
  41    0   11  2   0  0 0.020 01.0  0.00173   +0.00000   -0.00420     +0.000000 
  42    0   12  2   0  0 0.020 01.0  0.00273   -0.14900   -0.14334     -3.798658 
  43    0   13  2   0  0 0.020 01.0  0.00173   -0.00000   +0.00426     +0.000000 
  44    0   14  2   0  0 0.020 01.0  0.00228   -0.08200   -0.08868     +8.146341 
  45    0   15  2   0  0 0.020 01.0  0.00246   -0.10900   -0.10865     -0.321101 
  46    0   16  2   0  0 0.020 01.0  0.00205   -0.04700   -0.04515     -3.936170 
  47    0   17  2   0  0 0.020 01.0  0.00253   -0.12000   -0.12175     +1.458333 
  48    0   18  2   0  0 0.020 01.0  0.00202   -0.04300   -0.04119     -4.209302 
  49    0   19  2   0  0 0.020 01.0  0.00257   -0.12600   -0.12194     -3.222222 
  50    0   20  2   0  0 0.020 01.0  0.00193   -0.02900   -0.02813     -3.000000 
  51    0   21  2   0  0 0.020 01.0  0.00329   -0.23300   -0.23040     -1.115880 
  52    0   22  2   0  0 0.020 01.0  0.00173   -0.00000   -0.00231     +0.000000 
  53    0   23  2   0  0 0.020 01.0  0.00202   -0.04300   -0.03888     -9.581395 
  54    0   24  2   0  0 0.020 01.0  0.00251   -0.11600   -0.11710     +0.948276 
  55    0   25  2   0  0 0.020 01.0  0.00173   -0.00000   +0.00137     +0.000000 
  56    0   26  2   0  0 0.020 01.0  0.00205   -0.04700   -0.04291     -8.702128 
  57    0   27  2   0  0 0.020 01.0  0.00173   +0.00000   -0.00239     +0.000000 
  58    0   28  2   0  0 0.020 01.0  0.00173   -0.00000   -0.00103     +0.000000 
  59    0   29  2   0  0 0.020 01.0  0.00195   -0.03200   -0.03137     -1.968750 
  60    0   30  2   0  0 0.020 01.0  0.00267   -0.14100   -0.14190     +0.638298 
  61    0    1  5   0  0 0.020 01.0  0.00589   +0.62346   +0.60899     -2.320919 
  62    0    2  5   0  0 0.020 01.0  0.00204   +0.04565   +0.04864     +6.549836 
  63    0    3  5   0  0 0.020 01.0  0.00184   -0.01600   -0.02116    +32.250000 
  64    0    4  5   0  0 0.020 01.0  0.00175   -0.00300   -0.00374    +24.666667 
  65    0    5  5   0  0 0.020 01.0  0.00271   +0.14700   +0.13947     -5.122449 
  66    0    6  5   0  0 0.020 01.0  0.00173   +0.00000   +0.00495     +0.000000 
  67    0    7  5   0  0 0.020 01.0  0.00270   -0.14500   -0.14464     -0.248276 
  68    0    8  5   0  0 0.020 01.0  0.00174   +0.00100   +0.00528   +428.000000 
  69    0    9  5   0  0 0.020 01.0  0.00173   +0.00000   -0.00121     +0.000000 
  70    0   10  5   0  0 0.020 01.0  0.00209   -0.05400   -0.04917     -8.944444 
  71    0   11  5   0  0 0.020 01.0  0.00333   +0.24000   +0.23510     -2.041667 
  72    0   12  5   0  0 0.020 01.0  0.00240   -0.10000   -0.09411     -5.890000 
  73    0   13  5   0  0 0.020 01.0  0.00333   +0.24000   +0.24789     +3.287500 
  74    0   14  5   0  0 0.020 01.0  0.00187   -0.02100   -0.02214     +5.428571 
  75    0   15  5   0  0 0.020 01.0  0.00195   -0.03300   -0.03153     -4.454545 
  76    0   16  5   0  0 0.020 01.0  0.00189   -0.02400   -0.02323     -3.208333 
  77    0   17  5   0  0 0.020 01.0  0.00225   -0.07700   -0.07168     -6.909091 
  78    0   18  5   0  0 0.020 01.0  0.00181   -0.01200   -0.01511    +25.916667 
  79    0   19  5   0  0 0.020 01.0  0.00203   -0.04500   -0.05105    +13.444444 
  80    0   20  5   0  0 0.020 01.0  0.00179   -0.00900   -0.00490    -45.555556 
  81    0   21  5   0  0 0.020 01.0  0.00273   -0.14900   -0.15333     +2.906040 
  82    0   22  5   0  0 0.020 01.0  0.00173   +0.00000   -0.00265     +0.000000 
  83    0   23  5   0  0 0.020 01.0  0.00187   -0.02100   -0.01942     -7.523810 
  84    0   24  5   0  0 0.020 01.0  0.00233   -0.08900   -0.09173     +3.067416 
  85    0   25  5   0  0 0.020 01.0  0.00173   +0.00000   +0.00339     +0.000000 
  86    0   26  5   0  0 0.020 01.0  0.00194   -0.03100   -0.02653    -14.419355 
  87    0   27  5   0  0 0.020 01.0  0.00173   +0.00000   +0.00463     +0.000000 
  88    0   28  5   0  0 0.020 01.0  0.00173   +0.00000   -0.00114     +0.000000 
  89    0   29  5   0  0 0.020 01.0  0.00181   -0.01200   -0.00872    -27.333333 
  90    0   30  5   0  0 0.020 01.0  0.00190   -0.02500   -0.02891    +15.640000 
  91    1    2  1   0  0 0.020 01.0  0.00457   -0.42516   -0.42173     -0.806755 
  92    1    3  1   0  0 0.020 01.0  0.00590   +0.62482   +0.63186     +1.126724 
  93    2    4  1   0  0 0.020 01.0  0.00740   +0.85039   +0.83200     -2.162537 
  94    3    4  1   0  0 0.020 01.0  0.00556   +0.57461   +0.57565     +0.180992 
  95    2    5  1   0  0 0.020 01.0  0.00975   +1.20315   +1.22589     +1.890039 
  96    2    6  1   0  0 0.020 01.0  0.00855   +1.02310   +1.01097     -1.185612 
  97    4    6  1   0  0 0.020 01.0  0.00680   +0.75984   +0.74902     -1.423984 
  98    5    7  1   0  0 0.020 01.0  0.00250   -0.11472   -0.10963     -4.436890 
  99    6    7  1   0  0 0.020 01.0  0.00456   +0.42433   +0.42420     -0.030637 
 100    6    8  1   0  0 0.020 01.0  0.00437   +0.39601   +0.38688     -2.305497 
 101    6    9  1   0  0 0.020 01.0  0.00445   +0.40808   +0.40089     -1.761909 
 102    6   10  1   0  0 0.020 01.0  0.00328   +0.23174   +0.23485     +1.342021 
 103    9   11  1   0  0 0.020 01.0  0.00173   +0.00000   +0.00065     +0.000000 
 104    9   10  1   0  0 0.020 01.0  0.00445   +0.40808   +0.40252     -1.362478 
 105    4   12  1   0  0 0.020 01.0  0.00577   +0.60547   +0.60970     +0.698631 
 106   12   13  1   0  0 0.020 01.0  0.00173   +0.00000   +0.00225     +0.000000 
 107   12   14  1   0  0 0.020 01.0  0.00245   +0.10753   +0.10431     -2.994513 
 108   12   15  1   0  0 0.020 01.0  0.00337   +0.24534   +0.24356     -0.725524 
 109   12   16  1   0  0 0.020 01.0  0.00242   +0.10360   +0.10159     -1.940154 
 110   14   15  1   0  0 0.020 01.0  0.00189   +0.02399   +0.02719    +13.338891 
 111   16   17  1   0  0 0.020 01.0  0.00210   +0.05518   +0.05059     -8.318231 
 112   15   18  1   0  0 0.020 01.0  0.00231   +0.08585   +0.09142     +6.488061 
 113   18   19  1   0  0 0.020 01.0  0.00201   +0.04192   +0.03938     -6.059160 
 114   19   20  1   0  0 0.020 01.0  0.00230   -0.08422   -0.08423     +0.011874 
 115   10   20  1   0  0 0.020 01.0  0.00250   +0.11489   +0.11915     +3.707895 
 116   10   17  1   0  0 0.020 01.0  0.00217   +0.06526   +0.06756     +3.524364 
 117   10   21  1   0  0 0.020 01.0  0.00310   +0.20484   +0.19833     -3.178090 
 118   10   22  1   0  0 0.020 01.0  0.00239   +0.09783   +0.10064     +2.872330 
 119   21   22  1   0  0 0.020 01.0  0.00194   -0.03029   -0.03459    +14.196104 
 120   15   23  1   0  0 0.020 01.0  0.00220   +0.06962   +0.07550     +8.445849 
 121   22   24  1   0  0 0.020 01.0  0.00218   +0.06654   +0.07158     +7.574391 
 122   23   24  1   0  0 0.020 01.0  0.00191   +0.02582   +0.02599     +0.658404 
 123   24   25  1   0  0 0.020 01.0  0.00190   -0.02462   -0.02258     -8.285946 
 124   25   26  1   0  0 0.020 01.0  0.00205   +0.04793   +0.05380    +12.247027 
 125   25   27  1   0  0 0.020 01.0  0.00222   -0.07278   -0.07777     +6.856279 
 126   28   27  1   0  0 0.020 01.0  0.00342   +0.25218   +0.25735     +2.050123 
 127   27   29  1   0  0 0.020 01.0  0.00229   +0.08327   +0.08777     +5.404107 
 128   27   30  1   0  0 0.020 01.0  0.00237   +0.09548   +0.09949     +4.199832 
 129   29   30  1   0  0 0.020 01.0  0.00206   +0.04952   +0.04569     -7.734249 
 130    8   28  1   0  0 0.020 01.0  0.00177   -0.00498   -0.00574    +15.261044 
 131    6   28  1   0  0 0.020 01.0  0.00346   +0.25842   +0.24835     -3.896757 
 132    1    2  4   0  0 0.020 01.0  0.00438   +0.39719   +0.39260     -1.155618 
 133    1    3  4   0  0 0.020 01.0  0.00324   +0.22627   +0.21917     -3.137844 
 134    2    4  4   0  0 0.020 01.0  0.00257   +0.12477   +0.12401     -0.609121 
 135    3    4  4   0  0 0.020 01.0  0.00298   +0.18700   +0.18829     +0.689840 
 136    2    5  4   0  0 0.020 01.0  0.00312   +0.20813   +0.21360     +2.628165 
 137    2    6  4   0  0 0.020 01.0  0.00273   +0.14985   +0.14854     -0.874208 
 138    4    6  4   0  0 0.020 01.0  0.00199   +0.03802   +0.03841     +1.025776 
 139    5    7  4   0  0 0.020 01.0  0.00257   +0.12513   +0.13169     +5.242548 
 140    6    7  4   0  0 0.020 01.0  0.00176   +0.00437   +0.00859    +96.567506 
 141    6    8  4   0  0 0.020 01.0  0.00178   -0.00709   -0.00661     -6.770099 
 142    6    9  4   0  0 0.020 01.0  0.00202   -0.04265   -0.03779    -11.395076 
 143    6   10  4   0  0 0.020 01.0  0.00198   +0.03712   +0.03179    -14.358836 
 144    9   11  4   0  0 0.020 01.0  0.00326   -0.22923   -0.22320     -2.630546 
 145    9   10  4   0  0 0.020 01.0  0.00274   +0.15122   +0.14850     -1.798704 
 146    4   12  4   0  0 0.020 01.0  0.00296   +0.18458   +0.17976     -2.611334 
 147   12   13  4   0  0 0.020 01.0  0.00329   -0.23273   -0.22638     -2.728484 
 148   12   14  4   0  0 0.020 01.0  0.00199   +0.03848   +0.03667     -4.703742 
 149   12   15  4   0  0 0.020 01.0  0.00251   +0.11668   +0.11164     -4.319506 
 150   12   16  4   0  0 0.020 01.0  0.00220   +0.07007   +0.06384     -8.891109 
 151   14   15  4   0  0 0.020 01.0  0.00183   +0.01428   +0.01927    +34.943978 
 152   16   17  4   0  0 0.020 01.0  0.00202   +0.04309   +0.04528     +5.082386 
 153   15   18  4   0  0 0.020 01.0  0.00196   +0.03383   +0.03807    +12.533255 
 154   18   19  4   0  0 0.020 01.0  0.00187   +0.01994   +0.02485    +24.623872 
 155   19   20  4   0  0 0.020 01.0  0.00190   -0.02536   -0.02330     -8.123028 
 156   10   20  4   0  0 0.020 01.0  0.00199   +0.03803   +0.04300    +13.068630 
 157   10   17  4   0  0 0.020 01.0  0.00197   +0.03533   +0.03245     -8.151712 
 158   10   21  4   0  0 0.020 01.0  0.00263   +0.13496   +0.14105     +4.512448 
 159   10   22  4   0  0 0.020 01.0  0.00215   +0.06214   +0.06755     +8.706147 
 160   21   22  4   0  0 0.020 01.0  0.00186   -0.01862   -0.02085    +11.976369 
 161   15   23  4   0  0 0.020 01.0  0.00210   +0.05474   +0.04937     -9.810011 
 162   22   24  4   0  0 0.020 01.0  0.00201   +0.04144   +0.04466     +7.770270 
 163   23   24  4   0  0 0.020 01.0  0.00195   +0.03212   +0.02727    -15.099626 
 164   24   25  4   0  0 0.020 01.0  0.00188   +0.02256   +0.02515    +11.480496 
 165   25   26  4   0  0 0.020 01.0  0.00195   +0.03239   +0.03178     -1.883297 
 166   25   27  4   0  0 0.020 01.0  0.00180   -0.01022   -0.00859    -15.949119 
 167   28   27  4   0  0 0.020 01.0  0.00232   +0.08767   +0.08308     -5.235542 
 168   27   29  4   0  0 0.020 01.0  0.00189   +0.02381   +0.02417     +1.511970 
 169   27   30  4   0  0 0.020 01.0  0.00189   +0.02405   +0.02557     +6.320166 
 170   29   30  4   0  0 0.020 01.0  0.00179   +0.00849   +0.00327    -61.484099 
 171    8   28  4   0  0 0.020 01.0  0.00176   -0.00456   -0.00487     +6.798246 
 172    6   28  4   0  0 0.020 01.0  0.00203   +0.04443   +0.04913    +10.578438 
 173    2    1  1   0  0 0.020 01.0  0.00461   +0.43136   +0.42069     -2.473572 
 174    3    1  1   0  0 0.020 01.0  0.00578   -0.60661   -0.60861     +0.329701 
 175    4    2  1   0  0 0.020 01.0  0.00714   -0.81155   -0.80471     -0.842832 
 176    4    3  1   0  0 0.020 01.0  0.00553   -0.56976   -0.57657     +1.195240 
 177    5    2  1   0  0 0.020 01.0  0.00932   -1.13828   -1.11309     -2.212988 
 178    6    2  1   0  0 0.020 01.0  0.00817   -0.96587   -0.95634     -0.986675 
 179    6    4  1   0  0 0.020 01.0  0.00675   -0.75271   -0.76459     +1.578297 
 180    7    5  1   0  0 0.020 01.0  0.00251   +0.11625   +0.11707     +0.705376 
 181    7    6  1   0  0 0.020 01.0  0.00453   -0.41925   -0.40894     -2.459153 
 182    8    6  1   0  0 0.020 01.0  0.00436   -0.39402   -0.39251     -0.383229 
 183    9    6  1   0  0 0.020 01.0  0.00445   -0.40808   -0.40134     -1.651637 
 184   10    6  1   0  0 0.020 01.0  0.00328   -0.23174   -0.22397     -3.352895 
 185   11    9  1   0  0 0.020 01.0  0.00173   -0.00000   +0.00356     +0.000000 
 186   10    9  1   0  0 0.020 01.0  0.00445   -0.40808   -0.41795     +2.418643 
 187   12    4  1   0  0 0.020 01.0  0.00577   -0.60547   -0.61623     +1.777132 
 188   13   12  1   0  0 0.020 01.0  0.00173   -0.00000   -0.00360     +0.000000 
 189   14   12  1   0  0 0.020 01.0  0.00244   -0.10599   -0.11289     +6.510048 
 190   15   12  1   0  0 0.020 01.0  0.00334   -0.24065   -0.25048     +4.084770 
 191   16   12  1   0  0 0.020 01.0  0.00242   -0.10218   -0.10078     -1.370131 
 192   15   14  1   0  0 0.020 01.0  0.00189   -0.02382   -0.02258     -5.205709 
 193   17   16  1   0  0 0.020 01.0  0.00210   -0.05492   -0.04965     -9.595776 
 194   18   15  1   0  0 0.020 01.0  0.00230   -0.08492   -0.08170     -3.791804 
 195   19   18  1   0  0 0.020 01.0  0.00201   -0.04178   -0.04418     +5.744375 
 196   20   19  1   0  0 0.020 01.0  0.00230   +0.08450   +0.08444     -0.071006 
 197   20   10  1   0  0 0.020 01.0  0.00249   -0.11350   -0.11711     +3.180617 
 198   17   10  1   0  0 0.020 01.0  0.00217   -0.06508   -0.06205     -4.655808 
 199   21   10  1   0  0 0.020 01.0  0.00309   -0.20271   -0.20981     +3.502541 
 200   22   10  1   0  0 0.020 01.0  0.00238   -0.09684   -0.09333     -3.624535 
 201   22   21  1   0  0 0.020 01.0  0.00194   +0.03030   +0.03390    +11.881188 
 202   23   15  1   0  0 0.020 01.0  0.00219   -0.06882   -0.06559     -4.693403 
 203   24   22  1   0  0 0.020 01.0  0.00217   -0.06579   -0.06792     +3.237574 
 204   24   23  1   0  0 0.020 01.0  0.00190   -0.02558   -0.02462     -3.752932 
 205   25   24  1   0  0 0.020 01.0  0.00190   +0.02485   +0.02450     -1.408451 
 206   26   25  1   0  0 0.020 01.0  0.00205   -0.04700   -0.05207    +10.787234 
 207   27   25  1   0  0 0.020 01.0  0.00222   +0.07343   +0.07781     +5.964864 
 208   27   28  1   0  0 0.020 01.0  0.00342   -0.25218   -0.24837     -1.510826 
 209   29   27  1   0  0 0.020 01.0  0.00228   -0.08152   -0.08469     +3.888616 
 210   30   27  1   0  0 0.020 01.0  0.00235   -0.09217   -0.08556     -7.171531 
 211   30   29  1   0  0 0.020 01.0  0.00206   -0.04883   -0.05274     +8.007373 
 212   28    8  1   0  0 0.020 01.0  0.00177   +0.00500   +0.00288    -42.400000 
 213   28    6  1   0  0 0.020 01.0  0.00345   -0.25718   -0.25902     +0.715452 
 214    2    1  4   0  0 0.020 01.0  0.00465   -0.43711   -0.44446     +1.681499 
 215    3    1  4   0  0 0.020 01.0  0.00309   -0.20300   -0.20864     +2.778325 
 216    4    2  4   0  0 0.020 01.0  0.00203   -0.04430   -0.04180     -5.643341 
 217    4    3  4   0  0 0.020 01.0  0.00294   -0.18130   -0.18694     +3.110866 
 218    5    2  4   0  0 0.020 01.0  0.00188   +0.02187   +0.02212     +1.143118 
 219    6    2  4   0  0 0.020 01.0  0.00183   -0.01431   -0.01655    +15.653389 
 220    6    4  4   0  0 0.020 01.0  0.00188   -0.02185   -0.02227     +1.922197 
 221    7    5  4   0  0 0.020 01.0  0.00267   -0.14034   -0.13353     -4.852501 
 222    7    6  4   0  0 0.020 01.0  0.00176   -0.00466   -0.00767    +64.592275 
 223    8    6  4   0  0 0.020 01.0  0.00177   +0.00556   +0.00026    -95.323741 
 224    9    6  4   0  0 0.020 01.0  0.00225   +0.07802   +0.08351     +7.036657 
 225   10    6  4   0  0 0.020 01.0  0.00178   -0.00675   -0.00483    -28.444444 
 226   11    9  4   0  0 0.020 01.0  0.00333   +0.24000   +0.24030     +0.125000 
 227   10    9  4   0  0 0.020 01.0  0.00261   -0.13070   -0.13035     -0.267789 
 228   12    4  4   0  0 0.020 01.0  0.00235   -0.09250   -0.09810     +6.054054 
 229   13   12  4   0  0 0.020 01.0  0.00333   +0.24000   +0.24994     +4.141667 
 230   14   12  4   0  0 0.020 01.0  0.00197   -0.03528   -0.03694     +4.705215 
 231   15   12  4   0  0 0.020 01.0  0.00245   -0.10745   -0.10561     -1.712424 
 232   16   12  4   0  0 0.020 01.0  0.00218   -0.06709   -0.06849     +2.086749 
 233   15   14  4   0  0 0.020 01.0  0.00183   -0.01412   -0.01952    +38.243626 
 234   17   16  4   0  0 0.020 01.0  0.00201   -0.04215   -0.04160     -1.304864 
 235   18   15  4   0  0 0.020 01.0  0.00195   -0.03194   -0.03183     -0.344396 
 236   19   18  4   0  0 0.020 01.0  0.00186   -0.01964   -0.02248    +14.460285 
 237   20   19  4   0  0 0.020 01.0  0.00191   +0.02592   +0.02072    -20.061728 
 238   20   10  4   0  0 0.020 01.0  0.00197   -0.03492   -0.03089    -11.540664 
 239   17   10  4   0  0 0.020 01.0  0.00197   -0.03485   -0.04018    +15.294118 
 240   21   10  4   0  0 0.020 01.0  0.00260   -0.13038   -0.13325     +2.201258 
 241   22   10  4   0  0 0.020 01.0  0.00213   -0.06009   -0.05646     -6.040939 
 242   22   21  4   0  0 0.020 01.0  0.00186   +0.01865   +0.02392    +28.257373 
 243   23   15  4   0  0 0.020 01.0  0.00209   -0.05312   -0.05204     -2.033133 
 244   24   22  4   0  0 0.020 01.0  0.00200   -0.04028   -0.03695     -8.267130 
 245   24   23  4   0  0 0.020 01.0  0.00194   -0.03164   -0.02898     -8.407080 
 246   25   24  4   0  0 0.020 01.0  0.00188   -0.02217   -0.02046     -7.713126 
 247   26   25  4   0  0 0.020 01.0  0.00194   -0.03100   -0.02908     -6.193548 
 248   27   25  4   0  0 0.020 01.0  0.00181   +0.01145   +0.01622    +41.659389 
 249   27   28  4   0  0 0.020 01.0  0.00213   -0.05931   -0.05886     -0.758725 
 250   29   27  4   0  0 0.020 01.0  0.00187   -0.02049   -0.02162     +5.514885 
 251   30   27  4   0  0 0.020 01.0  0.00185   -0.01781   -0.01592    -10.612016 
 252   30   29  4   0  0 0.020 01.0  0.00178   -0.00719   -0.00782     +8.762170 
 253   28    8  4   0  0 0.020 01.0  0.00197   -0.03541   -0.03975    +12.256425 
 254   28    6  4   0  0 0.020 01.0  0.00208   -0.05226   -0.05302     +1.454267 
----------------------------------------------------------------------------------
Número de medidores SCADA:     254
Número de PMUs:                0
Número de medidas das PMUs:    0
----------------------------------------------------------------------------------

Não há medidas de ângulo.
Não há medidores desabilitados.
============================== Estado Estimado ===================================
                 Barra     Mod(pu)    Ang(graus)              
----------------------------------------------------------------------------------
                    1            1.0600              0.00        
                    2            1.0450              1.66        
                    3            0.9984             -4.98        
                    4            0.9838             -6.10        
                    5            0.9713            -11.24        
                    6            0.9734             -7.95        
                    7            0.9611            -10.04        
                    8            0.9687             -8.96        
                    9            1.0078            -12.77        
                   10            0.9926            -15.35        
                   11            1.0546            -12.77        
                   12            1.0217            -14.38        
                   13            1.0538            -14.39        
                   14            0.9990            -15.70        
                   15            0.9911            -15.77        
                   16            0.9986            -15.15        
                   17            0.9875            -15.61        
                   18            0.9742            -16.65        
                   19            0.9687            -16.89        
                   20            0.9735            -16.60        
                   21            0.9750            -15.98        
                   22            0.9758            -15.95        
                   23            0.9731            -16.27        
                   24            0.9605            -16.42        
                   25            0.9581            -15.69        
                   26            0.9323            -16.42        
                   27            0.9690            -14.80        
                   28            0.9658             -8.84        
                   29            0.9402            -16.64        
                   30            0.9236            -17.96        
----------------------------------------------------------------------------------
Convergiu em:    3 iteraçoes. 
----------------------------------------------------------------------------------
--- RESIDUOS NORMALIZADOS --------------------------------------------------------
   N    D    P  TP      Real     Medido   Estimado      Med-Est        rn 
----------------------------------------------------------------------------------
  95    2    5  1    +1.2031    +1.2259    +1.1978  +2.8080e-02      0.298 
 177    5    2  1    -1.1383    -1.1131    -1.1335  +2.0370e-02      0.219 
  29    0   29  6    +0.9394    +0.9262    +0.9402  -1.3971e-02      0.211 
 139    5    7  4    +0.1251    +0.1317    +0.1232  +8.5361e-03      0.186 
   7    0    7  6    +0.9611    +0.9737    +0.9611  +1.2637e-02      0.185 
 131    6   28  1    +0.2584    +0.2483    +0.2582  -9.8246e-03      0.184 
  38    0    8  2    -0.3990    -0.4097    -0.4000  -9.7810e-03      0.182 
 239   17   10  4    -0.0348    -0.0402    -0.0333  -6.8334e-03      0.181 
  72    0   12  5    -0.1000    -0.0941    -0.0994  +5.2979e-03      0.181 
 179    6    4  1    -0.7527    -0.7646    -0.7509  -1.3677e-02      0.180 
  56    0   26  2    -0.0470    -0.0429    -0.0498  +6.8972e-03      0.178 
  93    2    4  1    +0.8504    +0.8320    +0.8467  -1.4668e-02      0.176 
 229   13   12  4    +0.2400    +0.2499    +0.2414  +8.5133e-03      0.175 
  27    0   27  6    +0.9680    +0.9809    +0.9690  +1.1862e-02      0.174 
 100    6    8  1    +0.3960    +0.3869    +0.3968  -9.8836e-03      0.172 
  30    0   30  6    +0.9229    +0.9348    +0.9236  +1.1114e-02      0.171 
   9    0    9  6    +1.0076    +1.0197    +1.0078  +1.1890e-02      0.170 
   8    0    8  6    +0.9686    +0.9572    +0.9687  -1.1551e-02      0.169 
  61    0    1  5    +0.6235    +0.6090    +0.6197  -1.0712e-02      0.168 
  23    0   23  6    +0.9726    +0.9617    +0.9731  -1.1366e-02      0.166 
  63    0    3  5    -0.0160    -0.0212    -0.0162  -5.0024e-03      0.166 
  18    0   18  6    +0.9741    +0.9852    +0.9742  +1.1017e-02      0.161 
 120   15   23  1    +0.0696    +0.0755    +0.0687  +6.7809e-03      0.161 
 237   20   19  4    +0.0259    +0.0207    +0.0268  -6.0433e-03      0.160 
  12    0   12  6    +1.0212    +1.0106    +1.0217  -1.1140e-02      0.159 
 214    2    1  4    -0.4371    -0.4445    -0.4347  -9.7858e-03      0.158 
 228   12    4  4    -0.0925    -0.0981    -0.0912  -6.8747e-03      0.157 
 117   10   21  1    +0.2048    +0.1983    +0.2062  -7.8957e-03      0.157 
 150   12   16  4    +0.0701    +0.0638    +0.0705  -6.7024e-03      0.157 
 147   12   13  4    -0.2327    -0.2264    -0.2341  +7.6984e-03      0.156 
  43    0   13  2    -0.0000    +0.0043    -0.0009  +5.1699e-03      0.149 
   1    0    1  6    +1.0600    +1.0707    +1.0600  +1.0700e-02      0.149 
 186   10    9  1    -0.4081    -0.4179    -0.4091  -8.8738e-03      0.146 
 190   15   12  1    -0.2407    -0.2505    -0.2427  -7.7731e-03      0.145 
 170   29   30  4    +0.0085    +0.0033    +0.0089  -5.6268e-03      0.144 
  52    0   22  2    -0.0000    -0.0023    +0.0017  -4.0195e-03      0.142 
   5    0    5  6    +0.9716    +0.9616    +0.9713  -9.6931e-03      0.142 
 107   12   14  1    +0.1075    +0.1043    +0.1108  -6.4796e-03      0.140 
  68    0    8  5    +0.0010    +0.0053    +0.0007  +4.5483e-03      0.139 
 112   15   18  1    +0.0858    +0.0914    +0.0855  +5.9321e-03      0.137 
 210   30   27  1    -0.0922    -0.0856    -0.0918  +6.2266e-03      0.136 
 187   12    4  1    -0.6055    -0.6162    -0.6066  -9.6779e-03      0.135 
 181    7    6  1    -0.4193    -0.4089    -0.4168  +7.8993e-03      0.135 
 163   23   24  4    +0.0321    +0.0273    +0.0328  -5.4844e-03      0.135 
  98    5    7  1    -0.1147    -0.1096    -0.1152  +5.6155e-03      0.134 
 224    9    6  4    +0.0780    +0.0835    +0.0778  +5.7315e-03      0.133 
  73    0   13  5    +0.2400    +0.2479    +0.2414  +6.4633e-03      0.133 
 217    4    3  4    -0.1813    -0.1869    -0.1806  -6.3711e-03      0.131 
 162   22   24  4    +0.0414    +0.0447    +0.0394  +5.2103e-03      0.130 
 223    8    6  4    +0.0056    +0.0003    +0.0049  -4.6310e-03      0.128 
 142    6    9  4    -0.0427    -0.0378    -0.0429  +5.1462e-03      0.127 
 161   15   23  4    +0.0547    +0.0494    +0.0546  -5.1892e-03      0.125 
 110   14   15  1    +0.0240    +0.0272    +0.0221  +5.0464e-03      0.125 
 184   10    6  1    -0.2317    -0.2240    -0.2309  +6.8924e-03      0.122 
 248   27   25  4    +0.0115    +0.0162    +0.0117  +4.5438e-03      0.122 
  80    0   20  5    -0.0090    -0.0049    -0.0087  +3.8283e-03      0.122 
  13    0   13  6    +1.0531    +1.0452    +1.0538  -8.6338e-03      0.121 
  57    0   27  2    +0.0000    -0.0024    +0.0005  -2.9102e-03      0.121 
 215    3    1  4    -0.2030    -0.2086    -0.2024  -6.2740e-03      0.118 
  97    4    6  1    +0.7598    +0.7490    +0.7580  -8.9796e-03      0.118 
 238   20   10  4    -0.0349    -0.0309    -0.0355  +4.6016e-03      0.117 
  78    0   18  5    -0.0120    -0.0151    -0.0114  -3.7240e-03      0.117 
 133    1    3  4    +0.2263    +0.2192    +0.2254  -6.2785e-03      0.116 
  88    0   28  5    +0.0000    -0.0011    -0.0045  +3.3158e-03      0.116 
 233   15   14  4    -0.0141    -0.0195    -0.0149  -4.6107e-03      0.115 
 199   21   10  1    -0.2027    -0.2098    -0.2041  -5.7583e-03      0.114 
  77    0   17  5    -0.0770    -0.0717    -0.0758  +4.1437e-03      0.113 
  85    0   25  5    +0.0000    +0.0034    +0.0002  +3.1534e-03      0.113 
 149   12   15  4    +0.1167    +0.1116    +0.1168  -5.1473e-03      0.112 
  41    0   11  2    +0.0000    -0.0042    -0.0003  -3.9117e-03      0.112 
 176    4    3  1    -0.5698    -0.5766    -0.5689  -7.7126e-03      0.112 
 119   21   22  1    -0.0303    -0.0346    -0.0304  -4.2308e-03      0.112 
 185   11    9  1    -0.0000    +0.0036    -0.0003  +3.8483e-03      0.110 
  17    0   17  6    +0.9869    +0.9950    +0.9875  +7.5158e-03      0.109 
  50    0   20  2    -0.0290    -0.0281    -0.0316  +3.4358e-03      0.109 
  53    0   23  2    -0.0430    -0.0389    -0.0425  +3.6149e-03      0.109 
 143    6   10  4    +0.0371    +0.0318    +0.0365  -4.7134e-03      0.108 
 104    9   10  1    +0.4081    +0.4025    +0.4091  -6.5562e-03      0.108 
   2    0    2  6    +1.0450    +1.0373    +1.0450  -7.6847e-03      0.108 
 211   30   29  1    -0.0488    -0.0527    -0.0482  -4.4971e-03      0.108 
 156   10   20  4    +0.0380    +0.0430    +0.0388  +4.2304e-03      0.108 
  58    0   28  2    -0.0000    -0.0010    +0.0017  -2.6900e-03      0.107 
 164   24   25  4    +0.0226    +0.0251    +0.0210  +4.1541e-03      0.106 
 151   14   15  4    +0.0143    +0.0193    +0.0151  +4.2173e-03      0.105 
  92    1    3  1    +0.6248    +0.6319    +0.6241  +7.7625e-03      0.105 
 241   22   10  4    -0.0601    -0.0565    -0.0611  +4.6424e-03      0.103 
 221    7    5  4    -0.1403    -0.1335    -0.1384  +4.8678e-03      0.103 
  89    0   29  5    -0.0120    -0.0087    -0.0121  +3.3468e-03      0.103 
 127   27   29  1    +0.0833    +0.0878    +0.0834  +4.4082e-03      0.101 
  19    0   19  6    +0.9687    +0.9755    +0.9687  +6.8441e-03      0.100 
 198   17   10  1    -0.0651    -0.0621    -0.0660  +3.9484e-03      0.100 
  79    0   19  5    -0.0450    -0.0510    -0.0476  -3.4179e-03      0.098 
 159   10   22  4    +0.0621    +0.0675    +0.0632  +4.3628e-03      0.097 
 128   27   30  1    +0.0955    +0.0995    +0.0951  +4.4130e-03      0.097 
  33    0    3  2    -0.0320    -0.0348    -0.0323  -2.5490e-03      0.096 
 218    5    2  4    +0.0219    +0.0221    +0.0184  +3.7504e-03      0.094 
  49    0   19  2    -0.1260    -0.1219    -0.1257  +3.7612e-03      0.094 
 201   22   21  1    +0.0303    +0.0339    +0.0304  +3.5241e-03      0.093 
 208   27   28  1    -0.2522    -0.2484    -0.2534  +5.0182e-03      0.093 
  25    0   25  6    +0.9573    +0.9519    +0.9581  -6.1972e-03      0.092 
  91    1    2  1    -0.4252    -0.4217    -0.4164  -5.3633e-03      0.090 
 253   28    8  4    -0.0354    -0.0398    -0.0358  -3.9274e-03      0.090 
  96    2    6  1    +1.0231    +1.0110    +1.0190  -7.9897e-03      0.089 
 200   22   10  1    -0.0968    -0.0933    -0.0975  +4.1923e-03      0.089 
  51    0   21  2    -0.2330    -0.2304    -0.2344  +4.0109e-03      0.087 
  86    0   26  5    -0.0310    -0.0265    -0.0298  +3.2496e-03      0.086 
 195   19   18  1    -0.0418    -0.0442    -0.0409  -3.2619e-03      0.083 
  90    0   30  5    -0.0250    -0.0289    -0.0261  -2.7908e-03      0.082 
 154   18   19  4    +0.0199    +0.0249    +0.0217  +3.1167e-03      0.082 
 193   17   16  1    -0.0549    -0.0496    -0.0530  +3.3722e-03      0.082 
 245   24   23  4    -0.0316    -0.0290    -0.0323  +3.2839e-03      0.080 
 189   14   12  1    -0.1060    -0.1129    -0.1092  -3.7232e-03      0.080 
 136    2    5  4    +0.2081    +0.2136    +0.2094  +4.1596e-03      0.079 
 124   25   26  1    +0.0479    +0.0538    +0.0508  +3.0071e-03      0.078 
 188   13   12  1    -0.0000    -0.0036    -0.0009  -2.6901e-03      0.078 
 129   29   30  1    +0.0495    +0.0457    +0.0489  -3.2237e-03      0.078 
 155   19   20  4    -0.0254    -0.0233    -0.0262  +2.8927e-03      0.076 
 153   15   18  4    +0.0338    +0.0381    +0.0350  +3.0522e-03      0.076 
 242   22   21  4    +0.0186    +0.0239    +0.0211  +2.8326e-03      0.076 
 146    4   12  4    +0.1846    +0.1798    +0.1835  -3.7263e-03      0.075 
  46    0   16  2    -0.0470    -0.0452    -0.0476  +2.4498e-03      0.074 
 126   28   27  1    +0.2522    +0.2574    +0.2534  +3.9618e-03      0.073 
 108   12   15  1    +0.2453    +0.2436    +0.2475  -3.8949e-03      0.073 
 172    6   28  4    +0.0444    +0.0491    +0.0463  +2.8750e-03      0.072 
  82    0   22  5    +0.0000    -0.0027    -0.0006  -2.0846e-03      0.072 
  84    0   24  5    -0.0890    -0.0917    -0.0892  -2.5235e-03      0.072 
 125   25   27  1    -0.0728    -0.0778    -0.0748  -2.9792e-03      0.072 
 102    6   10  1    +0.2317    +0.2349    +0.2309  +3.9876e-03      0.071 
 209   29   27  1    -0.0815    -0.0847    -0.0816  -3.0931e-03      0.071 
  16    0   16  6    +0.9981    +0.9938    +0.9986  -4.8818e-03      0.070 
  47    0   17  2    -0.1200    -0.1217    -0.1190  -2.7294e-03      0.070 
 216    4    2  4    -0.0443    -0.0418    -0.0448  +2.9868e-03      0.069 
  48    0   18  2    -0.0430    -0.0412    -0.0435  +2.3023e-03      0.069 
 158   10   21  4    +0.1350    +0.1411    +0.1379  +3.1586e-03      0.068 
 144    9   11  4    -0.2292    -0.2232    -0.2266  +3.3679e-03      0.067 
 101    6    9  1    +0.4081    +0.4009    +0.4051  -4.1795e-03      0.067 
 178    6    2  1    -0.9659    -0.9563    -0.9622  +5.8455e-03      0.066 
 194   18   15  1    -0.0849    -0.0817    -0.0846  +2.8556e-03      0.066 
 226   11    9  4    +0.2400    +0.2403    +0.2371  +3.2192e-03      0.065 
 121   22   24  1    +0.0665    +0.0716    +0.0689  +2.7240e-03      0.065 
 111   16   17  1    +0.0552    +0.0506    +0.0533  -2.6802e-03      0.065 
  36    0    6  2    -0.0000    +0.0006    -0.0004  +1.0171e-03      0.064 
 251   30   27  4    -0.0178    -0.0159    -0.0185  +2.5700e-03      0.063 
  74    0   14  5    -0.0210    -0.0221    -0.0201  -2.0001e-03      0.062 
 183    9    6  1    -0.4081    -0.4013    -0.4051  +3.7295e-03      0.060 
 206   26   25  1    -0.0470    -0.0521    -0.0498  -2.2628e-03      0.058 
  42    0   12  2    -0.1490    -0.1433    -0.1451  +1.7904e-03      0.058 
  45    0   15  2    -0.1090    -0.1086    -0.1105  +1.8347e-03      0.058 
 212   28    8  1    +0.0050    +0.0029    +0.0052  -2.3284e-03      0.057 
 207   27   25  1    +0.0734    +0.0778    +0.0755  +2.3403e-03      0.056 
  22    0   22  6    +0.9756    +0.9797    +0.9758  +3.8527e-03      0.056 
 202   23   15  1    -0.0688    -0.0656    -0.0679  +2.3452e-03      0.056 
 167   28   27  4    +0.0877    +0.0831    +0.0855  -2.3748e-03      0.054 
  65    0    5  5    +0.1470    +0.1395    +0.1415  -2.0535e-03      0.052 
  69    0    9  5    +0.0000    -0.0012    +0.0000  -1.2172e-03      0.048 
 166   25   27  4    -0.0102    -0.0086    -0.0104  +1.7899e-03      0.048 
  55    0   25  2    -0.0000    +0.0014    +0.0001  +1.2917e-03      0.048 
 152   16   17  4    +0.0431    +0.0453    +0.0434  +1.8927e-03      0.046 
  67    0    7  5    -0.1450    -0.1446    -0.1466  +1.9160e-03      0.046 
 227   10    9  4    -0.1307    -0.1303    -0.1283  -2.0756e-03      0.046 
  44    0   14  2    -0.0820    -0.0887    -0.0870  -1.6568e-03      0.046 
 148   12   14  4    +0.0385    +0.0367    +0.0386  -1.8960e-03      0.046 
  60    0   30  2    -0.1410    -0.1419    -0.1400  -1.8705e-03      0.045 
  75    0   15  5    -0.0330    -0.0315    -0.0328  +1.2370e-03      0.045 
 118   10   22  1    +0.0978    +0.1006    +0.0985  +2.1066e-03      0.044 
 249   27   28  4    -0.0593    -0.0589    -0.0570  -1.8535e-03      0.044 
 105    4   12  1    +0.6055    +0.6097    +0.6066  +3.1479e-03      0.044 
 113   18   19  1    +0.0419    +0.0394    +0.0411  -1.6834e-03      0.043 
 135    3    4  4    +0.1870    +0.1883    +0.1862  +2.0816e-03      0.043 
 230   14   12  4    -0.0353    -0.0369    -0.0352  -1.7474e-03      0.042 
  40    0   10  2    -0.1570    -0.1496    -0.1509  +1.2871e-03      0.042 
 175    4    2  1    -0.8115    -0.8047    -0.8082  +3.4513e-03      0.042 
  21    0   21  6    +0.9748    +0.9778    +0.9750  +2.8337e-03      0.041 
  20    0   20  6    +0.9735    +0.9707    +0.9735  -2.7736e-03      0.041 
  71    0   11  5    +0.2400    +0.2351    +0.2371  -1.9808e-03      0.040 
  35    0    5  2    -1.2530    -1.2523    -1.2487  -3.5943e-03      0.040 
 231   15   12  4    -0.1075    -0.1056    -0.1074  +1.8247e-03      0.040 
  59    0   29  2    -0.0320    -0.0314    -0.0327  +1.3132e-03      0.040 
  99    6    7  1    +0.4243    +0.4242    +0.4219  +2.3383e-03      0.040 
   6    0    6  6    +0.9732    +0.9761    +0.9734  +2.7412e-03      0.040 
 182    8    6  1    -0.3940    -0.3925    -0.3948  +2.2596e-03      0.039 
 213   28    6  1    -0.2572    -0.2590    -0.2569  -2.0834e-03      0.039 
  66    0    6  5    +0.0000    +0.0050    +0.0041  +8.4359e-04      0.039 
 106   12   13  1    +0.0000    +0.0022    +0.0009  +1.3401e-03      0.039 
 225   10    6  4    -0.0067    -0.0048    -0.0064  +1.5705e-03      0.038 
 219    6    2  4    -0.0143    -0.0165    -0.0150  -1.5361e-03      0.038 
  70    0   10  5    -0.0540    -0.0492    -0.0482  -9.8282e-04      0.038 
  87    0   27  5    +0.0000    +0.0046    +0.0037  +9.7877e-04      0.037 
 157   10   17  4    +0.0353    +0.0324    +0.0338  -1.3704e-03      0.036 
 174    3    1  1    -0.6066    -0.6086    -0.6059  -2.6634e-03      0.036 
 116   10   17  1    +0.0653    +0.0676    +0.0662  +1.3799e-03      0.035 
 123   24   25  1    -0.0246    -0.0226    -0.0239  +1.2897e-03      0.033 
 244   24   22  4    -0.0403    -0.0369    -0.0383  +1.3159e-03      0.033 
 235   18   15  4    -0.0319    -0.0318    -0.0331  +1.2893e-03      0.032 
  28    0   28  6    +0.9657    +0.9636    +0.9658  -2.2069e-03      0.032 
  76    0   16  5    -0.0240    -0.0232    -0.0242  +9.8731e-04      0.031 
   4    0    4  6    +0.9836    +0.9817    +0.9838  -2.0844e-03      0.030 
 173    2    1  1    +0.4314    +0.4207    +0.4224  -1.7101e-03      0.029 
  94    3    4  1    +0.5746    +0.5756    +0.5737  +1.9544e-03      0.028 
 132    1    2  4    +0.3972    +0.3926    +0.3943  -1.6534e-03      0.028 
 236   19   18  4    -0.0196    -0.0225    -0.0214  -1.0406e-03      0.027 
  11    0   11  6    +1.0549    +1.0526    +1.0546  -1.9415e-03      0.027 
  37    0    7  2    -0.3030    -0.2988    -0.3001  +1.2467e-03      0.027 
 254   28    6  4    -0.0523    -0.0530    -0.0541  +1.0681e-03      0.026 
  26    0   26  6    +0.9318    +0.9340    +0.9323  +1.7095e-03      0.026 
 140    6    7  4    +0.0044    +0.0086    +0.0077  +9.1206e-04      0.026 
  83    0   23  5    -0.0210    -0.0194    -0.0202  +8.0151e-04      0.025 
  14    0   14  6    +0.9989    +0.9973    +0.9990  -1.6796e-03      0.024 
 115   10   20  1    +0.1149    +0.1192    +0.1181  +1.0477e-03      0.024 
 243   23   15  4    -0.0531    -0.0520    -0.0530  +9.3588e-04      0.023 
  81    0   21  5    -0.1490    -0.1533    -0.1543  +9.3588e-04      0.023 
 169   27   30  4    +0.0240    +0.0256    +0.0247  +8.8668e-04      0.022 
 234   17   16  4    -0.0421    -0.0416    -0.0425  +8.7709e-04      0.022 
 232   16   12  4    -0.0671    -0.0685    -0.0676  -8.8544e-04      0.021 
  62    0    2  5    +0.0457    +0.0486    +0.0482  +4.8889e-04      0.019 
  34    0    4  2    -0.0160    -0.0128    -0.0125  -3.6292e-04      0.019 
 247   26   25  4    -0.0310    -0.0291    -0.0298  +6.9959e-04      0.019 
  39    0    9  2    -0.0000    +0.0039    +0.0043  -4.2509e-04      0.018 
 171    8   28  4    -0.0046    -0.0049    -0.0042  -7.1063e-04      0.017 
 250   29   27  4    -0.0205    -0.0216    -0.0210  -6.5643e-04      0.017 
 196   20   19  1    +0.0845    +0.0844    +0.0851  -6.2850e-04      0.015 
 109   12   16  1    +0.1036    +0.1016    +0.1023  -6.7726e-04      0.015 
  10    0   10  6    +0.9921    +0.9936    +0.9926  +1.0266e-03      0.015 
 192   15   14  1    -0.0238    -0.0226    -0.0220  -5.9516e-04      0.015 
 204   24   23  1    -0.0256    -0.0246    -0.0252  +5.8056e-04      0.015 
 165   25   26  4    +0.0324    +0.0318    +0.0313  +5.2810e-04      0.014 
 222    7    6  4    -0.0047    -0.0077    -0.0082  +4.8817e-04      0.014 
 122   23   24  1    +0.0258    +0.0260    +0.0254  +5.4965e-04      0.014 
 130    8   28  1    -0.0050    -0.0057    -0.0052  -5.5065e-04      0.013 
 114   19   20  1    -0.0842    -0.0842    -0.0848  +5.5317e-04      0.013 
   3    0    3  6    +0.9983    +0.9993    +0.9984  +9.0208e-04      0.013 
 137    2    6  4    +0.1499    +0.1485    +0.1492  -6.1452e-04      0.012 
 205   25   24  1    +0.0249    +0.0245    +0.0241  +4.2378e-04      0.011 
 197   20   10  1    -0.1135    -0.1171    -0.1166  -4.7571e-04      0.011 
 103    9   11  1    +0.0000    +0.0006    +0.0003  +3.6167e-04      0.010 
 138    4    6  4    +0.0380    +0.0384    +0.0380  +3.9417e-04      0.010 
  15    0   15  6    +0.9907    +0.9917    +0.9911  +6.1754e-04      0.009 
 220    6    4  4    -0.0219    -0.0223    -0.0220  -2.8867e-04      0.008 
 180    7    5  1    +0.1163    +0.1171    +0.1168  +3.1733e-04      0.008 
  24    0   24  6    +0.9602    +0.9600    +0.9605  -4.7975e-04      0.007 
  31    0    1  2    +0.1997    +0.2075    +0.2077  -2.6077e-04      0.007 
 145    9   10  4    +0.1512    +0.1485    +0.1488  -2.9664e-04      0.006 
  32    0    2  2    +3.5080    +3.4866    +3.4858  +8.0248e-04      0.006 
 141    6    8  4    -0.0071    -0.0066    -0.0064  -2.1150e-04      0.006 
 160   21   22  4    -0.0186    -0.0209    -0.0211  +2.0348e-04      0.005 
 252   30   29  4    -0.0072    -0.0078    -0.0076  -1.9075e-04      0.005 
  64    0    4  5    -0.0030    -0.0037    -0.0039  +1.1353e-04      0.005 
 134    2    4  4    +0.1248    +0.1240    +0.1242  -2.2038e-04      0.004 
 246   25   24  4    -0.0222    -0.0205    -0.0206  +1.7532e-04      0.004 
 203   24   22  1    -0.0658    -0.0679    -0.0681  +1.7547e-04      0.004 
 168   27   29  4    +0.0238    +0.0242    +0.0243  -1.2825e-04      0.003 
 191   16   12  1    -0.1022    -0.1008    -0.1009  +9.0054e-05      0.002 
  54    0   24  2    -0.1160    -0.1171    -0.1172  +6.5779e-05      0.002 
 240   21   10  4    -0.1304    -0.1333    -0.1332  -3.7607e-05      0.001 
----------------------------------------------------------------------------------
Não foram identificados erros grosseiros.
Não foram identificadas medidas críticas.
Possíveis conjuntos críticos:
Conjunto 1: 246 134
Conjunto 2: 141 32
Conjunto 3: 122 222
Conjunto 4: 192 10
Conjunto 5: 109 196
Conjunto 6: 39 247
Conjunto 7: 234 169
Conjunto 8: 81 243
Conjunto 9: 140 26
Conjunto 10: 37 11 236
Conjunto 11: 11 236
Conjunto 12: 94 173
Conjunto 13: 28 235
Conjunto 14: 174 157
Conjunto 15: 87 70
Conjunto 16: 70 219 225
Conjunto 17: 219 225
Conjunto 18: 106 66 213
Conjunto 19: 66 213
Conjunto 20: 213 182
Conjunto 21: 6 99 59 231 35 71
Conjunto 22: 99 59 231 35 71
Conjunto 23: 59 231 35 71
Conjunto 24: 231 35 71 20
Conjunto 25: 35 71 20
Conjunto 26: 71 20
Conjunto 27: 175 40 230
Conjunto 28: 40 230
Conjunto 29: 230 135
Conjunto 30: 135 113
Conjunto 31: 105 249
Conjunto 32: 118 75 60
Conjunto 33: 75 60
Conjunto 34: 148 44 227
Conjunto 35: 44 227
Conjunto 36: 227 67 152
Conjunto 37: 67 152
Conjunto 38: 166 69
Conjunto 39: 22 207
Conjunto 40: 207 212
Conjunto 41: 45 42
Conjunto 42: 111 121 226
Conjunto 43: 121 226 194
Conjunto 44: 226 194
Conjunto 45: 194 178
Conjunto 46: 101 144
Conjunto 47: 144 158
Conjunto 48: 48 216
Conjunto 49: 216 47
Conjunto 50: 47 16
Conjunto 51: 16 209 102
Conjunto 52: 209 102
Conjunto 53: 125 84 82
Conjunto 54: 84 82
Conjunto 55: 82 172
Conjunto 56: 172 108
Conjunto 57: 108 126
Conjunto 58: 46 146
Conjunto 59: 242 153 155
Conjunto 60: 153 155
Conjunto 61: 129 188
Conjunto 62: 188 124
Conjunto 63: 124 136
Conjunto 64: 189 245
Conjunto 65: 193 154 90
Conjunto 66: 154 90
Conjunto 67: 86 51
Conjunto 68: 200 96
Conjunto 69: 96 253
Conjunto 70: 253 91
Conjunto 71: 208 201
Conjunto 72: 201 49
Conjunto 73: 49 218
Conjunto 74: 33 128 159
Conjunto 75: 128 159
Conjunto 76: 159 79
Conjunto 77: 198 19 127
Conjunto 78: 19 127
Conjunto 79: 89 221 241
Conjunto 80: 221 241
Conjunto 81: 92 151 164
Conjunto 82: 151 164
Conjunto 83: 164 58
Conjunto 84: 58 156 211 2
Conjunto 85: 156 211 2 104 143 53 50
Conjunto 86: 211 2 104 143 53 50
Conjunto 87: 2 104 143 53 50
Conjunto 88: 104 143 53 50 17
Conjunto 89: 143 53 50 17
Conjunto 90: 53 50 17
Conjunto 91: 50 17
Conjunto 92: 119 176 41 149 85 77
Conjunto 93: 176 41 149 85 77
Conjunto 94: 41 149 85 77
Conjunto 95: 149 85 77
Conjunto 96: 85 77
Conjunto 97: 199 233
Conjunto 98: 233 88 133
Conjunto 99: 88 133 78
Conjunto 100: 133 78
Conjunto 101: 78 238 97
Conjunto 102: 238 97 215
Conjunto 103: 97 215
Conjunto 104: 57 13 80
Conjunto 105: 13 80 248
Conjunto 106: 80 248 184
Conjunto 107: 248 184
Conjunto 108: 110 161
Conjunto 109: 142 223
Conjunto 110: 162 217
Conjunto 111: 73 224 98
Conjunto 112: 224 98 163
Conjunto 113: 98 163 181
Conjunto 114: 163 181 187
Conjunto 115: 181 187 210
Conjunto 116: 187 210
Conjunto 117: 210 112
Conjunto 118: 68 107
Conjunto 119: 107 5
Conjunto 120: 5 52
Conjunto 121: 170 190
Conjunto 122: 190 186
Conjunto 123: 1 43
Conjunto 124: 147 150 117 228
Conjunto 125: 150 117 228 214
Conjunto 126: 117 228 214
Conjunto 127: 228 214 12
Conjunto 128: 214 12 237
Conjunto 129: 12 237
Conjunto 130: 237 120 18
Conjunto 131: 120 18
Conjunto 132: 63 23
Conjunto 133: 61 8
Conjunto 134: 8 9
Conjunto 135: 9 30 100
Conjunto 136: 30 100
Conjunto 137: 27 229 93
Conjunto 138: 229 93
Conjunto 139: 56 179
Conjunto 140: 179 72 239
Conjunto 141: 72 239 38
Conjunto 142: 239 38
Conjunto 143: 38 131
Conjunto 144: 131 7 139
Conjunto 145: 7 139
