================================================================================= 
=== UFF - Doutorado em Computação - Aplicaçoes em Sistemas de Potencia        === 
=== ESTIMADOR DE ESTADO MÍNIMOS QUADRADOS PONDERADOS INCLUINDO MEDIDAS DE PMU === 
=== Desenvolvido por: Rui Menezes de Moraes - 2009                            === 
================================================================================= 
Arquivo de medidores:          F:\Documents\Uff\Artigos\SimSEP\VERSAO WELDAN V2\Codigos\Med\ieee30_12_1200.med
Arquivo do sistema:            F:\Documents\Uff\Artigos\SimSEP\VERSAO WELDAN V2\Codigos\Carga\ieee30_12_1200.txt
Tolerância entre iteraçoes:     1.00e-04
Limite de iteraçoes:           100

--- DADOS DA REDE --------------------------------------------------------------- 
Data do caso:                  08/20/93
Origem:                        UW ARCHIVE          
MVA base:                      100
Ano:                           1961
Estação:                       W
Identificação:                 IEEE 30 Bus Test Case
Número de barras:              30 
Número de ramos:               41 
Referência na barra:           1

--- TELEMEDIDAS ------------------------------------------------------------------
    Tipo 1 = Fluxo de potencia ativa        Tipo  6 = Módulo da tensão            
    Tipo 2 = Injeção de potencia ativa      Tipo  7 = Corrente de ramo (real)     
    Tipo 3 = Ângulo de fase da tensão       Tipo  8 = Corrente de ramo (imag)     
    Tipo 4 = Fluxo de potencia reativa      Tipo  9 = Injeção de corrente (real)  
    Tipo 5 = Injeção de potencia reativa    Tipo 10 = Injeção de corrente (imag)  
----------------------------------------------------------------------------------
   N    D    P TP  PN ST   Exa   FS       DP      V_Ref      V_Med          E(%) 
----------------------------------------------------------------------------------
   1    0    1  6   0  0 0.015 01.1  0.00530   +1.06000   +1.05754     -0.232075 
   2    0    2  6   0  0 0.015 01.1  0.00522   +1.04500   +1.05891     +1.331100 
   3    0    3  6   0  0 0.015 01.1  0.00499   +0.99877   +0.98382     -1.496841 
   4    0    4  6   0  0 0.015 01.1  0.00492   +0.98421   +0.99842     +1.443798 
   5    0    5  6   0  0 0.015 01.1  0.00486   +0.97194   +0.97398     +0.209889 
   6    0    6  6   0  0 0.015 01.1  0.00487   +0.97382   +0.96933     -0.461071 
   7    0    7  6   0  0 0.015 01.1  0.00481   +0.96167   +0.96333     +0.172616 
   8    0    8  6   0  0 0.015 01.1  0.00485   +0.96922   +0.96340     -0.600483 
   9    0    9  6   0  0 0.015 01.1  0.00504   +1.00866   +0.99835     -1.022148 
  10    0   10  6   0  0 0.015 01.1  0.00497   +0.99334   +0.99827     +0.496305 
  11    0   11  6   0  0 0.015 01.1  0.00528   +1.05594   +1.06177     +0.552115 
  12    0   12  6   0  0 0.015 01.1  0.00511   +1.02213   +1.03110     +0.877579 
  13    0   13  6   0  0 0.015 01.1  0.00527   +1.05401   +1.04923     -0.453506 
  14    0   14  6   0  0 0.015 01.1  0.00500   +0.99983   +0.99233     -0.750128 
  15    0   15  6   0  0 0.015 01.1  0.00496   +0.99173   +0.98712     -0.464844 
  16    0   16  6   0  0 0.015 01.1  0.00500   +0.99920   +0.99406     -0.514412 
  17    0   17  6   0  0 0.015 01.1  0.00494   +0.98816   +1.00083     +1.282181 
  18    0   18  6   0  0 0.015 01.1  0.00488   +0.97520   +0.98269     +0.768048 
  19    0   19  6   0  0 0.015 01.1  0.00485   +0.96988   +0.96371     -0.636161 
  20    0   20  6   0  0 0.015 01.1  0.00487   +0.97465   +0.97775     +0.318063 
  21    0   21  6   0  0 0.015 01.1  0.00488   +0.97602   +0.98381     +0.798139 
  22    0   22  6   0  0 0.015 01.1  0.00488   +0.97682   +0.98697     +1.039086 
  23    0   23  6   0  0 0.015 01.1  0.00487   +0.97364   +0.98538     +1.205784 
  24    0   24  6   0  0 0.015 01.1  0.00481   +0.96129   +0.96405     +0.287114 
  25    0   25  6   0  0 0.015 01.1  0.00479   +0.95830   +0.94590     -1.293958 
  26    0   26  6   0  0 0.015 01.1  0.00466   +0.93279   +0.92490     -0.845850 
  27    0   27  6   0  0 0.015 01.1  0.00484   +0.96883   +0.97957     +1.108554 
  28    0   28  6   0  0 0.015 01.1  0.00483   +0.96637   +0.96389     -0.256630 
  29    0   29  6   0  0 0.015 01.1  0.00470   +0.94022   +0.94477     +0.483929 
  30    0   30  6   0  0 0.015 01.1  0.00462   +0.92376   +0.93161     +0.849788 
  31    0    1  2   0  0 0.020 01.0  0.00307   +0.20016   +0.19552     -2.318145 
  32    0    2  2   0  0 0.020 01.0  0.02503   +3.49500   +3.50317     +0.233763 
  33    0    3  2   0  0 0.020 01.0  0.00195   -0.03200   -0.03516     +9.875000 
  34    0    4  2   0  0 0.020 01.0  0.00182   -0.01300   -0.01838    +41.384615 
  35    0    5  2   0  0 0.020 01.0  0.01009   -1.25300   -1.23686     -1.288109 
  36    0    6  2   0  0 0.020 01.0  0.00173   -0.00000   -0.00497     +0.000000 
  37    0    7  2   0  0 0.020 01.0  0.00375   -0.30300   -0.30541     +0.795380 
  38    0    8  2   0  0 0.020 01.0  0.00439   -0.39900   -0.40552     +1.634085 
  39    0    9  2   0  0 0.020 01.0  0.00173   -0.00000   -0.00308     +0.000000 
  40    0   10  2   0  0 0.020 01.0  0.00273   -0.14900   -0.14635     -1.778523 
  41    0   11  2   0  0 0.020 01.0  0.00173   +0.00000   +0.00431     +0.000000 
  42    0   12  2   0  0 0.020 01.0  0.00273   -0.14900   -0.15707     +5.416107 
  43    0   13  2   0  0 0.020 01.0  0.00173   +0.00000   +0.00256     +0.000000 
  44    0   14  2   0  0 0.020 01.0  0.00228   -0.08200   -0.07790     -5.000000 
  45    0   15  2   0  0 0.020 01.0  0.00246   -0.10900   -0.10298     -5.522936 
  46    0   16  2   0  0 0.020 01.0  0.00205   -0.04700   -0.04117    -12.404255 
  47    0   17  2   0  0 0.020 01.0  0.00253   -0.12000   -0.12578     +4.816667 
  48    0   18  2   0  0 0.020 01.0  0.00202   -0.04300   -0.04277     -0.534884 
  49    0   19  2   0  0 0.020 01.0  0.00257   -0.12600   -0.12103     -3.944444 
  50    0   20  2   0  0 0.020 01.0  0.00193   -0.02900   -0.02742     -5.448276 
  51    0   21  2   0  0 0.020 01.0  0.00329   -0.23300   -0.22405     -3.841202 
  52    0   22  2   0  0 0.020 01.0  0.00173   -0.00000   +0.00465     +0.000000 
  53    0   23  2   0  0 0.020 01.0  0.00202   -0.04300   -0.03734    -13.162791 
  54    0   24  2   0  0 0.020 01.0  0.00251   -0.11600   -0.12251     +5.612069 
  55    0   25  2   0  0 0.020 01.0  0.00173   -0.00000   -0.00065     +0.000000 
  56    0   26  2   0  0 0.020 01.0  0.00205   -0.04700   -0.04920     +4.680851 
  57    0   27  2   0  0 0.020 01.0  0.00173   +0.00000   -0.00381     +0.000000 
  58    0   28  2   0  0 0.020 01.0  0.00173   -0.00000   -0.00380     +0.000000 
  59    0   29  2   0  0 0.020 01.0  0.00195   -0.03200   -0.02843    -11.156250 
  60    0   30  2   0  0 0.020 01.0  0.00267   -0.14100   -0.14060     -0.283688 
  61    0    1  5   0  0 0.020 01.0  0.00587   +0.61986   +0.63549     +2.521537 
  62    0    2  5   0  0 0.020 01.0  0.00199   +0.03899   +0.04483    +14.978200 
  63    0    3  5   0  0 0.020 01.0  0.00184   -0.01600   -0.01699     +6.187500 
  64    0    4  5   0  0 0.020 01.0  0.00175   -0.00300   -0.00436    +45.333333 
  65    0    5  5   0  0 0.020 01.0  0.00271   +0.14700   +0.14255     -3.027211 
  66    0    6  5   0  0 0.020 01.0  0.00173   +0.00000   -0.00056     +0.000000 
  67    0    7  5   0  0 0.020 01.0  0.00270   -0.14500   -0.14879     +2.613793 
  68    0    8  5   0  0 0.020 01.0  0.00174   +0.00100   +0.00057    -43.000000 
  69    0    9  5   0  0 0.020 01.0  0.00173   +0.00000   -0.00070     +0.000000 
  70    0   10  5   0  0 0.020 01.0  0.00208   -0.05200   -0.05500     +5.769231 
  71    0   11  5   0  0 0.020 01.0  0.00333   +0.24000   +0.23267     -3.054167 
  72    0   12  5   0  0 0.020 01.0  0.00240   -0.10000   -0.10116     +1.160000 
  73    0   13  5   0  0 0.020 01.0  0.00333   +0.24000   +0.24014     +0.058333 
  74    0   14  5   0  0 0.020 01.0  0.00187   -0.02100   -0.02297     +9.380952 
  75    0   15  5   0  0 0.020 01.0  0.00195   -0.03300   -0.03084     -6.545455 
  76    0   16  5   0  0 0.020 01.0  0.00189   -0.02400   -0.02465     +2.708333 
  77    0   17  5   0  0 0.020 01.0  0.00225   -0.07700   -0.07787     +1.129870 
  78    0   18  5   0  0 0.020 01.0  0.00181   -0.01200   -0.00881    -26.583333 
  79    0   19  5   0  0 0.020 01.0  0.00203   -0.04500   -0.04115     -8.555556 
  80    0   20  5   0  0 0.020 01.0  0.00179   -0.00900   -0.00629    -30.111111 
  81    0   21  5   0  0 0.020 01.0  0.00273   -0.14900   -0.14427     -3.174497 
  82    0   22  5   0  0 0.020 01.0  0.00173   +0.00000   +0.00001     +0.000000 
  83    0   23  5   0  0 0.020 01.0  0.00187   -0.02100   -0.02038     -2.952381 
  84    0   24  5   0  0 0.020 01.0  0.00233   -0.08900   -0.08717     -2.056180 
  85    0   25  5   0  0 0.020 01.0  0.00173   +0.00000   -0.00418     +0.000000 
  86    0   26  5   0  0 0.020 01.0  0.00194   -0.03100   -0.03396     +9.548387 
  87    0   27  5   0  0 0.020 01.0  0.00173   +0.00000   +0.00120     +0.000000 
  88    0   28  5   0  0 0.020 01.0  0.00173   +0.00000   -0.00203     +0.000000 
  89    0   29  5   0  0 0.020 01.0  0.00181   -0.01200   -0.00910    -24.166667 
  90    0   30  5   0  0 0.020 01.0  0.00190   -0.02500   -0.02765    +10.600000 
  91    1    2  1   0  0 0.020 01.0  0.00455   -0.42212   -0.43468     +2.975457 
  92    1    3  1   0  0 0.020 01.0  0.00588   +0.62228   +0.61510     -1.153821 
  93    2    4  1   0  0 0.020 01.0  0.00738   +0.84650   +0.84899     +0.294152 
  94    3    4  1   0  0 0.020 01.0  0.00555   +0.57225   +0.58787     +2.729576 
  95    2    5  1   0  0 0.020 01.0  0.00974   +1.20117   +1.21222     +0.919936 
  96    2    6  1   0  0 0.020 01.0  0.00853   +1.01908   +1.03023     +1.094124 
  97    4    6  1   0  0 0.020 01.0  0.00679   +0.75931   +0.76172     +0.317393 
  98    5    7  1   0  0 0.020 01.0  0.00251   -0.11646   -0.11596     -0.429332 
  99    6    7  1   0  0 0.020 01.0  0.00457   +0.42612   +0.43643     +2.419506 
 100    6    8  1   0  0 0.020 01.0  0.00437   +0.39584   +0.39303     -0.709883 
 101    6    9  1   0  0 0.020 01.0  0.00443   +0.40489   +0.40377     -0.276618 
 102    6   10  1   0  0 0.020 01.0  0.00327   +0.22993   +0.22422     -2.483365 
 103    9   11  1   0  0 0.020 01.0  0.00173   +0.00000   +0.00268     +0.000000 
 104    9   10  1   0  0 0.020 01.0  0.00443   +0.40489   +0.40613     +0.306256 
 105    4   12  1   0  0 0.020 01.0  0.00575   +0.60317   +0.59825     -0.815690 
 106   12   13  1   0  0 0.020 01.0  0.00173   +0.00000   +0.00209     +0.000000 
 107   12   14  1   0  0 0.020 01.0  0.00245   +0.10731   +0.10156     -5.358308 
 108   12   15  1   0  0 0.020 01.0  0.00336   +0.24447   +0.23452     -4.070029 
 109   12   16  1   0  0 0.020 01.0  0.00242   +0.10239   +0.10380     +1.377088 
 110   14   15  1   0  0 0.020 01.0  0.00189   +0.02377   +0.02558     +7.614640 
 111   16   17  1   0  0 0.020 01.0  0.00209   +0.05400   +0.05501     +1.870370 
 112   15   18  1   0  0 0.020 01.0  0.00230   +0.08515   +0.09081     +6.647093 
 113   18   19  1   0  0 0.020 01.0  0.00201   +0.04123   +0.04287     +3.977686 
 114   19   20  1   0  0 0.020 01.0  0.00230   -0.08491   -0.08456     -0.412201 
 115   10   20  1   0  0 0.020 01.0  0.00250   +0.11560   +0.11199     -3.122837 
 116   10   17  1   0  0 0.020 01.0  0.00218   +0.06643   +0.06057     -8.821316 
 117   10   21  1   0  0 0.020 01.0  0.00310   +0.20552   +0.20983     +2.097120 
 118   10   22  1   0  0 0.020 01.0  0.00239   +0.09827   +0.09346     -4.894678 
 119   21   22  1   0  0 0.020 01.0  0.00193   -0.02962   -0.03216     +8.575287 
 120   15   23  1   0  0 0.020 01.0  0.00219   +0.06929   +0.06612     -4.574975 
 121   22   24  1   0  0 0.020 01.0  0.00218   +0.06764   +0.06826     +0.916617 
 122   23   24  1   0  0 0.020 01.0  0.00190   +0.02549   +0.02597     +1.883091 
 123   24   25  1   0  0 0.020 01.0  0.00189   -0.02385   -0.02058    -13.710692 
 124   25   26  1   0  0 0.020 01.0  0.00205   +0.04793   +0.05248     +9.493011 
 125   25   27  1   0  0 0.020 01.0  0.00221   -0.07200   -0.06818     -5.305556 
 126   28   27  1   0  0 0.020 01.0  0.00341   +0.25138   +0.26098     +3.818920 
 127   27   29  1   0  0 0.020 01.0  0.00229   +0.08327   +0.07888     -5.272007 
 128   27   30  1   0  0 0.020 01.0  0.00237   +0.09548   +0.10160     +6.409719 
 129   29   30  1   0  0 0.020 01.0  0.00206   +0.04951   +0.04388    -11.371440 
 130    8   28  1   0  0 0.020 01.0  0.00177   -0.00514   -0.00789    +53.501946 
 131    6   28  1   0  0 0.020 01.0  0.00345   +0.25777   +0.24760     -3.945378 
 132    1    2  4   0  0 0.020 01.0  0.00437   +0.39608   +0.40058     +1.136134 
 133    1    3  4   0  0 0.020 01.0  0.00323   +0.22378   +0.23161     +3.498972 
 134    2    4  4   0  0 0.020 01.0  0.00255   +0.12214   +0.12325     +0.908793 
 135    3    4  4   0  0 0.020 01.0  0.00297   +0.18517   +0.17903     -3.315872 
 136    2    5  4   0  0 0.020 01.0  0.00311   +0.20630   +0.20635     +0.024237 
 137    2    6  4   0  0 0.020 01.0  0.00271   +0.14672   +0.14782     +0.749727 
 138    4    6  4   0  0 0.020 01.0  0.00198   +0.03637   +0.03267    -10.173220 
 139    5    7  4   0  0 0.020 01.0  0.00256   +0.12434   +0.12164     -2.171465 
 140    6    7  4   0  0 0.020 01.0  0.00177   +0.00526   +0.00755    +43.536122 
 141    6    8  4   0  0 0.020 01.0  0.00178   -0.00721   -0.00665     -7.766990 
 142    6    9  4   0  0 0.020 01.0  0.00203   -0.04493   -0.04930     +9.726241 
 143    6   10  4   0  0 0.020 01.0  0.00197   +0.03581   +0.03439     -3.965373 
 144    9   11  4   0  0 0.020 01.0  0.00326   -0.22926   -0.23128     +0.881096 
 145    9   10  4   0  0 0.020 01.0  0.00273   +0.14951   +0.15076     +0.836064 
 146    4   12  4   0  0 0.020 01.0  0.00295   +0.18312   +0.17461     -4.647226 
 147   12   13  4   0  0 0.020 01.0  0.00329   -0.23274   -0.23121     -0.657386 
 148   12   14  4   0  0 0.020 01.0  0.00199   +0.03845   +0.04361    +13.420026 
 149   12   15  4   0  0 0.020 01.0  0.00251   +0.11645   +0.11053     -5.083727 
 150   12   16  4   0  0 0.020 01.0  0.00220   +0.06975   +0.07281     +4.387097 
 151   14   15  4   0  0 0.020 01.0  0.00183   +0.01427   +0.01943    +36.159776 
 152   16   17  4   0  0 0.020 01.0  0.00202   +0.04283   +0.04415     +3.081952 
 153   15   18  4   0  0 0.020 01.0  0.00196   +0.03373   +0.03631     +7.648977 
 154   18   19  4   0  0 0.020 01.0  0.00187   +0.01987   +0.01766    -11.122295 
 155   19   20  4   0  0 0.020 01.0  0.00190   -0.02542   -0.02589     +1.848938 
 156   10   20  4   0  0 0.020 01.0  0.00199   +0.03813   +0.03274    -14.135851 
 157   10   17  4   0  0 0.020 01.0  0.00197   +0.03557   +0.03422     -3.795333 
 158   10   21  4   0  0 0.020 01.0  0.00263   +0.13499   +0.13281     -1.614934 
 159   10   22  4   0  0 0.020 01.0  0.00215   +0.06215   +0.05942     -4.392599 
 160   21   22  4   0  0 0.020 01.0  0.00186   -0.01860   -0.01507    -18.978495 
 161   15   23  4   0  0 0.020 01.0  0.00210   +0.05468   +0.05406     -1.133870 
 162   22   24  4   0  0 0.020 01.0  0.00201   +0.04147   +0.04517     +8.922112 
 163   23   24  4   0  0 0.020 01.0  0.00195   +0.03208   +0.03547    +10.567332 
 164   24   25  4   0  0 0.020 01.0  0.00188   +0.02263   +0.02018    -10.826337 
 165   25   26  4   0  0 0.020 01.0  0.00195   +0.03238   +0.02734    -15.565164 
 166   25   27  4   0  0 0.020 01.0  0.00180   -0.01014   -0.01495    +47.435897 
 167   28   27  4   0  0 0.020 01.0  0.00231   +0.08731   +0.08922     +2.187607 
 168   27   29  4   0  0 0.020 01.0  0.00189   +0.02380   +0.02294     -3.613445 
 169   27   30  4   0  0 0.020 01.0  0.00189   +0.02404   +0.02864    +19.134775 
 170   29   30  4   0  0 0.020 01.0  0.00179   +0.00848   +0.00759    -10.495283 
 171    8   28  4   0  0 0.020 01.0  0.00176   -0.00466   -0.00832    +78.540773 
 172    6   28  4   0  0 0.020 01.0  0.00203   +0.04406   +0.04455     +1.112120 
 173    2    1  1   0  0 0.020 01.0  0.00459   +0.42826   +0.44029     +2.809041 
 174    3    1  1   0  0 0.020 01.0  0.00576   -0.60425   -0.59869     -0.920149 
 175    4    2  1   0  0 0.020 01.0  0.00712   -0.80804   -0.81254     +0.556903 
 176    4    3  1   0  0 0.020 01.0  0.00552   -0.56744   -0.57542     +1.406316 
 177    5    2  1   0  0 0.020 01.0  0.00931   -1.13654   -1.11710     -1.710455 
 178    6    2  1   0  0 0.020 01.0  0.00815   -0.96234   -0.94058     -2.261155 
 179    6    4  1   0  0 0.020 01.0  0.00675   -0.75221   -0.75719     +0.662049 
 180    7    5  1   0  0 0.020 01.0  0.00252   +0.11800   +0.11146     -5.542373 
 181    7    6  1   0  0 0.020 01.0  0.00454   -0.42100   -0.42967     +2.059382 
 182    8    6  1   0  0 0.020 01.0  0.00436   -0.39386   -0.39188     -0.502717 
 183    9    6  1   0  0 0.020 01.0  0.00443   -0.40489   -0.41324     +2.062289 
 184   10    6  1   0  0 0.020 01.0  0.00327   -0.22993   -0.23402     +1.778802 
 185   11    9  1   0  0 0.020 01.0  0.00173   -0.00000   -0.00040     +0.000000 
 186   10    9  1   0  0 0.020 01.0  0.00443   -0.40489   -0.40896     +1.005211 
 187   12    4  1   0  0 0.020 01.0  0.00575   -0.60317   -0.60945     +1.041166 
 188   13   12  1   0  0 0.020 01.0  0.00173   -0.00000   -0.00042     +0.000000 
 189   14   12  1   0  0 0.020 01.0  0.00244   -0.10577   -0.10964     +3.658882 
 190   15   12  1   0  0 0.020 01.0  0.00333   -0.23983   -0.24927     +3.936121 
 191   16   12  1   0  0 0.020 01.0  0.00241   -0.10100   -0.09871     -2.267327 
 192   15   14  1   0  0 0.020 01.0  0.00189   -0.02360   -0.02748    +16.440678 
 193   17   16  1   0  0 0.020 01.0  0.00209   -0.05375   -0.04995     -7.069767 
 194   18   15  1   0  0 0.020 01.0  0.00230   -0.08423   -0.08549     +1.495904 
 195   19   18  1   0  0 0.020 01.0  0.00201   -0.04109   -0.04317     +5.062059 
 196   20   19  1   0  0 0.020 01.0  0.00230   +0.08519   +0.08859     +3.991079 
 197   20   10  1   0  0 0.020 01.0  0.00249   -0.11419   -0.11051     -3.222699 
 198   17   10  1   0  0 0.020 01.0  0.00217   -0.06625   -0.07050     +6.415094 
 199   21   10  1   0  0 0.020 01.0  0.00309   -0.20338   -0.21047     +3.486085 
 200   22   10  1   0  0 0.020 01.0  0.00238   -0.09728   -0.10193     +4.780016 
 201   22   21  1   0  0 0.020 01.0  0.00193   +0.02963   +0.03111     +4.994938 
 202   23   15  1   0  0 0.020 01.0  0.00219   -0.06849   -0.06400     -6.555702 
 203   24   22  1   0  0 0.020 01.0  0.00218   -0.06689   -0.06675     -0.209299 
 204   24   23  1   0  0 0.020 01.0  0.00190   -0.02526   -0.02907    +15.083135 
 205   25   24  1   0  0 0.020 01.0  0.00189   +0.02407   +0.02651    +10.137100 
 206   26   25  1   0  0 0.020 01.0  0.00205   -0.04700   -0.04200    -10.638298 
 207   27   25  1   0  0 0.020 01.0  0.00222   +0.07263   +0.06888     -5.163156 
 208   27   28  1   0  0 0.020 01.0  0.00341   -0.25138   -0.24379     -3.019333 
 209   29   27  1   0  0 0.020 01.0  0.00228   -0.08151   -0.08545     +4.833763 
 210   30   27  1   0  0 0.020 01.0  0.00235   -0.09217   -0.08743     -5.142671 
 211   30   29  1   0  0 0.020 01.0  0.00206   -0.04883   -0.04439     -9.092771 
 212   28    8  1   0  0 0.020 01.0  0.00177   +0.00516   +0.00541     +4.844961 
 213   28    6  1   0  0 0.020 01.0  0.00344   -0.25654   -0.25701     +0.183207 
 214    2    1  4   0  0 0.020 01.0  0.00464   -0.43617   -0.42532     -2.487562 
 215    3    1  4   0  0 0.020 01.0  0.00307   -0.20117   -0.20919     +3.986678 
 216    4    2  4   0  0 0.020 01.0  0.00202   -0.04287   -0.04275     -0.279916 
 217    4    3  4   0  0 0.020 01.0  0.00293   -0.17962   -0.17750     -1.180269 
 218    5    2  4   0  0 0.020 01.0  0.00188   +0.02266   +0.02530    +11.650485 
 219    6    2  4   0  0 0.020 01.0  0.00182   -0.01270   -0.01565    +23.228346 
 220    6    4  4   0  0 0.020 01.0  0.00187   -0.02028   -0.02564    +26.429980 
 221    7    5  4   0  0 0.020 01.0  0.00266   -0.13954   -0.14531     +4.135015 
 222    7    6  4   0  0 0.020 01.0  0.00177   -0.00546   -0.00260    -52.380952 
 223    8    6  4   0  0 0.020 01.0  0.00177   +0.00566   +0.01065    +88.162544 
 224    9    6  4   0  0 0.020 01.0  0.00227   +0.07975   +0.07821     -1.931034 
 225   10    6  4   0  0 0.020 01.0  0.00177   -0.00600   -0.00075    -87.500000 
 226   11    9  4   0  0 0.020 01.0  0.00333   +0.24000   +0.23653     -1.445833 
 227   10    9  4   0  0 0.020 01.0  0.00260   -0.12937   -0.13502     +4.367319 
 228   12    4  4   0  0 0.020 01.0  0.00235   -0.09191   -0.09353     +1.762594 
 229   13   12  4   0  0 0.020 01.0  0.00333   +0.24000   +0.24125     +0.520833 
 230   14   12  4   0  0 0.020 01.0  0.00197   -0.03527   -0.03369     -4.479728 
 231   15   12  4   0  0 0.020 01.0  0.00245   -0.10729   -0.10668     -0.568553 
 232   16   12  4   0  0 0.020 01.0  0.00218   -0.06683   -0.06925     +3.621128 
 233   15   14  4   0  0 0.020 01.0  0.00183   -0.01412   -0.01785    +26.416431 
 234   17   16  4   0  0 0.020 01.0  0.00201   -0.04191   -0.04611    +10.021475 
 235   18   15  4   0  0 0.020 01.0  0.00195   -0.03187   -0.03610    +13.272670 
 236   19   18  4   0  0 0.020 01.0  0.00186   -0.01958   -0.01723    -12.002043 
 237   20   19  4   0  0 0.020 01.0  0.00191   +0.02599   +0.02559     -1.539053 
 238   20   10  4   0  0 0.020 01.0  0.00197   -0.03499   -0.03955    +13.032295 
 239   17   10  4   0  0 0.020 01.0  0.00197   -0.03509   -0.03272     -6.754061 
 240   21   10  4   0  0 0.020 01.0  0.00260   -0.13040   -0.13540     +3.834356 
 241   22   10  4   0  0 0.020 01.0  0.00213   -0.06010   -0.05621     -6.472546 
 242   22   21  4   0  0 0.020 01.0  0.00186   +0.01863   +0.01878     +0.805153 
 243   23   15  4   0  0 0.020 01.0  0.00209   -0.05308   -0.05248     -1.130369 
 244   24   22  4   0  0 0.020 01.0  0.00200   -0.04029   -0.04380     +8.711839 
 245   24   23  4   0  0 0.020 01.0  0.00194   -0.03161   -0.02829    -10.503005 
 246   25   24  4   0  0 0.020 01.0  0.00188   -0.02225   -0.02195     -1.348315 
 247   26   25  4   0  0 0.020 01.0  0.00194   -0.03100   -0.03017     -2.677419 
 248   27   25  4   0  0 0.020 01.0  0.00181   +0.01134   +0.01049     -7.495591 
 249   27   28  4   0  0 0.020 01.0  0.00213   -0.05918   -0.05635     -4.782021 
 250   29   27  4   0  0 0.020 01.0  0.00187   -0.02048   -0.02527    +23.388672 
 251   30   27  4   0  0 0.020 01.0  0.00185   -0.01781   -0.01676     -5.895564 
 252   30   29  4   0  0 0.020 01.0  0.00178   -0.00719   -0.00332    -53.824757 
 253   28    8  4   0  0 0.020 01.0  0.00197   -0.03537   -0.03598     +1.724625 
 254   28    6  4   0  0 0.020 01.0  0.00208   -0.05194   -0.05004     -3.658067 
----------------------------------------------------------------------------------
Número de medidores SCADA:     254
Número de PMUs:                0
Número de medidas das PMUs:    0
----------------------------------------------------------------------------------

Não há medidas de ângulo.
Não há medidores desabilitados.
============================== Estado Estimado ===================================
                 Barra     Mod(pu)    Ang(graus)              
----------------------------------------------------------------------------------
                    1            1.0612              0.00        
                    2            1.0463              1.70        
                    3            0.9995             -4.94        
                    4            0.9850             -6.07        
                    5            0.9729            -11.21        
                    6            0.9746             -7.92        
                    7            0.9623            -10.04        
                    8            0.9701             -8.93        
                    9            1.0097            -12.72        
                   10            0.9944            -15.25        
                   11            1.0567            -12.71        
                   12            1.0235            -14.27        
                   13            1.0554            -14.26        
                   14            1.0017            -15.51        
                   15            0.9934            -15.60        
                   16            1.0006            -15.02        
                   17            0.9893            -15.51        
                   18            0.9765            -16.51        
                   19            0.9713            -16.75        
                   20            0.9761            -16.46        
                   21            0.9772            -15.88        
                   22            0.9780            -15.85        
                   23            0.9754            -16.08        
                   24            0.9622            -16.30        
                   25            0.9589            -15.52        
                   26            0.9337            -16.17        
                   27            0.9697            -14.69        
                   28            0.9672             -8.80        
                   29            0.9414            -16.50        
                   30            0.9250            -17.82        
----------------------------------------------------------------------------------
Convergiu em:    3 iteraçoes. 
----------------------------------------------------------------------------------
--- RESIDUOS NORMALIZADOS --------------------------------------------------------
   N    D    P  TP      Real     Medido   Estimado      Med-Est        rn 
----------------------------------------------------------------------------------
 178    6    2  1    -0.9623    -0.9406    -0.9653  +2.4757e-02      0.281 
 190   15   12  1    -0.2398    -0.2493    -0.2362  -1.3036e-02      0.244 
  33    0    3  2    -0.0320    -0.0352    -0.0290  -6.1137e-03      0.231 
   3    0    3  6    +0.9988    +0.9838    +0.9995  -1.5728e-02      0.226 
 177    5    2  1    -1.1365    -1.1171    -1.1376  +2.0485e-02      0.221 
  51    0   21  2    -0.2330    -0.2240    -0.2340  +9.9199e-03      0.215 
 214    2    1  4    -0.4362    -0.4253    -0.4379  +1.2625e-02      0.204 
   4    0    4  6    +0.9842    +0.9984    +0.9850  +1.3382e-02      0.194 
  25    0   25  6    +0.9583    +0.9459    +0.9589  -1.3015e-02      0.192 
  94    3    4  1    +0.5723    +0.5879    +0.5748  +1.3060e-02      0.190 
  58    0   28  2    -0.0000    -0.0038    +0.0009  -4.7281e-03      0.188 
 126   28   27  1    +0.2514    +0.2610    +0.2511  +9.8314e-03      0.182 
   2    0    2  6    +1.0450    +1.0589    +1.0463  +1.2608e-02      0.177 
 131    6   28  1    +0.2578    +0.2476    +0.2568  -9.1968e-03      0.173 
  17    0   17  6    +0.9882    +1.0008    +0.9893  +1.1551e-02      0.167 
 128   27   30  1    +0.0955    +0.1016    +0.0940  +7.6207e-03      0.167 
 116   10   17  1    +0.0664    +0.0606    +0.0670  -6.4084e-03      0.163 
   9    0    9  6    +1.0087    +0.9983    +1.0097  -1.1347e-02      0.162 
  61    0    1  5    +0.6199    +0.6355    +0.6252  +1.0274e-02      0.162 
  78    0   18  5    -0.0120    -0.0088    -0.0137  +4.8766e-03      0.153 
  23    0   23  6    +0.9736    +0.9854    +0.9754  +9.9870e-03      0.146 
 193   17   16  1    -0.0537    -0.0500    -0.0559  +5.9764e-03      0.145 
  27    0   27  6    +0.9688    +0.9796    +0.9697  +9.8225e-03      0.144 
  63    0    3  5    -0.0160    -0.0170    -0.0213  +4.3358e-03      0.144 
 238   20   10  4    -0.0350    -0.0396    -0.0339  -5.6273e-03      0.143 
 220    6    4  4    -0.0203    -0.0256    -0.0203  -5.3051e-03      0.143 
 199   21   10  1    -0.2034    -0.2105    -0.2034  -7.1065e-03      0.141 
 183    9    6  1    -0.4049    -0.4132    -0.4045  -8.6902e-03      0.140 
 148   12   14  4    +0.0384    +0.0436    +0.0378  +5.8065e-03      0.140 
 240   21   10  4    -0.1304    -0.1354    -0.1289  -6.4631e-03      0.140 
  35    0    5  2    -1.2530    -1.2369    -1.2490  +1.2176e-02      0.136 
 208   27   28  1    -0.2514    -0.2438    -0.2511  +7.3586e-03      0.136 
  14    0   14  6    +0.9998    +0.9923    +1.0017  -9.3212e-03      0.134 
  26    0   26  6    +0.9328    +0.9249    +0.9337  -8.7826e-03      0.134 
 189   14   12  1    -0.1058    -0.1096    -0.1035  -6.1776e-03      0.133 
 146    4   12  4    +0.1831    +0.1746    +0.1812  -6.5435e-03      0.131 
  22    0   22  6    +0.9768    +0.9870    +0.9780  +8.9610e-03      0.131 
 206   26   25  1    -0.0470    -0.0420    -0.0471  +5.0506e-03      0.130 
 227   10    9  4    -0.1294    -0.1350    -0.1292  -5.8434e-03      0.130 
  99    6    7  1    +0.4261    +0.4364    +0.4289  +7.5551e-03      0.129 
 151   14   15  4    +0.0143    +0.0194    +0.0143  +5.0838e-03      0.127 
 223    8    6  4    +0.0057    +0.0106    +0.0061  +4.5979e-03      0.127 
  49    0   19  2    -0.1260    -0.1210    -0.1261  +5.0370e-03      0.126 
  38    0    8  2    -0.3990    -0.4055    -0.3988  -6.7101e-03      0.125 
  71    0   11  5    +0.2400    +0.2327    +0.2386  -5.9505e-03      0.121 
 225   10    6  4    -0.0060    -0.0008    -0.0057  +4.9432e-03      0.120 
 124   25   26  1    +0.0479    +0.0525    +0.0480  +4.5146e-03      0.118 
 250   29   27  4    -0.0205    -0.0253    -0.0207  -4.6088e-03      0.117 
  37    0    7  2    -0.3030    -0.3054    -0.3108  +5.3517e-03      0.117 
 165   25   26  4    +0.0324    +0.0273    +0.0317  -4.3743e-03      0.117 
 108   12   15  1    +0.2445    +0.2345    +0.2407  -6.2238e-03      0.116 
 209   29   27  1    -0.0815    -0.0854    -0.0804  -5.0405e-03      0.115 
 149   12   15  4    +0.1164    +0.1105    +0.1158  -5.2503e-03      0.115 
 129   29   30  1    +0.0495    +0.0439    +0.0486  -4.7386e-03      0.114 
  19    0   19  6    +0.9699    +0.9637    +0.9713  -7.6361e-03      0.112 
 218    5    2  4    +0.0227    +0.0253    +0.0209  +4.4281e-03      0.111 
 245   24   23  4    -0.0316    -0.0283    -0.0328  +4.5107e-03      0.111 
 252   30   29  4    -0.0072    -0.0033    -0.0076  +4.2467e-03      0.109 
  12    0   12  6    +1.0221    +1.0311    +1.0235  +7.6120e-03      0.108 
 156   10   20  4    +0.0381    +0.0327    +0.0370  -4.2381e-03      0.108 
 222    7    6  4    -0.0055    -0.0026    -0.0064  +3.8050e-03      0.107 
  98    5    7  1    -0.1165    -0.1160    -0.1115  -4.5087e-03      0.107 
  95    2    5  1    +1.2012    +1.2122    +1.2022  +1.0026e-02      0.106 
 169   27   30  4    +0.0240    +0.0286    +0.0243  +4.3295e-03      0.106 
 221    7    5  4    -0.1395    -0.1453    -0.1405  -4.8532e-03      0.103 
  59    0   29  2    -0.0320    -0.0284    -0.0318  +3.3608e-03      0.103 
  41    0   11  2    +0.0000    +0.0043    +0.0007  +3.5648e-03      0.102 
 200   22   10  1    -0.0973    -0.1019    -0.0971  -4.8393e-03      0.102 
  30    0   30  6    +0.9238    +0.9316    +0.9250  +6.6294e-03      0.102 
 181    7    6  1    -0.4210    -0.4297    -0.4237  -5.9709e-03      0.102 
  69    0    9  5    +0.0000    -0.0007    +0.0018  -2.4896e-03      0.099 
 138    4    6  4    +0.0364    +0.0327    +0.0365  -3.7819e-03      0.098 
 103    9   11  1    +0.0000    +0.0027    -0.0007  +3.4252e-03      0.098 
 118   10   22  1    +0.0983    +0.0935    +0.0981  -4.6175e-03      0.097 
   8    0    8  6    +0.9692    +0.9634    +0.9701  -6.6686e-03      0.097 
 187   12    4  1    -0.6032    -0.6095    -0.6025  -6.9250e-03      0.097 
  52    0   22  2    -0.0000    +0.0046    +0.0019  +2.7352e-03      0.097 
  21    0   21  6    +0.9760    +0.9838    +0.9772  +6.5732e-03      0.096 
  86    0   26  5    -0.0310    -0.0340    -0.0303  -3.6122e-03      0.096 
 186   10    9  1    -0.4049    -0.4090    -0.4032  -5.7381e-03      0.095 
 123   24   25  1    -0.0238    -0.0206    -0.0242  +3.6521e-03      0.094 
 198   17   10  1    -0.0663    -0.0705    -0.0668  -3.7087e-03      0.094 
  16    0   16  6    +0.9992    +0.9941    +1.0006  -6.5209e-03      0.094 
 102    6   10  1    +0.2299    +0.2242    +0.2295  -5.2600e-03      0.094 
  45    0   15  2    -0.1090    -0.1030    -0.1060  +2.9775e-03      0.094 
 171    8   28  4    -0.0047    -0.0083    -0.0045  -3.8513e-03      0.093 
  92    1    3  1    +0.6223    +0.6151    +0.6219  -6.7884e-03      0.092 
 233   15   14  4    -0.0141    -0.0179    -0.0142  -3.6621e-03      0.091 
  15    0   15  6    +0.9917    +0.9871    +0.9934  -6.3158e-03      0.091 
 112   15   18  1    +0.0852    +0.0908    +0.0869  +3.9181e-03      0.091 
  84    0   24  5    -0.0890    -0.0872    -0.0903  +3.1696e-03      0.090 
 164   24   25  4    +0.0226    +0.0202    +0.0237  -3.5250e-03      0.090 
  18    0   18  6    +0.9752    +0.9827    +0.9765  +6.1414e-03      0.090 
  96    2    6  1    +1.0191    +1.0302    +1.0223  +7.8969e-03      0.088 
 215    3    1  4    -0.2012    -0.2092    -0.2046  -4.5989e-03      0.087 
 135    3    4  4    +0.1852    +0.1790    +0.1833  -4.2353e-03      0.087 
 117   10   21  1    +0.2055    +0.2098    +0.2055  +4.3536e-03      0.086 
  13    0   13  6    +1.0540    +1.0492    +1.0554  -6.1552e-03      0.086 
  65    0    5  5    +0.1470    +0.1426    +0.1460  -3.4246e-03      0.086 
  91    1    2  1    -0.4221    -0.4347    -0.4296  -5.0765e-03      0.085 
 211   30   29  1    -0.0488    -0.0444    -0.0480  +3.5677e-03      0.085 
  31    0    1  2    +0.2002    +0.1955    +0.1923  +3.2351e-03      0.085 
 122   23   24  1    +0.0255    +0.0260    +0.0294  -3.3924e-03      0.085 
 235   18   15  4    -0.0319    -0.0361    -0.0327  -3.3786e-03      0.085 
  89    0   29  5    -0.0120    -0.0091    -0.0118  +2.7457e-03      0.084 
 192   15   14  1    -0.0236    -0.0275    -0.0241  -3.3773e-03      0.084 
 234   17   16  4    -0.0419    -0.0461    -0.0427  -3.4000e-03      0.083 
 133    1    3  4    +0.2238    +0.2316    +0.2271  +4.4716e-03      0.083 
 142    6    9  4    -0.0449    -0.0493    -0.0460  -3.3348e-03      0.082 
 184   10    6  1    -0.2299    -0.2340    -0.2295  -4.5400e-03      0.081 
  79    0   19  5    -0.0450    -0.0411    -0.0439  +2.7736e-03      0.079 
 176    4    3  1    -0.5674    -0.5754    -0.5700  -5.4394e-03      0.079 
  55    0   25  2    -0.0000    -0.0006    +0.0015  -2.1493e-03      0.079 
  74    0   14  5    -0.0210    -0.0230    -0.0204  -2.5512e-03      0.079 
  66    0    6  5    +0.0000    -0.0006    -0.0023  +1.7190e-03      0.079 
  36    0    6  2    -0.0000    -0.0050    -0.0037  -1.2467e-03      0.079 
 196   20   19  1    +0.0852    +0.0886    +0.0853  +3.2603e-03      0.078 
  47    0   17  2    -0.1200    -0.1258    -0.1227  -3.0622e-03      0.078 
   6    0    6  6    +0.9738    +0.9693    +0.9746  -5.3117e-03      0.077 
 241   22   10  4    -0.0601    -0.0562    -0.0596  +3.4274e-03      0.076 
 248   27   25  4    +0.0113    +0.0105    +0.0133  -2.8393e-03      0.076 
 139    5    7  4    +0.1243    +0.1216    +0.1251  -3.4627e-03      0.075 
 166   25   27  4    -0.0101    -0.0149    -0.0122  -2.7962e-03      0.075 
 127   27   29  1    +0.0833    +0.0789    +0.0821  -3.2390e-03      0.074 
 173    2    1  1    +0.4283    +0.4403    +0.4359  +4.4201e-03      0.074 
 210   30   27  1    -0.0922    -0.0874    -0.0908  +3.3409e-03      0.073 
 107   12   14  1    +0.1073    +0.1016    +0.1049  -3.3641e-03      0.073 
  46    0   16  2    -0.0470    -0.0412    -0.0436  +2.3982e-03      0.072 
  11    0   11  6    +1.0559    +1.0618    +1.0567  +5.1021e-03      0.071 
 228   12    4  4    -0.0919    -0.0935    -0.0904  -3.0958e-03      0.071 
 174    3    1  1    -0.6042    -0.5987    -0.6039  +5.1665e-03      0.070 
 106   12   13  1    +0.0000    +0.0021    -0.0002  +2.3383e-03      0.068 
  43    0   13  2    +0.0000    +0.0026    +0.0002  +2.3117e-03      0.067 
 125   25   27  1    -0.0720    -0.0682    -0.0709  +2.7521e-03      0.066 
 249   27   28  4    -0.0592    -0.0563    -0.0591  +2.7624e-03      0.066 
 144    9   11  4    -0.2293    -0.2313    -0.2280  -3.2668e-03      0.065 
 207   27   25  1    +0.0726    +0.0689    +0.0715  -2.6677e-03      0.064 
 202   23   15  1    -0.0685    -0.0640    -0.0667  +2.7138e-03      0.064 
 162   22   24  4    +0.0415    +0.0452    +0.0426  +2.5205e-03      0.063 
 130    8   28  1    -0.0051    -0.0079    -0.0053  -2.5511e-03      0.062 
  80    0   20  5    -0.0090    -0.0063    -0.0082  +1.8984e-03      0.060 
  48    0   18  2    -0.0430    -0.0428    -0.0448  +2.0118e-03      0.060 
 105    4   12  1    +0.6032    +0.5982    +0.6025  -4.2750e-03      0.060 
 109   12   16  1    +0.1024    +0.1038    +0.1011  +2.6713e-03      0.060 
 254   28    6  4    -0.0519    -0.0500    -0.0524  +2.3780e-03      0.059 
 244   24   22  4    -0.0403    -0.0438    -0.0414  -2.3661e-03      0.059 
 150   12   16  4    +0.0698    +0.0728    +0.0703  +2.4687e-03      0.058 
 224    9    6  4    +0.0798    +0.0782    +0.0807  -2.4741e-03      0.057 
 197   20   10  1    -0.1142    -0.1105    -0.1130  +2.5293e-03      0.057 
  10    0   10  6    +0.9933    +0.9983    +0.9944  +3.8482e-03      0.056 
  56    0   26  2    -0.0470    -0.0492    -0.0471  -2.1494e-03      0.056 
 195   19   18  1    -0.0411    -0.0432    -0.0410  -2.1492e-03      0.055 
 115   10   20  1    +0.1156    +0.1120    +0.1144  -2.4176e-03      0.055 
  90    0   30  5    -0.0250    -0.0277    -0.0258  -1.8120e-03      0.053 
 205   25   24  1    +0.0241    +0.0265    +0.0245  +2.0439e-03      0.053 
 163   23   24  4    +0.0321    +0.0355    +0.0334  +2.1087e-03      0.052 
   1    0    1  6    +1.0600    +1.0575    +1.0612  -3.7089e-03      0.052 
  29    0   29  6    +0.9402    +0.9448    +0.9414  +3.3966e-03      0.051 
 159   10   22  4    +0.0621    +0.0594    +0.0617  -2.2521e-03      0.050 
  72    0   12  5    -0.1000    -0.1012    -0.0997  -1.4626e-03      0.050 
 160   21   22  4    -0.0186    -0.0151    -0.0169  +1.8579e-03      0.050 
 242   22   21  4    +0.0186    +0.0188    +0.0170  +1.8219e-03      0.049 
  28    0   28  6    +0.9664    +0.9639    +0.9672  -3.3004e-03      0.048 
  32    0    2  2    +3.4950    +3.5032    +3.5098  -6.6195e-03      0.048 
 179    6    4  1    -0.7522    -0.7572    -0.7535  -3.6552e-03      0.048 
 104    9   10  1    +0.4049    +0.4061    +0.4032  +2.9081e-03      0.048 
 216    4    2  4    -0.0429    -0.0428    -0.0448  +2.0420e-03      0.047 
 167   28   27  4    +0.0873    +0.0892    +0.0871  +2.0755e-03      0.047 
  40    0   10  2    -0.1490    -0.1464    -0.1478  +1.4121e-03      0.047 
  67    0    7  5    -0.1450    -0.1488    -0.1469  -1.9281e-03      0.047 
  87    0   27  5    +0.0000    +0.0012    +0.0024  -1.2187e-03      0.047 
 239   17   10  4    -0.0351    -0.0327    -0.0345  +1.7511e-03      0.046 
  60    0   30  2    -0.1410    -0.1406    -0.1387  -1.8715e-03      0.045 
  34    0    4  2    -0.0130    -0.0184    -0.0175  -8.3823e-04      0.044 
 113   18   19  1    +0.0412    +0.0429    +0.0412  +1.7114e-03      0.044 
  62    0    2  5    +0.0390    +0.0448    +0.0438  +1.0724e-03      0.043 
  39    0    9  2    -0.0000    -0.0031    -0.0021  -1.0069e-03      0.043 
  54    0   24  2    -0.1160    -0.1225    -0.1209  -1.5861e-03      0.043 
 226   11    9  4    +0.2400    +0.2365    +0.2386  -2.0905e-03      0.043 
 132    1    2  4    +0.3961    +0.4006    +0.3981  +2.5026e-03      0.042 
 100    6    8  1    +0.3958    +0.3930    +0.3954  -2.4166e-03      0.042 
 232   16   12  4    -0.0668    -0.0693    -0.0675  -1.7871e-03      0.042 
 153   15   18  4    +0.0337    +0.0363    +0.0347  +1.6510e-03      0.041 
 119   21   22  1    -0.0296    -0.0322    -0.0306  -1.5536e-03      0.041 
 147   12   13  4    -0.2327    -0.2312    -0.2332  +1.9783e-03      0.040 
 236   19   18  4    -0.0196    -0.0172    -0.0188  +1.5262e-03      0.040 
  88    0   28  5    +0.0000    -0.0020    -0.0009  -1.1266e-03      0.039 
  81    0   21  5    -0.1490    -0.1443    -0.1459  +1.5948e-03      0.038 
 251   30   27  4    -0.0178    -0.0168    -0.0183  +1.5114e-03      0.037 
 154   18   19  4    +0.0199    +0.0177    +0.0190  -1.3748e-03      0.036 
 145    9   10  4    +0.1495    +0.1508    +0.1491  +1.6413e-03      0.036 
  44    0   14  2    -0.0820    -0.0779    -0.0792  +1.2846e-03      0.035 
  42    0   12  2    -0.1490    -0.1571    -0.1560  -1.0933e-03      0.035 
 180    7    5  1    +0.1180    +0.1115    +0.1129  -1.4774e-03      0.035 
 243   23   15  4    -0.0531    -0.0525    -0.0539  +1.4496e-03      0.035 
 161   15   23  4    +0.0547    +0.0541    +0.0555  -1.4321e-03      0.035 
 246   25   24  4    -0.0222    -0.0220    -0.0233  +1.3464e-03      0.034 
 140    6    7  4    +0.0053    +0.0076    +0.0064  +1.1956e-03      0.034 
 185   11    9  1    -0.0000    -0.0004    +0.0007  -1.1452e-03      0.033 
 120   15   23  1    +0.0693    +0.0661    +0.0675  -1.3673e-03      0.032 
 110   14   15  1    +0.0238    +0.0256    +0.0243  +1.3021e-03      0.032 
 170   29   30  4    +0.0085    +0.0076    +0.0088  -1.2255e-03      0.031 
  68    0    8  5    +0.0010    +0.0006    +0.0016  -1.0133e-03      0.031 
 136    2    5  4    +0.2063    +0.2064    +0.2079  -1.5544e-03      0.029 
 219    6    2  4    -0.0127    -0.0157    -0.0145  -1.1599e-03      0.029 
 111   16   17  1    +0.0540    +0.0550    +0.0562  -1.1816e-03      0.029 
 182    8    6  1    -0.3939    -0.3919    -0.3935  +1.5910e-03      0.028 
 137    2    6  4    +0.1467    +0.1478    +0.1492  -1.3864e-03      0.027 
 134    2    4  4    +0.1221    +0.1232    +0.1246  -1.3419e-03      0.027 
 141    6    8  4    -0.0072    -0.0066    -0.0076  +9.9678e-04      0.027 
  24    0   24  6    +0.9613    +0.9640    +0.9622  +1.8587e-03      0.027 
  76    0   16  5    -0.0240    -0.0246    -0.0238  -8.7007e-04      0.027 
 213   28    6  1    -0.2565    -0.2570    -0.2556  -1.4321e-03      0.027 
 230   14   12  4    -0.0353    -0.0337    -0.0348  +1.0750e-03      0.026 
  70    0   10  5    -0.0520    -0.0550    -0.0557  +6.6265e-04      0.026 
  20    0   20  6    +0.9747    +0.9778    +0.9761  +1.6519e-03      0.024 
 168   27   29  4    +0.0238    +0.0229    +0.0239  -9.5133e-04      0.024 
 191   16   12  1    -0.1010    -0.0987    -0.0998  +1.0497e-03      0.023 
 175    4    2  1    -0.8080    -0.8125    -0.8107  -1.8026e-03      0.022 
 143    6   10  4    +0.0358    +0.0344    +0.0353  -9.3043e-04      0.021 
 203   24   22  1    -0.0669    -0.0668    -0.0676  +8.5335e-04      0.020 
  64    0    4  5    -0.0030    -0.0044    -0.0049  +4.9658e-04      0.020 
 157   10   17  4    +0.0356    +0.0342    +0.0350  -7.3888e-04      0.020 
 188   13   12  1    -0.0000    -0.0004    +0.0002  -6.6827e-04      0.019 
 155   19   20  4    -0.0254    -0.0259    -0.0252  -7.2262e-04      0.019 
  77    0   17  5    -0.0770    -0.0779    -0.0772  -6.8894e-04      0.019 
 229   13   12  4    +0.2400    +0.2412    +0.2405  +7.9434e-04      0.016 
  85    0   25  5    +0.0000    -0.0042    -0.0037  -4.4407e-04      0.016 
   5    0    5  6    +0.9719    +0.9740    +0.9729  +1.0426e-03      0.015 
 158   10   21  4    +0.1350    +0.1328    +0.1335  -6.7434e-04      0.015 
   7    0    7  6    +0.9617    +0.9633    +0.9623  +9.8917e-04      0.015 
  97    4    6  1    +0.7593    +0.7617    +0.7607  +1.0687e-03      0.014 
 201   22   21  1    +0.0296    +0.0311    +0.0306  +4.8876e-04      0.013 
  57    0   27  2    +0.0000    -0.0038    -0.0035  -3.0751e-04      0.013 
 101    6    9  1    +0.4049    +0.4038    +0.4045  -7.7976e-04      0.013 
 114   19   20  1    -0.0849    -0.0846    -0.0850  +4.8619e-04      0.012 
 152   16   17  4    +0.0428    +0.0442    +0.0437  +4.6704e-04      0.011 
 194   18   15  1    -0.0842    -0.0855    -0.0859  +4.5041e-04      0.010 
  50    0   20  2    -0.0290    -0.0274    -0.0277  +2.8963e-04      0.009 
 253   28    8  4    -0.0354    -0.0360    -0.0356  -3.5008e-04      0.008 
  73    0   13  5    +0.2400    +0.2401    +0.2405  -3.1566e-04      0.006 
  83    0   23  5    -0.0210    -0.0204    -0.0206  +1.8835e-04      0.006 
  93    2    4  1    +0.8465    +0.8490    +0.8494  -4.0267e-04      0.005 
 231   15   12  4    -0.1073    -0.1067    -0.1069  +2.1679e-04      0.005 
 247   26   25  4    -0.0310    -0.0302    -0.0303  +1.7785e-04      0.005 
 237   20   19  4    +0.0260    +0.0256    +0.0257  -1.4431e-04      0.004 
 217    4    3  4    -0.1796    -0.1775    -0.1777  +1.6988e-04      0.003 
  75    0   15  5    -0.0330    -0.0308    -0.0309  +9.3653e-05      0.003 
 121   22   24  1    +0.0676    +0.0683    +0.0684  -1.2429e-04      0.003 
 172    6   28  4    +0.0441    +0.0445    +0.0445  +6.6828e-05      0.002 
  82    0   22  5    +0.0000    +0.0000    -0.0000  +3.9786e-05      0.001 
 212   28    8  1    +0.0052    +0.0054    +0.0054  +5.2536e-05      0.001 
 204   24   23  1    -0.0253    -0.0291    -0.0291  +1.8402e-05      0.000 
  53    0   23  2    -0.0430    -0.0373    -0.0374  +1.1370e-05      0.000 
----------------------------------------------------------------------------------
Não foram identificados erros grosseiros.
Não foram identificadas medidas críticas.
Possíveis conjuntos críticos:
Conjunto 1: 7 158
Conjunto 2: 168 20
Conjunto 3: 76 24 141 134 137
Conjunto 4: 24 141 134 137
Conjunto 5: 141 134 137
Conjunto 6: 134 137 182
Conjunto 7: 137 182
Conjunto 8: 111 219
Conjunto 9: 110 120
Conjunto 10: 243 180 42
Conjunto 11: 180 42 44
Conjunto 12: 42 44
Conjunto 13: 44 145
Conjunto 14: 236 147
Conjunto 15: 119 153
Conjunto 16: 232 100
Conjunto 17: 100 132
Conjunto 18: 132 226
Conjunto 19: 54 39 62
Conjunto 20: 39 62 113
Conjunto 21: 62 113
Conjunto 22: 113 34
Conjunto 23: 239 87 67 40
Conjunto 24: 87 67 40
Conjunto 25: 67 40
Conjunto 26: 167 216
Conjunto 27: 104 179 32 28
Conjunto 28: 179 32 28
Conjunto 29: 32 28
Conjunto 30: 160 72 159
Conjunto 31: 72 159
Conjunto 32: 29 1 163
Conjunto 33: 1 163
Conjunto 34: 115 195
Conjunto 35: 56 10
Conjunto 36: 197 224
Conjunto 37: 224 150
Conjunto 38: 244 254
Conjunto 39: 109 105 48
Conjunto 40: 105 48 80
Conjunto 41: 48 80
Conjunto 42: 130 162
Conjunto 43: 202 207
Conjunto 44: 144 249
Conjunto 45: 249 125
Conjunto 46: 125 43
Conjunto 47: 174 228
Conjunto 48: 228 11
Conjunto 49: 46 107 210
Conjunto 50: 107 210
Conjunto 51: 173 127
Conjunto 52: 166 139
Conjunto 53: 248 241
Conjunto 54: 47 196 36 66
Conjunto 55: 196 36 66
Conjunto 56: 36 66 74 55 176 79
Conjunto 57: 66 74 55 176 79
Conjunto 58: 74 55 176 79
Conjunto 59: 55 176 79
Conjunto 60: 176 79
Conjunto 61: 142 133
Conjunto 62: 133 234 192
Conjunto 63: 234 192
Conjunto 64: 192 89
Conjunto 65: 89 235 122 31
Conjunto 66: 235 122 31 211 91
Conjunto 67: 122 31 211 91
Conjunto 68: 31 211 91 65
Conjunto 69: 211 91 65 13
Conjunto 70: 91 65 13
Conjunto 71: 65 13 117 135
Conjunto 72: 13 117 135 215
Conjunto 73: 117 135 215
Conjunto 74: 135 215
Conjunto 75: 18 164 84
Conjunto 76: 164 84 112
Conjunto 77: 84 112
Conjunto 78: 112 15 233
Conjunto 79: 15 233 92
Conjunto 80: 233 92
Conjunto 81: 171 45 102 16 198
Conjunto 82: 45 102 16 198 123
Conjunto 83: 102 16 198 123
Conjunto 84: 16 198 123 186
Conjunto 85: 198 123 186
Conjunto 86: 123 186
Conjunto 87: 186 86
Conjunto 88: 86 21
Conjunto 89: 21 52
Conjunto 90: 52 187 8 118
Conjunto 91: 187 8 118
Conjunto 92: 8 118 103 138
Conjunto 93: 118 103 138
Conjunto 94: 103 138 69
Conjunto 95: 138 69
Conjunto 96: 181 30 200 41 59
Conjunto 97: 30 200 41 59
Conjunto 98: 200 41 59 221
Conjunto 99: 41 59 221
Conjunto 100: 59 221
Conjunto 101: 169 95
Conjunto 102: 95 98 222
Conjunto 103: 98 222 156
Conjunto 104: 222 156 12
Conjunto 105: 156 12
Conjunto 106: 12 252
Conjunto 107: 245 218
Conjunto 108: 218 19
Conjunto 109: 129 149
Conjunto 110: 149 209
Conjunto 111: 209 108
Conjunto 112: 108 165 37 250
Conjunto 113: 165 37 250 124
Conjunto 114: 37 250 124
Conjunto 115: 250 124
Conjunto 116: 38 49
Conjunto 117: 49 223 151
Conjunto 118: 223 151
Conjunto 119: 99 227
Conjunto 120: 227 206 22 146
Conjunto 121: 206 22 146
Conjunto 122: 22 146
Conjunto 123: 189 26 14
Conjunto 124: 26 14
Conjunto 125: 208 35
Conjunto 126: 240 148 183
Conjunto 127: 148 183 199
Conjunto 128: 183 199
Conjunto 129: 220 238 63 27
Conjunto 130: 238 63 27
Conjunto 131: 63 27 193
Conjunto 132: 27 193
Conjunto 133: 193 23
Conjunto 134: 61 9 116
Conjunto 135: 9 116
Conjunto 136: 128 17
Conjunto 137: 25 4
