 08/19/93 UW ARCHIVE           100.0  1962 W IEEE 14 Bus Test Case
   1 Bus 1     HV  1  1  3  1.060   0.00      0.0      0.0   234.4     48.2    0.0  1.060     0.0     0.0   0.0    0.0        0
   2 Bus 2     HV  1  1  2  1.045   1.62     27.6     16.1   314.0    -25.8    0.0  1.045    50.0   -40.0   0.0    0.0        0
   3 Bus 3     HV  1  1  2  1.006  -8.82    119.6     24.1     0.0     40.0    0.0  1.010    40.0     0.0   0.0    0.0        0
   4 Bus 4     HV  1  1  0  1.011  -6.01     39.2     -3.2     0.0     0.0     0.0  0.0       0.0     0.0   0.0    0.0        0
   5 Bus 5     HV  1  1  0  1.013  -4.88      9.7      2.0     0.0     0.0     0.0  0.0       0.0     0.0   0.0    0.0        0
   6 Bus 6     LV  1  1  2  1.065 -11.69     14.2      9.5     0.0     24.0    0.0  1.070    24.0    -6.0   0.0    0.0        0
   7 Bus 7     ZV  1  1  0  1.055  -9.90      0.0      0.0     0.0     0.0     0.0  0.0       0.0     0.0   0.0    0.0        0
   8 Bus 8     TV  1  1  2  1.090  -9.90      0.0      0.0     0.0     22.0    0.0  1.090    24.0    -6.0   0.0    0.0        0
   9 Bus 9     LV  1  1  0  1.045 -11.92     24.2     13.6     0.0     0.0     0.0  0.0       0.0     0.0   0.0    0.19       0
  10 Bus 10    LV  1  1  0  1.031 -12.55     22.5     14.5     0.0     0.0     0.0  0.0       0.0     0.0   0.0    0.0        0
  11 Bus 11    LV  1  1  0  1.044 -12.28      4.4      2.3     0.0     0.0     0.0  0.0       0.0     0.0   0.0    0.0        0
  12 Bus 12    LV  1  1  0  1.046 -12.74      7.7      2.0     0.0     0.0     0.0  0.0       0.0     0.0   0.0    0.0        0
  13 Bus 13    LV  1  1  0  1.040 -12.79     17.1      7.4     0.0     0.0     0.0  0.0       0.0     0.0   0.0    0.0        0
  14 Bus 14    LV  1  1  0  1.020 -13.60     18.9      6.3     0.0     0.0     0.0  0.0       0.0     0.0   0.0    0.0        0
-999 
BRANCH DATA FOLLOWS                         20 ITEMS
   1    2  1  1 1 0  0.01938   0.05917     0.0528     0     0     0    0 0  0.0       0.0 0.0    0.0     0.0    0.0   0.0
   1    5  1  1 1 0  0.05403   0.22304     0.0492     0     0     0    0 0  0.0       0.0 0.0    0.0     0.0    0.0   0.0
   2    3  1  1 1 0  0.04699   0.19797     0.0438     0     0     0    0 0  0.0       0.0 0.0    0.0     0.0    0.0   0.0
   2    4  1  1 1 0  0.05811   0.17632     0.0340     0     0     0    0 0  0.0       0.0 0.0    0.0     0.0    0.0   0.0
   2    5  1  1 1 0  0.05695   0.17388     0.0346     0     0     0    0 0  0.0       0.0 0.0    0.0     0.0    0.0   0.0
   3    4  1  1 1 0  0.06701   0.17103     0.0128     0     0     0    0 0  0.0       0.0 0.0    0.0     0.0    0.0   0.0
   4    5  1  1 1 0  0.01335   0.04211     0.0        0     0     0    0 0  0.0       0.0 0.0    0.0     0.0    0.0   0.0
   4    7  1  1 1 0  0.0       0.20912     0.0        0     0     0    0 0  0.978     0.0 0.0    0.0     0.0    0.0   0.0
   4    9  1  1 1 0  0.0       0.55618     0.0        0     0     0    0 0  0.969     0.0 0.0    0.0     0.0    0.0   0.0
   5    6  1  1 1 0  0.0       0.25202     0.0        0     0     0    0 0  0.932     0.0 0.0    0.0     0.0    0.0   0.0
   6   11  1  1 1 0  0.09498   0.19890     0.0        0     0     0    0 0  0.0       0.0 0.0    0.0     0.0    0.0   0.0
   6   12  1  1 1 0  0.12291   0.25581     0.0        0     0     0    0 0  0.0       0.0 0.0    0.0     0.0    0.0   0.0
   6   13  1  1 1 0  0.06615   0.13027     0.0        0     0     0    0 0  0.0       0.0 0.0    0.0     0.0    0.0   0.0
   7    8  1  1 1 0  0.0       0.17615     0.0        0     0     0    0 0  0.0       0.0 0.0    0.0     0.0    0.0   0.0
   7    9  1  1 1 0  0.0       0.11001     0.0        0     0     0    0 0  0.0       0.0 0.0    0.0     0.0    0.0   0.0
   9   10  1  1 1 0  0.03181   0.08450     0.0        0     0     0    0 0  0.0       0.0 0.0    0.0     0.0    0.0   0.0
   9   14  1  1 1 0  0.12711   0.27038     0.0        0     0     0    0 0  0.0       0.0 0.0    0.0     0.0    0.0   0.0
  10   11  1  1 1 0  0.08205   0.19207     0.0        0     0     0    0 0  0.0       0.0 0.0    0.0     0.0    0.0   0.0
  12   13  1  1 1 0  0.22092   0.19988     0.0        0     0     0    0 0  0.0       0.0 0.0    0.0     0.0    0.0   0.0
  13   14  1  1 1 0  0.17093   0.34802     0.0        0     0     0    0 0  0.0       0.0 0.0    0.0     0.0    0.0   0.0
-999
LOSS ZONES FOLLOWS                     1 ITEMS
  1 IEEE 14 BUS
-99
INTERCHANGE DATA FOLLOWS                 1 ITEMS
 1    2 Bus 2     HV    0.0  999.99  IEEE14  IEEE 14 Bus Test Case
-9
TIE LINES FOLLOWS                     0 ITEMS
-999
END OF DATA
