================================================================================= 
=== UFF - Doutorado em Computação - Aplicaçoes em Sistemas de Potencia        === 
=== ESTIMADOR DE ESTADO MÍNIMOS QUADRADOS PONDERADOS INCLUINDO MEDIDAS DE PMU === 
=== Desenvolvido por: Rui Menezes de Moraes - 2009                            === 
================================================================================= 
Arquivo de medidores:          F:\Documents\Uff\Artigos\SimSEP\VERSAO WELDAN V2\Codigos\Med\ieee57_21_2100.med
Arquivo do sistema:            F:\Documents\Uff\Artigos\SimSEP\VERSAO WELDAN V2\Codigos\Carga\ieee57_21_2100.txt
Tolerância entre iteraçoes:     1.00e-04
Limite de iteraçoes:           100

--- DADOS DA REDE --------------------------------------------------------------- 
Data do caso:                  08/25/93
Origem:                        UW ARCHIVE          
MVA base:                      100
Ano:                           1961
Estação:                       W
Identificação:                 IEEE 57 Bus Test Case
Número de barras:              57 
Número de ramos:               80 
Referência na barra:           1

--- TELEMEDIDAS ------------------------------------------------------------------
    Tipo 1 = Fluxo de potencia ativa        Tipo  6 = Módulo da tensão            
    Tipo 2 = Injeção de potencia ativa      Tipo  7 = Corrente de ramo (real)     
    Tipo 3 = Ângulo de fase da tensão       Tipo  8 = Corrente de ramo (imag)     
    Tipo 4 = Fluxo de potencia reativa      Tipo  9 = Injeção de corrente (real)  
    Tipo 5 = Injeção de potencia reativa    Tipo 10 = Injeção de corrente (imag)  
----------------------------------------------------------------------------------
   N    D    P TP  PN ST   Exa   FS       DP      V_Ref      V_Med          E(%) 
----------------------------------------------------------------------------------
   1    0    1  6   0  0 0.015 01.1  0.00520   +1.04000   +1.05233     +1.185577 
   2    0    2  6   0  0 0.015 01.1  0.00511   +1.02162   +1.02438     +0.270159 
   3    0    3  6   0  0 0.015 01.1  0.00515   +1.02898   +1.03933     +1.005850 
   4    0    4  6   0  0 0.015 01.1  0.00511   +1.02250   +1.02196     -0.052812 
   5    0    5  6   0  0 0.015 01.1  0.00505   +1.01100   +0.99763     -1.322453 
   6    0    6  6   0  0 0.015 01.1  0.00504   +1.00800   +1.00680     -0.119048 
   7    0    7  6   0  0 0.015 01.1  0.00502   +1.00350   +0.99804     -0.544096 
   8    0    8  6   0  0 0.015 01.1  0.00502   +1.00500   +1.01737     +1.230846 
   9    0    9  6   0  0 0.015 01.1  0.00495   +0.99001   +1.00183     +1.193927 
  10    0   10  6   0  0 0.015 01.1  0.00500   +1.00090   +1.00543     +0.452593 
  11    0   11  6   0  0 0.015 01.1  0.00496   +0.99310   +0.98553     -0.762260 
  12    0   12  6   0  0 0.015 01.1  0.00507   +1.01500   +1.00690     -0.798030 
  13    0   13  6   0  0 0.015 01.1  0.00499   +0.99874   +1.00019     +0.145183 
  14    0   14  6   0  0 0.015 01.1  0.00499   +0.99711   +0.99390     -0.321930 
  15    0   15  6   0  0 0.015 01.1  0.00506   +1.01251   +1.02025     +0.764437 
  16    0   16  6   0  0 0.015 01.1  0.00509   +1.01903   +1.01575     -0.321875 
  17    0   17  6   0  0 0.015 01.1  0.00513   +1.02531   +1.01809     -0.704177 
  18    0   18  6   0  0 0.015 01.1  0.00529   +1.05827   +1.05341     -0.459240 
  19    0   19  6   0  0 0.015 01.1  0.00515   +1.03059   +1.04402     +1.303137 
  20    0   20  6   0  0 0.015 01.1  0.00510   +1.02016   +1.01630     -0.378372 
  21    0   21  6   0  0 0.015 01.1  0.00531   +1.06281   +1.06225     -0.052691 
  22    0   22  6   0  0 0.015 01.1  0.00531   +1.06176   +1.05342     -0.785488 
  23    0   23  6   0  0 0.015 01.1  0.00531   +1.06128   +1.06228     +0.094226 
  24    0   24  6   0  0 0.015 01.1  0.00530   +1.06088   +1.05165     -0.870032 
  25    0   25  6   0  0 0.015 01.1  0.00536   +1.07236   +1.06577     -0.614532 
  26    0   26  6   0  0 0.015 01.1  0.00507   +1.01391   +1.01488     +0.095669 
  27    0   27  6   0  0 0.015 01.1  0.00512   +1.02424   +1.02447     +0.022456 
  28    0   28  6   0  0 0.015 01.1  0.00516   +1.03233   +1.03231     -0.001937 
  29    0   29  6   0  0 0.015 01.1  0.00520   +1.04020   +1.05305     +1.235339 
  30    0   30  6   0  0 0.015 01.1  0.00530   +1.06056   +1.06789     +0.691144 
  31    0   31  6   0  0 0.015 01.1  0.00522   +1.04306   +1.05556     +1.198397 
  32    0   32  6   0  0 0.015 01.1  0.00522   +1.04453   +1.05409     +0.915244 
  33    0   33  6   0  0 0.015 01.1  0.00522   +1.04333   +1.04170     -0.156231 
  34    0   34  6   0  0 0.015 01.1  0.00517   +1.03386   +1.02564     -0.795079 
  35    0   35  6   0  0 0.015 01.1  0.00518   +1.03674   +1.02328     -1.298300 
  36    0   36  6   0  0 0.015 01.1  0.00521   +1.04112   +1.03438     -0.647380 
  37    0   37  6   0  0 0.015 01.1  0.00523   +1.04613   +1.04398     -0.205519 
  38    0   38  6   0  0 0.015 01.1  0.00531   +1.06242   +1.06099     -0.134598 
  39    0   39  6   0  0 0.015 01.1  0.00522   +1.04473   +1.05975     +1.437692 
  40    0   40  6   0  0 0.015 01.1  0.00519   +1.03857   +1.05187     +1.280607 
  41    0   41  6   0  0 0.015 01.1  0.00519   +1.03775   +1.04079     +0.292941 
  42    0   42  6   0  0 0.015 01.1  0.00513   +1.02609   +1.02866     +0.250465 
  43    0   43  6   0  0 0.015 01.1  0.00518   +1.03613   +1.02411     -1.160086 
  44    0   44  6   0  0 0.015 01.1  0.00530   +1.06102   +1.05781     -0.302539 
  45    0   45  6   0  0 0.015 01.1  0.00531   +1.06289   +1.07702     +1.329394 
  46    0   46  6   0  0 0.015 01.1  0.00547   +1.09390   +1.08452     -0.857482 
  47    0   47  6   0  0 0.015 01.1  0.00538   +1.07622   +1.06558     -0.988645 
  48    0   48  6   0  0 0.015 01.1  0.00536   +1.07228   +1.06735     -0.459768 
  49    0   49  6   0  0 0.015 01.1  0.00539   +1.07738   +1.08126     +0.360133 
  50    0   50  6   0  0 0.015 01.1  0.00533   +1.06622   +1.06417     -0.192268 
  51    0   51  6   0  0 0.015 01.1  0.00538   +1.07525   +1.07254     -0.252034 
  52    0   52  6   0  0 0.015 01.1  0.00513   +1.02613   +1.01952     -0.644168 
  53    0   53  6   0  0 0.015 01.1  0.00511   +1.02230   +1.03472     +1.214908 
  54    0   54  6   0  0 0.015 01.1  0.00516   +1.03156   +1.03722     +0.548684 
  55    0   55  6   0  0 0.015 01.1  0.00523   +1.04614   +1.03372     -1.187222 
  56    0   56  6   0  0 0.015 01.1  0.00516   +1.03126   +1.01837     -1.249927 
  57    0   57  6   0  0 0.015 01.1  0.00516   +1.03160   +1.01654     -1.459868 
  58    0    1  2   0  0 0.020 01.0  0.01990   -2.72558   -2.67557     -1.834839 
  59    0    2  2   0  0 0.020 01.0  0.00185   -0.01700   -0.01847     +8.647059 
  60    0    3  2   0  0 0.020 01.0  0.01890   +2.57500   +2.56616     -0.343301 
  61    0    4  2   0  0 0.020 01.0  0.00173   +0.00000   +0.00079     +0.000000 
  62    0    5  2   0  0 0.020 01.0  0.00223   -0.07400   -0.07819     +5.662162 
  63    0    6  2   0  0 0.020 01.0  0.00458   -0.42700   -0.44013     +3.074941 
  64    0    7  2   0  0 0.020 01.0  0.00173   +0.00000   +0.00164     +0.000000 
  65    0    8  2   0  0 0.020 01.0  0.02603   +3.64500   +3.63854     -0.177229 
  66    0    9  2   0  0 0.020 01.0  0.00907   -1.10100   -1.11733     +1.483197 
  67    0   10  2   0  0 0.020 01.0  0.00192   -0.02800   -0.03150    +12.500000 
  68    0   11  2   0  0 0.020 01.0  0.00173   +0.00000   +0.00201     +0.000000 
  69    0   12  2   0  0 0.020 01.0  0.00683   +0.76500   +0.77514     +1.325490 
  70    0   13  2   0  0 0.020 01.0  0.00242   -0.10300   -0.10237     -0.611650 
  71    0   14  2   0  0 0.020 01.0  0.00213   -0.06000   -0.05967     -0.550000 
  72    0   15  2   0  0 0.020 01.0  0.00257   -0.12500   -0.12644     +1.152000 
  73    0   16  2   0  0 0.020 01.0  0.00337   -0.24500   -0.24385     -0.469388 
  74    0   17  2   0  0 0.020 01.0  0.00333   -0.23900   -0.23440     -1.924686 
  75    0   18  2   0  0 0.020 01.0  0.00277   -0.15500   -0.15843     +2.212903 
  76    0   19  2   0  0 0.020 01.0  0.00186   -0.01900   -0.01582    -16.736842 
  77    0   20  2   0  0 0.020 01.0  0.00182   -0.01300   -0.01763    +35.615385 
  78    0   21  2   0  0 0.020 01.0  0.00173   -0.00000   -0.00029     +0.000000 
  79    0   22  2   0  0 0.020 01.0  0.00173   +0.00000   -0.00105     +0.000000 
  80    0   23  2   0  0 0.020 01.0  0.00197   -0.03600   -0.03113    -13.527778 
  81    0   24  2   0  0 0.020 01.0  0.00173   +0.00000   -0.00075     +0.000000 
  82    0   25  2   0  0 0.020 01.0  0.00197   -0.03600   -0.03073    -14.638889 
  83    0   26  2   0  0 0.020 01.0  0.00173   -0.00000   -0.00099     +0.000000 
  84    0   27  2   0  0 0.020 01.0  0.00209   -0.05300   -0.05622     +6.075472 
  85    0   28  2   0  0 0.020 01.0  0.00191   -0.02600   -0.02174    -16.384615 
  86    0   29  2   0  0 0.020 01.0  0.00238   -0.09700   -0.09709     +0.092784 
  87    0   30  2   0  0 0.020 01.0  0.00187   -0.02100   -0.02186     +4.095238 
  88    0   31  2   0  0 0.020 01.0  0.00195   -0.03300   -0.03239     -1.848485 
  89    0   32  2   0  0 0.020 01.0  0.00179   -0.00900   -0.01171    +30.111111 
  90    0   33  2   0  0 0.020 01.0  0.00188   -0.02200   -0.02474    +12.454545 
  91    0   34  2   0  0 0.020 01.0  0.00173   -0.00000   -0.00302     +0.000000 
  92    0   35  2   0  0 0.020 01.0  0.00196   -0.03400   -0.03305     -2.794118 
  93    0   36  2   0  0 0.020 01.0  0.00173   +0.00000   +0.00349     +0.000000 
  94    0   37  2   0  0 0.020 01.0  0.00173   +0.00000   +0.00367     +0.000000 
  95    0   38  2   0  0 0.020 01.0  0.00227   -0.08000   -0.07804     -2.450000 
  96    0   39  2   0  0 0.020 01.0  0.00173   +0.00000   +0.00504     +0.000000 
  97    0   40  2   0  0 0.020 01.0  0.00173   +0.00000   +0.00498     +0.000000 
  98    0   41  2   0  0 0.020 01.0  0.00197   -0.03600   -0.03384     -6.000000 
  99    0   42  2   0  0 0.020 01.0  0.00200   -0.04000   -0.03657     -8.575000 
 100    0   43  2   0  0 0.020 01.0  0.00181   -0.01100   -0.01264    +14.909091 
 101    0   44  2   0  0 0.020 01.0  0.00219   -0.06800   -0.06432     -5.411765 
 102    0   45  2   0  0 0.020 01.0  0.00173   -0.00000   -0.00472     +0.000000 
 103    0   46  2   0  0 0.020 01.0  0.00173   +0.00000   -0.00153     +0.000000 
 104    0   47  2   0  0 0.020 01.0  0.00286   -0.16900   -0.17145     +1.449704 
 105    0   48  2   0  0 0.020 01.0  0.00173   +0.00000   -0.00385     +0.000000 
 106    0   49  2   0  0 0.020 01.0  0.00242   -0.10300   -0.09600     -6.796117 
 107    0   50  2   0  0 0.020 01.0  0.00253   -0.12000   -0.12128     +1.066667 
 108    0   51  2   0  0 0.020 01.0  0.00242   -0.10300   -0.10436     +1.320388 
 109    0   52  2   0  0 0.020 01.0  0.00192   -0.02800   -0.02474    -11.642857 
 110    0   53  2   0  0 0.020 01.0  0.00249   -0.11400   -0.11500     +0.877193 
 111    0   54  2   0  0 0.020 01.0  0.00189   -0.02300   -0.02214     -3.739130 
 112    0   55  2   0  0 0.020 01.0  0.00199   -0.03900   -0.03720     -4.615385 
 113    0   56  2   0  0 0.020 01.0  0.00202   -0.04300   -0.04866    +13.162791 
 114    0   57  2   0  0 0.020 01.0  0.00199   -0.03800   -0.03914     +3.000000 
 115    0    1  5   0  0 0.020 01.0  0.01405   +1.84730   +1.88598     +2.093867 
 116    0    2  5   0  0 0.020 01.0  0.00621   -0.67200   -0.66844     -0.529762 
 117    0    3  5   0  0 0.020 01.0  0.00320   -0.22000   -0.21168     -3.781818 
 118    0    4  5   0  0 0.020 01.0  0.00173   +0.00000   +0.00455     +0.000000 
 119    0    5  5   0  0 0.020 01.0  0.00189   -0.02300   -0.02011    -12.565217 
 120    0    6  5   0  0 0.020 01.0  0.00234   -0.09100   -0.09045     -0.604396 
 121    0    7  5   0  0 0.020 01.0  0.00173   -0.00000   +0.00337     +0.000000 
 122    0    8  5   0  0 0.020 01.0  0.00363   -0.28399   -0.29463     +3.746611 
 123    0    9  5   0  0 0.020 01.0  0.00351   -0.26700   -0.26180     -1.947566 
 124    0   10  5   0  0 0.020 01.0  0.00181   -0.01100   -0.01530    +39.090909 
 125    0   11  5   0  0 0.020 01.0  0.00173   -0.00000   -0.00470     +0.000000 
 126    0   12  5   0  0 0.020 01.0  0.00251   +0.11667   +0.11193     -4.062741 
 127    0   13  5   0  0 0.020 01.0  0.00182   -0.01300   -0.01330     +2.307692 
 128    0   14  5   0  0 0.020 01.0  0.00193   -0.03000   -0.03569    +18.966667 
 129    0   15  5   0  0 0.020 01.0  0.00192   -0.02800   -0.02387    -14.750000 
 130    0   16  5   0  0 0.020 01.0  0.00185   -0.01700   -0.01729     +1.705882 
 131    0   17  5   0  0 0.020 01.0  0.00204   -0.04600   -0.05028     +9.304348 
 132    0   18  5   0  0 0.020 01.0  0.00211   -0.05600   -0.05922     +5.750000 
 133    0   19  5   0  0 0.020 01.0  0.00175   -0.00300   -0.00766   +155.333333 
 134    0   20  5   0  0 0.020 01.0  0.00177   -0.00600   -0.00914    +52.333333 
 135    0   21  5   0  0 0.020 01.0  0.00173   +0.00000   -0.00036     +0.000000 
 136    0   22  5   0  0 0.020 01.0  0.00173   -0.00000   -0.00041     +0.000000 
 137    0   23  5   0  0 0.020 01.0  0.00181   -0.01200   -0.01362    +13.500000 
 138    0   24  5   0  0 0.020 01.0  0.00173   -0.00000   -0.00061     +0.000000 
 139    0   25  5   0  0 0.020 01.0  0.00185   -0.01800   -0.01990    +10.555556 
 140    0   26  5   0  0 0.020 01.0  0.00173   +0.00000   +0.00075     +0.000000 
 141    0   27  5   0  0 0.020 01.0  0.00175   -0.00300   +0.00218   -172.666667 
 142    0   28  5   0  0 0.020 01.0  0.00182   -0.01300   -0.01062    -18.307692 
 143    0   29  5   0  0 0.020 01.0  0.00183   -0.01500   -0.01653    +10.200000 
 144    0   30  5   0  0 0.020 01.0  0.00180   -0.01000   -0.00921     -7.900000 
 145    0   31  5   0  0 0.020 01.0  0.00185   -0.01700   -0.01833     +7.823529 
 146    0   32  5   0  0 0.020 01.0  0.00177   -0.00500   -0.00636    +27.200000 
 147    0   33  5   0  0 0.020 01.0  0.00181   -0.01100   -0.01182     +7.454545 
 148    0   34  5   0  0 0.020 01.0  0.00173   -0.00000   +0.00253     +0.000000 
 149    0   35  5   0  0 0.020 01.0  0.00185   -0.01700   -0.01855     +9.117647 
 150    0   36  5   0  0 0.020 01.0  0.00173   -0.00000   +0.00132     +0.000000 
 151    0   37  5   0  0 0.020 01.0  0.00173   +0.00000   +0.00367     +0.000000 
 152    0   38  5   0  0 0.020 01.0  0.00200   -0.04000   -0.04456    +11.400000 
 153    0   39  5   0  0 0.020 01.0  0.00173   -0.00000   -0.00339     +0.000000 
 154    0   40  5   0  0 0.020 01.0  0.00173   -0.00000   +0.00469     +0.000000 
 155    0   41  5   0  0 0.020 01.0  0.00185   -0.01700   -0.01171    -31.117647 
 156    0   42  5   0  0 0.020 01.0  0.00190   -0.02500   -0.02783    +11.320000 
 157    0   43  5   0  0 0.020 01.0  0.00177   -0.00600   -0.00829    +38.166667 
 158    0   44  5   0  0 0.020 01.0  0.00180   -0.01000   -0.00635    -36.500000 
 159    0   45  5   0  0 0.020 01.0  0.00173   +0.00000   +0.00314     +0.000000 
 160    0   46  5   0  0 0.020 01.0  0.00173   +0.00000   -0.00135     +0.000000 
 161    0   47  5   0  0 0.020 01.0  0.00217   -0.06600   -0.06779     +2.712121 
 162    0   48  5   0  0 0.020 01.0  0.00173   -0.00000   -0.00237     +0.000000 
 163    0   49  5   0  0 0.020 01.0  0.00205   -0.04800   -0.05096     +6.166667 
 164    0   50  5   0  0 0.020 01.0  0.00213   -0.06000   -0.05367    -10.550000 
 165    0   51  5   0  0 0.020 01.0  0.00193   -0.03000   -0.03526    +17.533333 
 166    0   52  5   0  0 0.020 01.0  0.00182   -0.01300   -0.01107    -14.846154 
 167    0   53  5   0  0 0.020 01.0  0.00211   -0.05700   -0.05698     -0.035088 
 168    0   54  5   0  0 0.020 01.0  0.00179   -0.00800   -0.01215    +51.875000 
 169    0   55  5   0  0 0.020 01.0  0.00186   -0.01900   -0.01943     +2.263158 
 170    0   56  5   0  0 0.020 01.0  0.00182   -0.01300   -0.01061    -18.384615 
 171    0   57  5   0  0 0.020 01.0  0.00181   -0.01100   -0.00601    -45.363636 
 172    1    2  1   0  0 0.020 01.0  0.01021   -1.27107   -1.26930     -0.139253 
 173    2    3  1   0  0 0.020 01.0  0.01046   -1.30963   -1.28230     -2.086849 
 174    3    4  1   0  0 0.020 01.0  0.00213   -0.05873   -0.05248    -10.641921 
 175    4    5  1   0  0 0.020 01.0  0.00228   -0.08261   -0.08308     +0.568938 
 176    4    6  1   0  0 0.020 01.0  0.00292   -0.17750   -0.17989     +1.346479 
 177    6    7  1   0  0 0.020 01.0  0.00362   -0.28329   -0.29219     +3.141657 
 178    6    8  1   0  0 0.020 01.0  0.00495   -0.48271   -0.47249     -2.117213 
 179    8    9  1   0  0 0.020 01.0  0.01758   +2.37660   +2.36750     -0.382900 
 180    9   10  1   0  0 0.020 01.0  0.00358   +0.27703   +0.28256     +1.996174 
 181    9   11  1   0  0 0.020 01.0  0.00425   +0.37798   +0.37936     +0.365099 
 182    9   12  1   0  0 0.020 01.0  0.00293   +0.17918   +0.17876     -0.234401 
 183    9   13  1   0  0 0.020 01.0  0.00383   +0.31391   +0.30855     -1.707496 
 184   13   14  1   0  0 0.020 01.0  0.00315   +0.21321   +0.20631     -3.236246 
 185   13   15  1   0  0 0.020 01.0  0.00215   +0.06213   +0.05669     -8.755835 
 186    1   15  1   0  0 0.020 01.0  0.00841   -1.00121   -0.98372     -1.746886 
 187    1   16  1   0  0 0.020 01.0  0.00351   -0.26705   -0.27048     +1.284404 
 188    1   17  1   0  0 0.020 01.0  0.00298   -0.18626   -0.18315     -1.669709 
 189    3   15  1   0  0 0.020 01.0  0.01019   +1.26912   +1.24493     -1.906045 
 190    4   18  1   0  0 0.020 01.0  0.00232   +0.08812   +0.08934     +1.384476 
 191    4   18  1   0  0 0.020 01.0  0.00248   +0.11281   +0.10706     -5.097066 
 192    5    6  1   0  0 0.020 01.0  0.00279   -0.15803   -0.16222     +2.651395 
 193    7    8  1   0  0 0.020 01.0  0.00686   -0.76883   -0.77236     +0.459139 
 194   10   12  1   0  0 0.020 01.0  0.00203   +0.04464   +0.04727     +5.891577 
 195   11   13  1   0  0 0.020 01.0  0.00330   +0.23532   +0.24264     +3.110658 
 196   12   13  1   0  0 0.020 01.0  0.00193   +0.02907   +0.03272    +12.555900 
 197   12   16  1   0  0 0.020 01.0  0.00521   +0.52147   +0.51311     -1.603160 
 198   12   17  1   0  0 0.020 01.0  0.00463   +0.43478   +0.43051     -0.982106 
 199   14   15  1   0  0 0.020 01.0  0.00222   -0.07313   -0.06699     -8.396007 
 200   18   19  1   0  0 0.020 01.0  0.00204   +0.04593   +0.04350     -5.290660 
 201   19   20  1   0  0 0.020 01.0  0.00191   +0.02600   +0.02204    -15.230769 
 202   21   20  1   0  0 0.020 01.0  0.00182   -0.01280   -0.01014    -20.781250 
 203   21   22  1   0  0 0.020 01.0  0.00182   +0.01280   +0.01043    -18.515625 
 204   22   23  1   0  0 0.020 01.0  0.00197   -0.03511   -0.03713     +5.753347 
 205   23   24  1   0  0 0.020 01.0  0.00221   -0.07114   -0.07775     +9.291538 
 206   24   25  1   0  0 0.020 01.0  0.00204   +0.04541   +0.04619     +1.717683 
 207   24   25  1   0  0 0.020 01.0  0.00202   +0.04364   +0.04296     -1.558203 
 208   24   26  1   0  0 0.020 01.0  0.00281   -0.16130   -0.16700     +3.533788 
 209   26   27  1   0  0 0.020 01.0  0.00281   -0.16130   -0.15787     -2.126472 
 210   27   28  1   0  0 0.020 01.0  0.00319   -0.21923   -0.21839     -0.383159 
 211   28   29  1   0  0 0.020 01.0  0.00339   -0.24826   -0.25325     +2.009990 
 212    7   29  1   0  0 0.020 01.0  0.00496   +0.48375   +0.48057     -0.657364 
 213   25   30  1   0  0 0.020 01.0  0.00209   +0.05305   +0.04985     -6.032045 
 214   30   31  1   0  0 0.020 01.0  0.00194   +0.03163   +0.03260     +3.066709 
 215   31   32  1   0  0 0.020 01.0  0.00175   -0.00174   -0.00642   +268.965517 
 216   32   33  1   0  0 0.020 01.0  0.00188   +0.02202   +0.02318     +5.267938 
 217   34   32  1   0  0 0.020 01.0  0.00195   +0.03276   +0.02737    -16.452991 
 218   34   35  1   0  0 0.020 01.0  0.00195   -0.03276   -0.02852    -12.942613 
 219   35   36  1   0  0 0.020 01.0  0.00218   -0.06683   -0.06888     +3.067485 
 220   36   37  1   0  0 0.020 01.0  0.00227   -0.08076   -0.08605     +6.550272 
 221   37   38  1   0  0 0.020 01.0  0.00239   -0.09887   -0.09752     -1.365429 
 222   37   39  1   0  0 0.020 01.0  0.00185   +0.01777   +0.01921     +8.103545 
 223   36   40  1   0  0 0.020 01.0  0.00183   +0.01372   +0.01680    +22.448980 
 224   22   38  1   0  0 0.020 01.0  0.00205   +0.04790   +0.05081     +6.075157 
 225   11   41  1   0  0 0.020 01.0  0.00211   +0.05616   +0.05985     +6.570513 
 226   41   42  1   0  0 0.020 01.0  0.00211   +0.05687   +0.05875     +3.305785 
 227   41   43  1   0  0 0.020 01.0  0.00221   -0.07120   -0.06574     -7.668539 
 228   38   44  1   0  0 0.020 01.0  0.00183   -0.01491   -0.01374     -7.847082 
 229   15   45  1   0  0 0.020 01.0  0.00229   +0.08336   +0.08661     +3.898752 
 230   14   46  1   0  0 0.020 01.0  0.00324   +0.22573   +0.22987     +1.834050 
 231   46   47  1   0  0 0.020 01.0  0.00324   +0.22573   +0.22942     +1.634696 
 232   47   48  1   0  0 0.020 01.0  0.00210   +0.05491   +0.06020     +9.633946 
 233   48   49  1   0  0 0.020 01.0  0.00190   -0.02463   -0.01928    -21.721478 
 234   49   50  1   0  0 0.020 01.0  0.00189   +0.02367   +0.02173     -8.196029 
 235   50   51  1   0  0 0.020 01.0  0.00238   -0.09680   -0.10259     +5.981405 
 236   10   51  1   0  0 0.020 01.0  0.00307   +0.20099   +0.20664     +2.811085 
 237   13   49  1   0  0 0.020 01.0  0.00301   +0.19110   +0.19440     +1.726845 
 238   29   52  1   0  0 0.020 01.0  0.00264   +0.13600   +0.13083     -3.801471 
 239   52   53  1   0  0 0.020 01.0  0.00244   +0.10546   +0.10518     -0.265504 
 240   53   54  1   0  0 0.020 01.0  0.00180   -0.00947   -0.00473    -50.052798 
 241   54   55  1   0  0 0.020 01.0  0.00195   -0.03268   -0.03692    +12.974296 
 242   11   43  1   0  0 0.020 01.0  0.00228   +0.08220   +0.08438     +2.652068 
 243   44   45  1   0  0 0.020 01.0  0.00229   -0.08294   -0.08714     +5.063902 
 244   40   56  1   0  0 0.020 01.0  0.00182   +0.01365   +0.01503    +10.109890 
 245   56   41  1   0  0 0.020 01.0  0.00196   -0.03364   -0.03222     -4.221165 
 246   56   42  1   0  0 0.020 01.0  0.00184   -0.01607   -0.01672     +4.044804 
 247   39   57  1   0  0 0.020 01.0  0.00185   +0.01774   +0.01951     +9.977452 
 248   57   56  1   0  0 0.020 01.0  0.00187   -0.02026   -0.02085     +2.912142 
 249   38   49  1   0  0 0.020 01.0  0.00199   -0.03914   -0.03493    -10.756260 
 250   38   48  1   0  0 0.020 01.0  0.00226   -0.07825   -0.07544     -3.591054 
 251    9   55  1   0  0 0.020 01.0  0.00221   +0.07213   +0.07118     -1.317066 
 252    1    2  4   0  0 0.020 01.0  0.00856   +1.02332   +1.02949     +0.602939 
 253    2    3  4   0  0 0.020 01.0  0.00450   +0.41565   +0.41946     +0.916637 
 254    3    4  4   0  0 0.020 01.0  0.00294   +0.18026   +0.18709     +3.788971 
 255    4    5  4   0  0 0.020 01.0  0.00251   +0.11610   +0.12352     +6.391042 
 256    4    6  4   0  0 0.020 01.0  0.00265   +0.13712   +0.14075     +2.647316 
 257    6    7  4   0  0 0.020 01.0  0.00234   +0.09066   +0.09074     +0.088242 
 258    6    8  4   0  0 0.020 01.0  0.00247   +0.11037   +0.10369     -6.052369 
 259    8    9  4   0  0 0.020 01.0  0.00207   -0.05086   -0.05574     +9.594967 
 260    9   10  4   0  0 0.020 01.0  0.00266   -0.13885   -0.13314     -4.112351 
 261    9   11  4   0  0 0.020 01.0  0.00276   -0.15402   -0.14713     -4.473445 
 262    9   12  4   0  0 0.020 01.0  0.00277   -0.15489   -0.15204     -1.840015 
 263    9   13  4   0  0 0.020 01.0  0.00280   -0.15999   -0.16062     +0.393775 
 264   13   14  4   0  0 0.020 01.0  0.00194   -0.03169   -0.02630    -17.008520 
 265   13   15  4   0  0 0.020 01.0  0.00299   -0.18841   -0.19594     +3.996603 
 266    1   15  4   0  0 0.020 01.0  0.00513   +0.51005   +0.50653     -0.690128 
 267    1   16  4   0  0 0.020 01.0  0.00269   +0.14425   +0.13643     -5.421144 
 268    1   17  4   0  0 0.020 01.0  0.00286   +0.16968   +0.17126     +0.931165 
 269    3   15  4   0  0 0.020 01.0  0.00210   -0.05542   -0.05455     -1.569830 
 270    4   18  4   0  0 0.020 01.0  0.00177   -0.00593   -0.01112    +87.521079 
 271    4   18  4   0  0 0.020 01.0  0.00192   -0.02855   -0.02752     -3.607706 
 272    5    6  4   0  0 0.020 01.0  0.00251   +0.11679   +0.11468     -1.806662 
 273    7    8  4   0  0 0.020 01.0  0.00268   +0.14173   +0.13411     -5.376420 
 274   10   12  4   0  0 0.020 01.0  0.00265   -0.13778   -0.13016     -5.530556 
 275   11   13  4   0  0 0.020 01.0  0.00276   -0.15465   -0.16076     +3.950857 
 276   12   13  4   0  0 0.020 01.0  0.00336   +0.24461   +0.24563     +0.416990 
 277   12   16  4   0  0 0.020 01.0  0.00283   -0.16481   -0.15863     -3.749772 
 278   12   17  4   0  0 0.020 01.0  0.00281   -0.16077   -0.15769     -1.915780 
 279   14   15  4   0  0 0.020 01.0  0.00350   -0.26532   -0.27509     +3.682346 
 280   18   19  4   0  0 0.020 01.0  0.00181   +0.01229   +0.01163     -5.370220 
 281   19   20  4   0  0 0.020 01.0  0.00179   +0.00790   +0.00726     -8.101266 
 282   21   20  4   0  0 0.020 01.0  0.00174   -0.00148   +0.00131   -188.513514 
 283   21   22  4   0  0 0.020 01.0  0.00174   +0.00148   +0.00671   +353.378378 
 284   22   23  4   0  0 0.020 01.0  0.00211   +0.05633   +0.05326     -5.450027 
 285   23   24  4   0  0 0.020 01.0  0.00203   +0.04427   +0.04896    +10.594082 
 286   24   25  4   0  0 0.020 01.0  0.00179   -0.00923   -0.01408    +52.546046 
 287   24   25  4   0  0 0.020 01.0  0.00179   -0.00887   -0.01068    +20.405862 
 288   24   26  4   0  0 0.020 01.0  0.00220   +0.07014   +0.07317     +4.319932 
 289   26   27  4   0  0 0.020 01.0  0.00219   +0.06872   +0.06871     -0.014552 
 290   27   28  4   0  0 0.020 01.0  0.00212   +0.05813   +0.05872     +1.014966 
 291   28   29  4   0  0 0.020 01.0  0.00200   +0.04045   +0.03714     -8.182942 
 292    7   29  4   0  0 0.020 01.0  0.00195   -0.03231   -0.03672    +13.649025 
 293   25   30  4   0  0 0.020 01.0  0.00192   +0.02732   +0.02715     -0.622255 
 294   30   31  4   0  0 0.020 01.0  0.00185   +0.01669   +0.02083    +24.805273 
 295   31   32  4   0  0 0.020 01.0  0.00174   -0.00087   +0.00060   -168.965517 
 296   32   33  4   0  0 0.020 01.0  0.00181   +0.01102   +0.01046     -5.081670 
 297   34   32  4   0  0 0.020 01.0  0.00185   +0.01808   +0.01405    -22.289823 
 298   34   35  4   0  0 0.020 01.0  0.00185   -0.01808   -0.02207    +22.068584 
 299   35   36  4   0  0 0.020 01.0  0.00194   -0.03175   -0.02612    -17.732283 
 300   36   37  4   0  0 0.020 01.0  0.00226   -0.07844   -0.07205     -8.146354 
 301   37   38  4   0  0 0.020 01.0  0.00244   -0.10620   -0.10724     +0.979284 
 302   37   39  4   0  0 0.020 01.0  0.00192   +0.02733   +0.03028    +10.793999 
 303   36   40  4   0  0 0.020 01.0  0.00205   +0.04814   +0.04887     +1.516410 
 304   22   38  4   0  0 0.020 01.0  0.00210   -0.05487   -0.05164     -5.886641 
 305   11   41  4   0  0 0.020 01.0  0.00176   +0.00406   +0.00909   +123.891626 
 306   41   42  4   0  0 0.020 01.0  0.00174   +0.00147   -0.00332   -325.850340 
 307   41   43  4   0  0 0.020 01.0  0.00177   +0.00505   +0.00347    -31.287129 
 308   38   44  4   0  0 0.020 01.0  0.00194   +0.03171   +0.03144     -0.851466 
 309   15   45  4   0  0 0.020 01.0  0.00191   -0.02686   -0.03059    +13.886821 
 310   14   46  4   0  0 0.020 01.0  0.00315   +0.21258   +0.20986     -1.279518 
 311   46   47  4   0  0 0.020 01.0  0.00311   +0.20682   +0.21408     +3.510299 
 312   47   48  4   0  0 0.020 01.0  0.00266   +0.13922   +0.13234     -4.941819 
 313   48   49  4   0  0 0.020 01.0  0.00193   -0.02925   -0.03396    +16.102564 
 314   49   50  4   0  0 0.020 01.0  0.00226   +0.07910   +0.07511     -5.044248 
 315   50   51  4   0  0 0.020 01.0  0.00186   +0.01835   +0.01964     +7.029973 
 316   10   51  4   0  0 0.020 01.0  0.00184   +0.01602   +0.01352    -15.605493 
 317   13   49  4   0  0 0.020 01.0  0.00325   +0.22803   +0.23287     +2.122528 
 318   29   52  4   0  0 0.020 01.0  0.00190   -0.02449   -0.02670     +9.024091 
 319   52   53  4   0  0 0.020 01.0  0.00200   -0.04079   -0.03760     -7.820544 
 320   53   54  4   0  0 0.020 01.0  0.00195   -0.03315   -0.03604     +8.717949 
 321   54   55  4   0  0 0.020 01.0  0.00201   -0.04141   -0.03935     -4.974644 
 322   11   43  4   0  0 0.020 01.0  0.00176   +0.00386   -0.00002   -100.518135 
 323   44   45  4   0  0 0.020 01.0  0.00189   +0.02390   +0.02892    +21.004184 
 324   40   56  4   0  0 0.020 01.0  0.00205   +0.04804   +0.04735     -1.436303 
 325   56   41  4   0  0 0.020 01.0  0.00188   +0.02250   +0.02090     -7.111111 
 326   56   42  4   0  0 0.020 01.0  0.00190   +0.02488   +0.02112    -15.112540 
 327   39   57  4   0  0 0.020 01.0  0.00192   +0.02730   +0.02729     -0.036630 
 328   57   56  4   0  0 0.020 01.0  0.00183   +0.01503   +0.01451     -3.459747 
 329   38   49  4   0  0 0.020 01.0  0.00217   -0.06605   -0.07170     +8.554126 
 330   38   48  4   0  0 0.020 01.0  0.00284   -0.16657   -0.15995     -3.974305 
 331    9   55  4   0  0 0.020 01.0  0.00215   +0.06198   +0.06724     +8.486609 
 332    2    1  1   0  0 0.020 01.0  0.01035   +1.29263   +1.31019     +1.358471 
 333    3    2  1   0  0 0.020 01.0  0.01083   +1.36460   +1.36278     -0.133372 
 334    4    3  1   0  0 0.020 01.0  0.00213   +0.05919   +0.06297     +6.386214 
 335    5    4  1   0  0 0.020 01.0  0.00229   +0.08403   +0.08920     +6.152565 
 336    6    4  1   0  0 0.020 01.0  0.00293   +0.17979   +0.18282     +1.685300 
 337    7    6  1   0  0 0.020 01.0  0.00363   +0.28508   +0.27572     -3.283289 
 338    8    6  1   0  0 0.020 01.0  0.00501   +0.49109   +0.47981     -2.296931 
 339    9    8  1   0  0 0.020 01.0  0.01721   -2.32123   -2.32894     +0.332151 
 340   10    9  1   0  0 0.020 01.0  0.00356   -0.27363   -0.26759     -2.207360 
 341   11    9  1   0  0 0.020 01.0  0.00422   -0.37368   -0.37142     -0.604796 
 342   12    9  1   0  0 0.020 01.0  0.00291   -0.17615   -0.17663     +0.272495 
 343   13    9  1   0  0 0.020 01.0  0.00379   -0.30811   -0.31871     +3.440330 
 344   14   13  1   0  0 0.020 01.0  0.00315   -0.21260   -0.21865     +2.845720 
 345   15   13  1   0  0 0.020 01.0  0.00214   -0.06119   -0.05564     -9.070109 
 346   15    1  1   0  0 0.020 01.0  0.00855   +1.02293   +1.02759     +0.455554 
 347   16    1  1   0  0 0.020 01.0  0.00354   +0.27131   +0.27144     +0.047916 
 348   17    1  1   0  0 0.020 01.0  0.00298   +0.18778   +0.18273     -2.689317 
 349   15    3  1   0  0 0.020 01.0  0.01003   -1.24447   -1.21727     -2.185669 
 350   18    4  1   0  0 0.020 01.0  0.00232   -0.08812   -0.09004     +2.178847 
 351   18    4  1   0  0 0.020 01.0  0.00248   -0.11281   -0.11343     +0.549597 
 352    6    5  1   0  0 0.020 01.0  0.00280   +0.15921   +0.16476     +3.485962 
 353    8    7  1   0  0 0.020 01.0  0.00692   +0.77731   +0.78937     +1.551505 
 354   12   10  1   0  0 0.020 01.0  0.00203   -0.04418   -0.04489     +1.607062 
 355   13   11  1   0  0 0.020 01.0  0.00329   -0.23359   -0.23114     -1.048846 
 356   13   12  1   0  0 0.020 01.0  0.00192   -0.02775   -0.02250    -18.918919 
 357   16   12  1   0  0 0.020 01.0  0.00517   -0.51631   -0.51123     -0.983905 
 358   17   12  1   0  0 0.020 01.0  0.00458   -0.42678   -0.43319     +1.501945 
 359   15   14  1   0  0 0.020 01.0  0.00223   +0.07437   +0.07735     +4.006992 
 360   19   18  1   0  0 0.020 01.0  0.00203   -0.04500   -0.04426     -1.644444 
 361   20   19  1   0  0 0.020 01.0  0.00191   -0.02580   -0.02040    -20.930233 
 362   20   21  1   0  0 0.020 01.0  0.00182   +0.01280   +0.01063    -16.953125 
 363   22   21  1   0  0 0.020 01.0  0.00182   -0.01279   -0.01283     +0.312744 
 364   23   22  1   0  0 0.020 01.0  0.00197   +0.03514   +0.03259     -7.256688 
 365   24   23  1   0  0 0.020 01.0  0.00221   +0.07224   +0.06659     -7.821152 
 366   25   24  1   0  0 0.020 01.0  0.00204   -0.04541   -0.05016    +10.460251 
 367   25   24  1   0  0 0.020 01.0  0.00202   -0.04364   -0.04880    +11.824015 
 368   26   24  1   0  0 0.020 01.0  0.00281   +0.16130   +0.16966     +5.182889 
 369   27   26  1   0  0 0.020 01.0  0.00284   +0.16623   +0.16793     +1.022679 
 370   28   27  1   0  0 0.020 01.0  0.00321   +0.22226   +0.22784     +2.510573 
 371   29   28  1   0  0 0.020 01.0  0.00341   +0.25074   +0.25812     +2.943288 
 372   29    7  1   0  0 0.020 01.0  0.00496   -0.48375   -0.47402     -2.011370 
 373   30   25  1   0  0 0.020 01.0  0.00208   -0.05263   -0.04717    -10.374311 
 374   31   30  1   0  0 0.020 01.0  0.00194   -0.03126   -0.03667    +17.306462 
 375   32   31  1   0  0 0.020 01.0  0.00175   +0.00174   -0.00203   -216.666667 
 376   33   32  1   0  0 0.020 01.0  0.00188   -0.02200   -0.01946    -11.545455 
 377   32   34  1   0  0 0.020 01.0  0.00195   -0.03276   -0.02840    -13.308913 
 378   35   34  1   0  0 0.020 01.0  0.00195   +0.03283   +0.03135     -4.508072 
 379   36   35  1   0  0 0.020 01.0  0.00218   +0.06704   +0.06333     -5.534010 
 380   37   36  1   0  0 0.020 01.0  0.00227   +0.08110   +0.08214     +1.282367 
 381   38   37  1   0  0 0.020 01.0  0.00240   +0.10010   +0.09327     -6.823177 
 382   39   37  1   0  0 0.020 01.0  0.00185   -0.01774   -0.02281    +28.579481 
 383   40   36  1   0  0 0.020 01.0  0.00182   -0.01365   -0.00891    -34.725275 
 384   38   22  1   0  0 0.020 01.0  0.00205   -0.04781   -0.04902     +2.530851 
 385   41   11  1   0  0 0.020 01.0  0.00211   -0.05616   -0.05256     -6.410256 
 386   42   41  1   0  0 0.020 01.0  0.00211   -0.05625   -0.05950     +5.777778 
 387   43   41  1   0  0 0.020 01.0  0.00221   +0.07120   +0.07263     +2.008427 
 388   44   38  1   0  0 0.020 01.0  0.00183   +0.01494   +0.01927    +28.982597 
 389   45   15  1   0  0 0.020 01.0  0.00229   -0.08336   -0.08158     -2.135317 
 390   46   14  1   0  0 0.020 01.0  0.00324   -0.22573   -0.21749     -3.650379 
 391   47   46  1   0  0 0.020 01.0  0.00323   -0.22391   -0.21431     -4.287437 
 392   48   47  1   0  0 0.020 01.0  0.00210   -0.05456   -0.05896     +8.064516 
 393   49   48  1   0  0 0.020 01.0  0.00190   +0.02472   +0.01931    -21.885113 
 394   50   49  1   0  0 0.020 01.0  0.00189   -0.02320   -0.01854    -20.086207 
 395   51   50  1   0  0 0.020 01.0  0.00239   +0.09799   +0.09295     -5.143382 
 396   51   10  1   0  0 0.020 01.0  0.00307   -0.20099   -0.20855     +3.761381 
 397   49   13  1   0  0 0.020 01.0  0.00301   -0.19110   -0.18721     -2.035583 
 398   52   29  1   0  0 0.020 01.0  0.00262   -0.13346   -0.13857     +3.828863 
 399   53   52  1   0  0 0.020 01.0  0.00243   -0.10453   -0.10950     +4.754616 
 400   54   53  1   0  0 0.020 01.0  0.00180   +0.00968   +0.00945     -2.376033 
 401   55   54  1   0  0 0.020 01.0  0.00195   +0.03313   +0.03839    +15.876849 
 402   43   11  1   0  0 0.020 01.0  0.00228   -0.08220   -0.07890     -4.014599 
 403   45   44  1   0  0 0.020 01.0  0.00229   +0.08336   +0.08573     +2.843090 
 404   56   40  1   0  0 0.020 01.0  0.00182   -0.01365   -0.01835    +34.432234 
 405   41   56  1   0  0 0.020 01.0  0.00196   +0.03449   +0.03221     -6.610612 
 406   42   56  1   0  0 0.020 01.0  0.00184   +0.01625   +0.02107    +29.661538 
 407   57   39  1   0  0 0.020 01.0  0.00185   -0.01774   -0.01378    -22.322435 
 408   56   57  1   0  0 0.020 01.0  0.00187   +0.02036   +0.02474    +21.512770 
 409   49   38  1   0  0 0.020 01.0  0.00200   +0.03972   +0.04078     +2.668681 
 410   48   38  1   0  0 0.020 01.0  0.00226   +0.07919   +0.07461     -5.783559 
 411   55    9  1   0  0 0.020 01.0  0.00221   -0.07213   -0.07644     +5.975322 
 412    2    1  4   0  0 0.020 01.0  0.00898   -1.08765   -1.07430     -1.227417 
 413    3    2  4   0  0 0.020 01.0  0.00403   -0.34485   -0.33408     -3.123097 
 414    4    3  4   0  0 0.020 01.0  0.00319   -0.21874   -0.21571     -1.385206 
 415    5    4  4   0  0 0.020 01.0  0.00266   -0.13979   -0.13909     -0.500751 
 416    6    4  4   0  0 0.020 01.0  0.00283   -0.16512   -0.16346     -1.005329 
 417    7    6  4   0  0 0.020 01.0  0.00246   -0.10942   -0.11334     +3.582526 
 418    8    6  4   0  0 0.020 01.0  0.00250   -0.11524   -0.11044     -4.165220 
 419    9    8  4   0  0 0.020 01.0  0.00359   +0.27877   +0.28498     +2.227643 
 420   10    9  4   0  0 0.020 01.0  0.00247   +0.11075   +0.11207     +1.191874 
 421   11    9  4   0  0 0.020 01.0  0.00271   +0.14673   +0.14569     -0.708785 
 422   12    9  4   0  0 0.020 01.0  0.00234   +0.09107   +0.09177     +0.768640 
 423   13    9  4   0  0 0.020 01.0  0.00266   +0.13889   +0.13655     -1.684787 
 424   14   13  4   0  0 0.020 01.0  0.00188   +0.02274   +0.02835    +24.670185 
 425   15   13  4   0  0 0.020 01.0  0.00285   +0.16821   +0.16590     -1.373283 
 426   15    1  4   0  0 0.020 01.0  0.00509   -0.50307   -0.48884     -2.828632 
 427   16    1  4   0  0 0.020 01.0  0.00295   -0.18279   -0.19121     +4.606379 
 428   17    1  4   0  0 0.020 01.0  0.00302   -0.19329   -0.18826     -2.602307 
 429   15    3  4   0  0 0.020 01.0  0.00226   +0.07939   +0.07858     -1.020280 
 430   18    4  4   0  0 0.020 01.0  0.00180   +0.00982   +0.01123    +14.358452 
 431   18    4  4   0  0 0.020 01.0  0.00196   +0.03388   +0.03170     -6.434475 
 432    6    5  4   0  0 0.020 01.0  0.00258   -0.12691   -0.12038     -5.145379 
 433    8    7  4   0  0 0.020 01.0  0.00252   -0.11788   -0.12206     +3.545979 
 434   12   10  4   0  0 0.020 01.0  0.00244   +0.10656   +0.10472     -1.726727 
 435   13   11  4   0  0 0.020 01.0  0.00268   +0.14169   +0.13860     -2.180817 
 436   13   12  4   0  0 0.020 01.0  0.00374   -0.30151   -0.31190     +3.445989 
 437   16   12  4   0  0 0.020 01.0  0.00284   +0.16579   +0.16758     +1.079679 
 438   17   12  4   0  0 0.020 01.0  0.00271   +0.14729   +0.15277     +3.720551 
 439   15   14  4   0  0 0.020 01.0  0.00343   +0.25433   +0.25615     +0.715606 
 440   19   18  4   0  0 0.020 01.0  0.00181   -0.01090   -0.01238    +13.577982 
 441   20   19  4   0  0 0.020 01.0  0.00178   -0.00760   -0.01146    +50.789474 
 442   20   21  4   0  0 0.020 01.0  0.00174   +0.00160   -0.00241   -250.625000 
 443   22   21  4   0  0 0.020 01.0  0.00174   -0.00146   +0.00357   -344.520548 
 444   23   22  4   0  0 0.020 01.0  0.00211   -0.05627   -0.05574     -0.941887 
 445   24   23  4   0  0 0.020 01.0  0.00208   -0.05203   -0.05719     +9.917355 
 446   25   24  4   0  0 0.020 01.0  0.00181   +0.01149   +0.00884    -23.063534 
 447   25   24  4   0  0 0.020 01.0  0.00181   +0.01104   +0.00789    -28.532609 
 448   26   24  4   0  0 0.020 01.0  0.00219   -0.06872   -0.07116     +3.550640 
 449   27   26  4   0  0 0.020 01.0  0.00214   -0.06113   -0.05594     -8.490103 
 450   28   27  4   0  0 0.020 01.0  0.00209   -0.05345   -0.05319     -0.486436 
 451   29   28  4   0  0 0.020 01.0  0.00198   -0.03696   -0.04098    +10.876623 
 452   29    7  4   0  0 0.020 01.0  0.00204   +0.04646   +0.04209     -9.405941 
 453   30   25  4   0  0 0.020 01.0  0.00191   -0.02669   -0.03169    +18.733608 
 454   31   30  4   0  0 0.020 01.0  0.00184   -0.01613   -0.01221    -24.302542 
 455   32   31  4   0  0 0.020 01.0  0.00174   +0.00088   +0.00583   +562.500000 
 456   33   32  4   0  0 0.020 01.0  0.00181   -0.01100   -0.00635    -42.272727 
 457   32   34  4   0  0 0.020 01.0  0.00185   -0.01690   -0.01790     +5.917160 
 458   35   34  4   0  0 0.020 01.0  0.00183   +0.01475   +0.01916    +29.898305 
 459   36   35  4   0  0 0.020 01.0  0.00194   +0.03029   +0.03011     -0.594256 
 460   37   36  4   0  0 0.020 01.0  0.00226   +0.07887   +0.07846     -0.519843 
 461   38   37  4   0  0 0.020 01.0  0.00244   +0.10590   +0.10103     -4.598678 
 462   39   37  4   0  0 0.020 01.0  0.00192   -0.02730   -0.03209    +17.545788 
 463   40   36  4   0  0 0.020 01.0  0.00205   -0.04804   -0.04640     -3.413822 
 464   38   22  4   0  0 0.020 01.0  0.00210   +0.05501   +0.05262     -4.344665 
 465   41   11  4   0  0 0.020 01.0  0.00175   -0.00187   -0.00222    +18.716578 
 466   42   41  4   0  0 0.020 01.0  0.00174   -0.00041   -0.00342   +734.146341 
 467   43   41  4   0  0 0.020 01.0  0.00175   -0.00310   -0.00835   +169.354839 
 468   44   38  4   0  0 0.020 01.0  0.00196   -0.03390   -0.03040    -10.324484 
 469   45   15  4   0  0 0.020 01.0  0.00192   +0.02758   +0.02606     -5.511240 
 470   46   14  4   0  0 0.020 01.0  0.00311   -0.20682   -0.21588     +4.380621 
 471   47   46  4   0  0 0.020 01.0  0.00310   -0.20522   -0.20122     -1.949128 
 472   48   47  4   0  0 0.020 01.0  0.00266   -0.13877   -0.14326     +3.235570 
 473   49   48  4   0  0 0.020 01.0  0.00189   +0.02385   +0.02599     +8.972746 
 474   50   49  4   0  0 0.020 01.0  0.00226   -0.07835   -0.08179     +4.390555 
 475   51   50  4   0  0 0.020 01.0  0.00184   -0.01647   -0.01906    +15.725562 
 476   51   10  4   0  0 0.020 01.0  0.00182   -0.01353   -0.01755    +29.711752 
 477   49   13  4   0  0 0.020 01.0  0.00316   -0.21445   -0.21741     +1.380275 
 478   52   29  4   0  0 0.020 01.0  0.00192   +0.02779   +0.03072    +10.543361 
 479   53   52  4   0  0 0.020 01.0  0.00201   +0.04199   +0.04669    +11.193141 
 480   54   53  4   0  0 0.020 01.0  0.00196   +0.03341   +0.03588     +7.392996 
 481   55   54  4   0  0 0.020 01.0  0.00201   +0.04200   +0.03894     -7.285714 
 482   43   11  4   0  0 0.020 01.0  0.00175   -0.00290   -0.00341    +17.586207 
 483   45   44  4   0  0 0.020 01.0  0.00192   -0.02758   -0.02261    -18.020305 
 484   56   40  4   0  0 0.020 01.0  0.00204   -0.04550   -0.04409     -3.098901 
 485   41   56  4   0  0 0.020 01.0  0.00188   -0.02165   -0.02438    +12.609700 
 486   42   56  4   0  0 0.020 01.0  0.00190   -0.02459   -0.02309     -6.100041 
 487   57   39  4   0  0 0.020 01.0  0.00191   -0.02603   -0.02379     -8.605455 
 488   56   57  4   0  0 0.020 01.0  0.00183   -0.01488   -0.01594     +7.123656 
 489   49   38  4   0  0 0.020 01.0  0.00216   +0.06350   +0.05954     -6.236220 
 490   48   38  4   0  0 0.020 01.0  0.00285   +0.16801   +0.16471     -1.964169 
 491   55    9  4   0  0 0.020 01.0  0.00214   -0.06100   -0.05852     -4.065574 
----------------------------------------------------------------------------------
Número de medidores SCADA:     491
Número de PMUs:                0
Número de medidas das PMUs:    0
----------------------------------------------------------------------------------

Não há medidas de ângulo.
Não há medidores desabilitados.
============================== Estado Estimado ===================================
                 Barra     Mod(pu)    Ang(graus)              
----------------------------------------------------------------------------------
                    1            1.0400              0.00        
                    2            1.0215              2.40        
                    3            1.0287              9.17        
                    4            1.0221              9.42        
                    5            1.0104             10.46        
                    6            1.0075             11.25        
                    7            1.0031             13.02        
                    8            1.0046             16.26        
                    9            0.9898              9.31        
                   10            1.0005              6.37        
                   11            0.9927              7.24        
                   12            1.0146              5.87        
                   13            0.9983              6.05        
                   14            0.9967              5.51        
                   15            1.0123              5.48        
                   16            1.0187              3.38        
                   17            1.0250              1.30        
                   18            1.0551              7.00        
                   19            1.0277              5.69        
                   20            1.0174              5.14        
                   21            1.0623              4.55        
                   22            1.0614              4.47        
                   23            1.0609              4.53        
                   24            1.0600              5.87        
                   25            1.0720              3.19        
                   26            1.0130              6.30        
                   27            1.0238              9.15        
                   28            1.0320             10.50        
                   29            1.0398             11.37        
                   30            1.0603              2.85        
                   31            1.0427              2.34        
                   32            1.0448              2.39        
                   33            1.0437              2.37        
                   34            1.0339              3.94        
                   35            1.0368              4.03        
                   36            1.0411              4.15        
                   37            1.0461              4.19        
                   38            1.0620              4.35        
                   39            1.0445              4.19        
                   40            1.0387              4.19        
                   41            1.0380              5.01        
                   42            1.0261              3.94        
                   43            1.0357              6.56        
                   44            1.0608              4.44        
                   45            1.0628              5.03        
                   46            1.0932              4.72        
                   47            1.0755              4.22        
                   48            1.0716              4.27        
                   49            1.0768              4.31        
                   50            1.0660              4.46        
                   51            1.0747              5.66        
                   52            1.0262              9.81        
                   53            1.0223              9.05        
                   54            1.0313              8.82        
                   55            1.0460              8.85        
                   56            1.0308              3.29        
                   57            1.0311              2.84        
----------------------------------------------------------------------------------
Convergiu em:    2 iteraçoes. 
----------------------------------------------------------------------------------
--- RESIDUOS NORMALIZADOS --------------------------------------------------------
   N    D    P  TP      Real     Medido   Estimado      Med-Est        rn 
----------------------------------------------------------------------------------
 190    4   18  1    +0.0881    +0.0893    +0.1084  -1.9051e-02      0.420 
 350   18    4  1    -0.0881    -0.0900    -0.1084  +1.8351e-02      0.404 
 430   18    4  4    +0.0098    +0.0112    +0.0269  -1.5687e-02      0.395 
 115    0    1  5    +1.8473    +1.8860    +1.8516  +3.4336e-02      0.353 
 332    2    1  1    +1.2926    +1.3102    +1.2828  +2.7367e-02      0.289 
 270    4   18  4    -0.0059    -0.0111    -0.0221  +1.0979e-02      0.278 
 106    0   49  2    -0.1030    -0.0960    -0.1041  +8.1289e-03      0.251 
  75    0   18  2    -0.1550    -0.1584    -0.1484  -1.0002e-02      0.247 
  19    0   19  6    +1.0306    +1.0440    +1.0277  +1.6323e-02      0.234 
 132    0   18  5    -0.0560    -0.0592    -0.0673  +8.1243e-03      0.232 
 337    7    6  1    +0.2851    +0.2757    +0.2884  -1.2662e-02      0.227 
 426   15    1  4    -0.5031    -0.4888    -0.5041  +1.5268e-02      0.226 
  58    0    1  2    -2.7256    -2.6756    -2.7027  +2.7134e-02      0.225 
  61    0    4  2    +0.0000    +0.0008    -0.0043  +5.0826e-03      0.217 
  39    0   39  6    +1.0447    +1.0597    +1.0445  +1.5257e-02      0.213 
  57    0   57  6    +1.0316    +1.0165    +1.0311  -1.4607e-02      0.208 
 174    3    4  1    -0.0587    -0.0525    -0.0599  +7.4252e-03      0.201 
 343   13    9  1    -0.3081    -0.3187    -0.3069  -1.1833e-02      0.197 
  45    0   45  6    +1.0629    +1.0770    +1.0628  +1.4219e-02      0.197 
  63    0    6  2    -0.4270    -0.4401    -0.4308  -9.3392e-03      0.196 
 349   15    3  1    -1.2445    -1.2173    -1.2353  +1.7997e-02      0.193 
 338    8    6  1    +0.4911    +0.4798    +0.4929  -1.3138e-02      0.192 
 436   13   12  4    -0.3015    -0.3119    -0.3011  -1.0796e-02      0.190 
  35    0   35  6    +1.0367    +1.0233    +1.0368  -1.3505e-02      0.190 
 273    7    8  4    +0.1417    +0.1341    +0.1429  -8.7875e-03      0.188 
 424   14   13  4    +0.0227    +0.0284    +0.0211  +7.2741e-03      0.187 
  40    0   40  6    +1.0386    +1.0519    +1.0387  +1.3187e-02      0.185 
  29    0   29  6    +1.0402    +1.0531    +1.0398  +1.3218e-02      0.185 
  31    0   31  6    +1.0431    +1.0556    +1.0427  +1.2832e-02      0.185 
  82    0   25  2    -0.0360    -0.0307    -0.0366  +5.8345e-03      0.184 
   8    0    8  6    +1.0050    +1.0174    +1.0046  +1.2820e-02      0.182 
   5    0    5  6    +1.0110    +0.9976    +1.0104  -1.2762e-02      0.181 
 267    1   16  4    +0.1442    +0.1364    +0.1454  -8.9838e-03      0.180 
 205   23   24  1    -0.0711    -0.0777    -0.0702  -7.5536e-03      0.178 
 173    2    3  1    -1.3096    -1.2823    -1.2997  +1.7392e-02      0.178 
  69    0   12  2    +0.7650    +0.7751    +0.7638  +1.1378e-02      0.178 
  53    0   53  6    +1.0223    +1.0347    +1.0223  +1.2455e-02      0.176 
  56    0   56  6    +1.0313    +1.0184    +1.0308  -1.2424e-02      0.176 
 178    6    8  1    -0.4827    -0.4725    -0.4845  +1.2014e-02      0.176 
 412    2    1  4    -1.0877    -1.0743    -1.0893  +1.5002e-02      0.176 
   9    0    9  6    +0.9900    +1.0018    +0.9898  +1.2051e-02      0.173 
   1    0    1  6    +1.0400    +1.0523    +1.0400  +1.2330e-02      0.172 
  55    0   55  6    +1.0461    +1.0337    +1.0460  -1.2235e-02      0.171 
 413    3    2  4    -0.3448    -0.3341    -0.3441  +9.9776e-03      0.170 
 361   20   19  1    -0.0258    -0.0204    -0.0271  +6.7132e-03      0.169 
 283   21   22  4    +0.0015    +0.0067    +0.0007  +5.9684e-03      0.169 
 414    4    3  4    -0.2187    -0.2157    -0.2240  +8.2735e-03      0.167 
  66    0    9  2    -1.1010    -1.1173    -1.1068  -1.0512e-02      0.164 
  74    0   17  2    -0.2390    -0.2344    -0.2413  +6.9479e-03      0.164 
 356   13   12  1    -0.0278    -0.0225    -0.0286  +6.0819e-03      0.164 
 323   44   45  4    +0.0239    +0.0289    +0.0224  +6.5443e-03      0.164 
  43    0   43  6    +1.0361    +1.0241    +1.0357  -1.1617e-02      0.163 
 474   50   49  4    -0.0784    -0.0818    -0.0748  -6.9950e-03      0.163 
 391   47   46  1    -0.2239    -0.2143    -0.2227  +8.3558e-03      0.162 
 366   25   24  1    -0.0454    -0.0502    -0.0432  -6.9497e-03      0.161 
 353    8    7  1    +0.7773    +0.7894    +0.7772  +1.2188e-02      0.158 
 124    0   10  5    -0.0110    -0.0153    -0.0110  -4.2727e-03      0.158 
 189    3   15  1    +1.2691    +1.2449    +1.2596  -1.4633e-02      0.157 
 168    0   54  5    -0.0080    -0.0121    -0.0073  -4.8382e-03      0.154 
 335    5    4  1    +0.0840    +0.0892    +0.0823  +6.8835e-03      0.154 
 274   10   12  4    -0.1378    -0.1302    -0.1375  +7.3758e-03      0.153 
   3    0    3  6    +1.0290    +1.0393    +1.0287  +1.0604e-02      0.149 
 305   11   41  4    +0.0041    +0.0091    +0.0030  +6.0667e-03      0.149 
 374   31   30  1    -0.0313    -0.0367    -0.0309  -5.8187e-03      0.148 
 368   26   24  1    +0.1613    +0.1697    +0.1628  +6.9044e-03      0.147 
 331    9   55  4    +0.0620    +0.0672    +0.0615  +5.7819e-03      0.147 
 255    4    5  4    +0.1161    +0.1235    +0.1165  +6.9747e-03      0.147 
 428   17    1  4    -0.1933    -0.1883    -0.1956  +7.3615e-03      0.146 
 258    6    8  4    +0.1104    +0.1037    +0.1107  -6.9810e-03      0.145 
 344   14   13  1    -0.2126    -0.2187    -0.2111  -7.5006e-03      0.145 
 394   50   49  1    -0.0232    -0.0185    -0.0240  +5.4541e-03      0.143 
  67    0   10  2    -0.0280    -0.0315    -0.0277  -3.8139e-03      0.142 
  93    0   36  2    +0.0000    +0.0035    -0.0004  +3.8961e-03      0.142 
 116    0    2  5    -0.6720    -0.6684    -0.6767  +8.2811e-03      0.140 
 104    0   47  2    -0.1690    -0.1714    -0.1655  -5.9431e-03      0.140 
 472   48   47  4    -0.1388    -0.1433    -0.1369  -6.3509e-03      0.140 
 346   15    1  1    +1.0229    +1.0276    +1.0153  +1.2265e-02      0.140 
 195   11   13  1    +0.2353    +0.2426    +0.2353  +7.3414e-03      0.140 
 306   41   42  4    +0.0015    -0.0033    +0.0019  -5.2566e-03      0.139 
 123    0    9  5    -0.2670    -0.2618    -0.2566  -5.2302e-03      0.137 
  47    0   47  6    +1.0762    +1.0656    +1.0755  -9.9152e-03      0.136 
 427   16    1  4    -0.1828    -0.1912    -0.1841  -7.1434e-03      0.136 
 441   20   19  4    -0.0076    -0.0115    -0.0063  -5.1774e-03      0.135 
 390   46   14  1    -0.2257    -0.2175    -0.2245  +6.9769e-03      0.135 
 119    0    5  5    -0.0230    -0.0201    -0.0243  +4.1720e-03      0.135 
 201   19   20  1    +0.0260    +0.0220    +0.0273  -5.2850e-03      0.134 
 235   50   51  1    -0.0968    -0.1026    -0.0965  -6.1140e-03      0.133 
  77    0   20  2    -0.0130    -0.0176    -0.0133  -4.3474e-03      0.133 
  32    0   32  6    +1.0445    +1.0541    +1.0448  +9.2912e-03      0.133 
 199   14   15  1    -0.0731    -0.0670    -0.0726  +5.6404e-03      0.132 
 371   29   28  1    +0.2507    +0.2581    +0.2514  +6.7278e-03      0.131 
 271    4   18  4    -0.0285    -0.0275    -0.0221  -5.4205e-03      0.131 
 407   57   39  1    -0.0177    -0.0138    -0.0192  +5.4382e-03      0.130 
  96    0   39  2    +0.0000    +0.0050    +0.0007  +4.3802e-03      0.130 
  72    0   15  2    -0.1250    -0.1264    -0.1233  -3.1287e-03      0.130 
 277   12   16  4    -0.1648    -0.1586    -0.1649  +6.2712e-03      0.130 
 367   25   24  1    -0.0436    -0.0488    -0.0432  -5.5897e-03      0.130 
 398   52   29  1    -0.1335    -0.1386    -0.1326  -5.9521e-03      0.129 
 299   35   36  4    -0.0318    -0.0261    -0.0309  +4.7430e-03      0.128 
 470   46   14  4    -0.2068    -0.2159    -0.2094  -6.4625e-03      0.127 
 171    0   57  5    -0.0110    -0.0060    -0.0103  +4.2482e-03      0.127 
 453   30   25  4    -0.0267    -0.0317    -0.0269  -4.7872e-03      0.126 
 102    0   45  2    -0.0000    -0.0047    -0.0011  -3.6542e-03      0.125 
  89    0   32  2    -0.0090    -0.0117    -0.0080  -3.6791e-03      0.125 
 311   46   47  4    +0.2068    +0.2141    +0.2078  +6.3254e-03      0.124 
 140    0   26  5    +0.0000    +0.0008    -0.0031  +3.8242e-03      0.124 
 329   38   49  4    -0.0660    -0.0717    -0.0661  -5.5891e-03      0.124 
 111    0   54  2    -0.0230    -0.0221    -0.0262  +4.0151e-03      0.123 
 358   17   12  1    -0.4268    -0.4332    -0.4253  -7.9195e-03      0.122 
 432    6    5  4    -0.1269    -0.1204    -0.1260  +5.6428e-03      0.122 
 443   22   21  4    -0.0015    +0.0036    -0.0007  +4.2941e-03      0.122 
 137    0   23  5    -0.0120    -0.0136    -0.0097  -3.9578e-03      0.122 
 396   51   10  1    -0.2010    -0.2086    -0.2026  -5.9779e-03      0.121 
  83    0   26  2    -0.0000    -0.0010    +0.0025  -3.5218e-03      0.119 
 220   36   37  1    -0.0808    -0.0861    -0.0813  -4.7802e-03      0.119 
  46    0   46  6    +1.0939    +1.0845    +1.0932  -8.6972e-03      0.119 
 393   49   48  1    +0.0247    +0.0193    +0.0241  -4.8342e-03      0.118 
 286   24   25  4    -0.0092    -0.0141    -0.0093  -4.7967e-03      0.118 
 455   32   31  4    +0.0009    +0.0058    +0.0014  +4.4606e-03      0.118 
 275   11   13  4    -0.1547    -0.1608    -0.1551  -5.6731e-03      0.117 
 122    0    8  5    -0.2840    -0.2946    -0.2893  -5.3378e-03      0.117 
 345   15   13  1    -0.0612    -0.0556    -0.0608  +5.1404e-03      0.117 
 233   48   49  1    -0.0246    -0.0193    -0.0240  +4.7650e-03      0.116 
 186    1   15  1    -1.0012    -0.9837    -0.9938  +1.0129e-02      0.116 
 382   39   37  1    -0.0177    -0.0228    -0.0186  -4.2515e-03      0.116 
  24    0   24  6    +1.0609    +1.0516    +1.0600  -8.3600e-03      0.116 
  34    0   34  6    +1.0339    +1.0256    +1.0339  -8.2288e-03      0.116 
 243   44   45  1    -0.0829    -0.0871    -0.0820  -5.1145e-03      0.115 
 185   13   15  1    +0.0621    +0.0567    +0.0618  -5.0612e-03      0.115 
 431   18    4  4    +0.0339    +0.0317    +0.0269  +4.7826e-03      0.115 
 452   29    7  4    +0.0465    +0.0421    +0.0465  -4.4040e-03      0.115 
 227   41   43  1    -0.0712    -0.0657    -0.0707  +4.9848e-03      0.114 
 383   40   36  1    -0.0137    -0.0089    -0.0130  +4.1024e-03      0.113 
 292    7   29  4    -0.0323    -0.0367    -0.0325  -4.2012e-03      0.113 
 375   32   31  1    +0.0017    -0.0020    +0.0022  -4.2581e-03      0.113 
 379   36   35  1    +0.0670    +0.0633    +0.0678  -4.4566e-03      0.113 
 454   31   30  4    -0.0161    -0.0122    -0.0165  +4.3109e-03      0.113 
 438   17   12  4    +0.1473    +0.1528    +0.1472  +5.5613e-03      0.112 
  15    0   15  6    +1.0125    +1.0203    +1.0123  +7.9066e-03      0.112 
 365   24   23  1    +0.0722    +0.0666    +0.0713  -4.7087e-03      0.112 
 253    2    3  4    +0.4157    +0.4195    +0.4126  +6.8794e-03      0.111 
 215   31   32  1    -0.0017    -0.0064    -0.0022  -4.1951e-03      0.111 
 312   47   48  4    +0.1392    +0.1323    +0.1374  -5.0150e-03      0.111 
  22    0   22  6    +1.0618    +1.0534    +1.0614  -7.9475e-03      0.110 
 411   55    9  1    -0.0721    -0.0764    -0.0721  -4.3337e-03      0.110 
  12    0   12  6    +1.0150    +1.0069    +1.0146  -7.7051e-03      0.109 
 148    0   34  5    -0.0000    +0.0025    -0.0010  +3.5268e-03      0.109 
  30    0   30  6    +1.0606    +1.0679    +1.0603  +7.5988e-03      0.108 
 479   53   52  4    +0.0420    +0.0467    +0.0425  +4.2369e-03      0.108 
 351   18    4  1    -0.1128    -0.1134    -0.1084  -5.0394e-03      0.107 
  60    0    3  2    +2.5750    +2.5662    +2.5535  +1.2650e-02      0.107 
 194   10   12  1    +0.0446    +0.0473    +0.0430  +4.3022e-03      0.106 
 372   29    7  1    -0.4838    -0.4740    -0.4807  +6.6334e-03      0.106 
 291   28   29  4    +0.0404    +0.0371    +0.0412  -4.0286e-03      0.105 
 126    0   12  5    +0.1167    +0.1119    +0.1151  -3.1274e-03      0.105 
 184   13   14  1    +0.2132    +0.2063    +0.2118  -5.4412e-03      0.105 
 326   56   42  4    +0.0249    +0.0211    +0.0253  -4.2054e-03      0.105 
 310   14   46  4    +0.2126    +0.2099    +0.2152  -5.3533e-03      0.105 
 230   14   46  1    +0.2257    +0.2299    +0.2245  +5.4031e-03      0.104 
 180    9   10  1    +0.2770    +0.2826    +0.2766  +5.9441e-03      0.104 
 395   51   50  1    +0.0980    +0.0930    +0.0977  -4.7082e-03      0.103 
 217   34   32  1    +0.0328    +0.0274    +0.0315  -4.0818e-03      0.102 
 223   36   40  1    +0.0137    +0.0168    +0.0131  +3.7229e-03      0.102 
 458   35   34  4    +0.0147    +0.0192    +0.0154  +3.7352e-03      0.102 
 218   34   35  1    -0.0328    -0.0285    -0.0324  +3.8613e-03      0.102 
  11    0   11  6    +0.9931    +0.9855    +0.9927  -7.1359e-03      0.102 
 381   38   37  1    +0.1001    +0.0933    +0.0975  -4.1841e-03      0.102 
 373   30   25  1    -0.0526    -0.0472    -0.0512  +4.0390e-03      0.102 
 177    6    7  1    -0.2833    -0.2922    -0.2866  -5.6394e-03      0.101 
 364   23   22  1    +0.0351    +0.0326    +0.0364  -3.7635e-03      0.101 
 417    7    6  4    -0.1094    -0.1133    -0.1087  -4.6275e-03      0.100 
 322   11   43  4    +0.0039    -0.0000    +0.0036  -3.6138e-03      0.100 
 340   10    9  1    -0.2736    -0.2676    -0.2732  +5.6359e-03      0.099 
 294   30   31  4    +0.0167    +0.0208    +0.0171  +3.7493e-03      0.098 
 405   41   56  1    +0.0345    +0.0322    +0.0364  -4.2090e-03      0.098 
  81    0   24  2    +0.0000    -0.0008    -0.0033  +2.5315e-03      0.097 
  86    0   29  2    -0.0970    -0.0971    -0.0941  -2.9766e-03      0.097 
 170    0   56  5    -0.0130    -0.0106    -0.0133  +2.7365e-03      0.097 
 265   13   15  4    -0.1884    -0.1959    -0.1908  -5.1490e-03      0.097 
  17    0   17  6    +1.0253    +1.0181    +1.0250  -6.8846e-03      0.097 
 418    8    6  4    -0.1152    -0.1104    -0.1151  +4.7078e-03      0.097 
 118    0    4  5    +0.0000    +0.0046    +0.0068  -2.2947e-03      0.097 
 471   47   46  4    -0.2052    -0.2012    -0.2061  +4.9291e-03      0.097 
  90    0   33  2    -0.0220    -0.0247    -0.0212  -3.5665e-03      0.097 
 187    1   16  1    -0.2671    -0.2705    -0.2650  -5.4673e-03      0.097 
 149    0   35  5    -0.0170    -0.0186    -0.0154  -3.1118e-03      0.096 
 231   46   47  1    +0.2257    +0.2294    +0.2245  +4.9384e-03      0.096 
 202   21   20  1    -0.0128    -0.0101    -0.0138  +3.6906e-03      0.095 
  97    0   40  2    +0.0000    +0.0050    +0.0018  +3.2124e-03      0.095 
  52    0   52  6    +1.0261    +1.0195    +1.0262  -6.7264e-03      0.095 
  36    0   36  6    +1.0411    +1.0344    +1.0411  -6.7636e-03      0.095 
 133    0   19  5    -0.0030    -0.0077    -0.0046  -3.0134e-03      0.095 
 297   34   32  4    +0.0181    +0.0140    +0.0178  -3.7104e-03      0.095 
 238   29   52  1    +0.1360    +0.1308    +0.1351  -4.3178e-03      0.094 
 264   13   14  4    -0.0317    -0.0263    -0.0300  +3.7424e-03      0.094 
 316   10   51  4    +0.0160    +0.0135    +0.0170  -3.4579e-03      0.093 
 425   15   13  4    +0.1682    +0.1659    +0.1707  -4.7797e-03      0.092 
 260    9   10  4    -0.1389    -0.1331    -0.1377  +4.5391e-03      0.092 
 139    0   25  5    -0.0180    -0.0199    -0.0170  -2.9148e-03      0.092 
 308   38   44  4    +0.0317    +0.0314    +0.0279  +3.5151e-03      0.092 
 319   52   53  4    -0.0408    -0.0376    -0.0412  +3.6045e-03      0.092 
 401   55   54  1    +0.0331    +0.0384    +0.0348  +3.6200e-03      0.091 
 333    3    2  1    +1.3646    +1.3628    +1.3539  +8.9277e-03      0.090 
 467   43   41  4    -0.0031    -0.0083    -0.0049  -3.4780e-03      0.090 
 208   24   26  1    -0.1613    -0.1670    -0.1628  -4.2444e-03      0.090 
 165    0   51  5    -0.0300    -0.0353    -0.0322  -3.0767e-03      0.090 
 298   34   35  4    -0.0181    -0.0221    -0.0188  -3.3128e-03      0.090 
 489   49   38  4    +0.0635    +0.0595    +0.0636  -4.0163e-03      0.089 
 445   24   23  4    -0.0520    -0.0572    -0.0535  -3.7066e-03      0.089 
 388   44   38  1    +0.0149    +0.0193    +0.0160  +3.2408e-03      0.089 
 451   29   28  4    -0.0370    -0.0410    -0.0377  -3.3193e-03      0.087 
 225   11   41  1    +0.0562    +0.0599    +0.0560  +3.8827e-03      0.087 
  25    0   25  6    +1.0724    +1.0658    +1.0720  -6.1853e-03      0.087 
 155    0   41  5    -0.0170    -0.0117    -0.0142  +2.4861e-03      0.087 
 447   25   24  4    +0.0110    +0.0079    +0.0114  -3.5316e-03      0.087 
 404   56   40  1    -0.0137    -0.0184    -0.0148  -3.5700e-03      0.086 
 307   41   43  4    +0.0050    +0.0035    +0.0068  -3.3322e-03      0.086 
 483   45   44  4    -0.0276    -0.0226    -0.0261  +3.4658e-03      0.086 
 402   43   11  1    -0.0822    -0.0789    -0.0825  +3.5519e-03      0.085 
 211   28   29  1    -0.2483    -0.2532    -0.2489  -4.3558e-03      0.085 
 476   51   10  4    -0.0135    -0.0175    -0.0144  -3.1144e-03      0.084 
  54    0   54  6    +1.0316    +1.0372    +1.0313  +5.9667e-03      0.084 
 240   53   54  1    -0.0095    -0.0047    -0.0079  +3.2148e-03      0.084 
 456   33   32  4    -0.0110    -0.0063    -0.0094  +3.0385e-03      0.084 
 408   56   57  1    +0.0204    +0.0247    +0.0216  +3.1565e-03      0.084 
 279   14   15  4    -0.2653    -0.2751    -0.2704  -4.6847e-03      0.084 
 172    1    2  1    -1.2711    -1.2693    -1.2614  -7.8745e-03      0.084 
  59    0    2  2    -0.0170    -0.0185    -0.0169  -1.6016e-03      0.083 
 362   20   21  1    +0.0128    +0.0106    +0.0138  -3.2006e-03      0.083 
 236   10   51  1    +0.2010    +0.2066    +0.2026  +4.0679e-03      0.082 
 179    8    9  1    +2.3766    +2.3675    +2.3774  -9.9096e-03      0.082 
 135    0   21  5    +0.0000    -0.0004    +0.0023  -2.6412e-03      0.081 
 261    9   11  4    -0.1540    -0.1471    -0.1511  +3.9591e-03      0.081 
 141    0   27  5    -0.0030    +0.0022    -0.0004  +2.5461e-03      0.081 
  85    0   28  2    -0.0260    -0.0217    -0.0241  +2.3892e-03      0.081 
 359   15   14  1    +0.0744    +0.0774    +0.0739  +3.4375e-03      0.080 
 197   12   16  1    +0.5215    +0.5131    +0.5184  -5.2583e-03      0.080 
 301   37   38  4    -0.1062    -0.1072    -0.1039  -3.3278e-03      0.080 
 300   36   37  4    -0.0784    -0.0721    -0.0752  +3.1736e-03      0.079 
 285   23   24  4    +0.0443    +0.0490    +0.0457  +3.2231e-03      0.079 
  80    0   23  2    -0.0360    -0.0311    -0.0338  +2.7128e-03      0.079 
 232   47   48  1    +0.0549    +0.0602    +0.0572  +3.0411e-03      0.078 
 154    0   40  5    -0.0000    +0.0047    +0.0021  +2.5537e-03      0.077 
 377   32   34  1    -0.0328    -0.0284    -0.0315  +3.0518e-03      0.077 
 385   41   11  1    -0.0562    -0.0526    -0.0560  +3.4073e-03      0.076 
 352    6    5  1    +0.1592    +0.1648    +0.1611  +3.6100e-03      0.076 
 245   56   41  1    -0.0336    -0.0322    -0.0355  +3.2679e-03      0.076 
 313   48   49  4    -0.0293    -0.0340    -0.0308  -3.1434e-03      0.076 
 196   12   13  1    +0.0291    +0.0327    +0.0299  +2.8119e-03      0.076 
  70    0   13  2    -0.1030    -0.1024    -0.1044  +2.0135e-03      0.076 
 317   13   49  4    +0.2280    +0.2329    +0.2287  +4.1364e-03      0.075 
 435   13   11  4    +0.1417    +0.1386    +0.1421  -3.5478e-03      0.075 
 136    0   22  5    -0.0000    -0.0004    +0.0017  -2.0643e-03      0.075 
 397   49   13  1    -0.1911    -0.1872    -0.1911  +3.9272e-03      0.075 
 403   45   44  1    +0.0834    +0.0857    +0.0824  +3.2978e-03      0.074 
 309   15   45  4    -0.0269    -0.0306    -0.0277  -2.8841e-03      0.074 
 229   15   45  1    +0.0834    +0.0866    +0.0835  +3.1120e-03      0.073 
   7    0    7  6    +1.0035    +0.9980    +1.0031  -5.0942e-03      0.073 
 336    6    4  1    +0.1798    +0.1828    +0.1791  +3.7062e-03      0.072 
 320   53   54  4    -0.0331    -0.0360    -0.0331  -2.9073e-03      0.072 
 234   49   50  1    +0.0237    +0.0217    +0.0244  -2.6990e-03      0.071 
  10    0   10  6    +1.0009    +1.0054    +1.0005  +4.9512e-03      0.071 
 460   37   36  4    +0.0789    +0.0785    +0.0756  +2.8223e-03      0.070 
 256    4    6  4    +0.1371    +0.1407    +0.1373  +3.4678e-03      0.070 
 203   21   22  1    +0.0128    +0.0104    +0.0130  -2.5279e-03      0.070 
  95    0   38  2    -0.0800    -0.0780    -0.0801  +2.0523e-03      0.070 
 334    4    3  1    +0.0592    +0.0630    +0.0604  +2.5789e-03      0.070 
 449   27   26  4    -0.0611    -0.0559    -0.0589  +2.9843e-03      0.069 
 206   24   25  1    +0.0454    +0.0462    +0.0432  +2.9797e-03      0.069 
 249   38   49  1    -0.0391    -0.0349    -0.0379  +2.9358e-03      0.068 
 466   42   41  4    -0.0004    -0.0034    -0.0009  -2.5649e-03      0.068 
 433    8    7  4    -0.1179    -0.1221    -0.1190  -3.0713e-03      0.068 
 183    9   13  1    +0.3139    +0.3085    +0.3126  -4.0709e-03      0.068 
 147    0   33  5    -0.0110    -0.0118    -0.0094  -2.4315e-03      0.067 
  64    0    7  2    +0.0000    +0.0016    +0.0003  +1.3019e-03      0.066 
 241   54   55  1    -0.0327    -0.0369    -0.0343  -2.6115e-03      0.066 
  91    0   34  2    -0.0000    -0.0030    -0.0009  -2.0905e-03      0.065 
 121    0    7  5    -0.0000    +0.0034    +0.0017  +1.7037e-03      0.065 
 239   52   53  1    +0.1055    +0.1052    +0.1080  -2.8294e-03      0.065 
  65    0    8  2    +3.6450    +3.6385    +3.6475  -8.9992e-03      0.064 
 210   27   28  1    -0.2192    -0.2184    -0.2217  +3.2755e-03      0.064 
 446   25   24  4    +0.0115    +0.0088    +0.0114  -2.5816e-03      0.063 
 181    9   11  1    +0.3780    +0.3794    +0.3756  +3.7947e-03      0.062 
 142    0   28  5    -0.0130    -0.0106    -0.0126  +1.9850e-03      0.062 
 386   42   41  1    -0.0563    -0.0595    -0.0569  -2.6321e-03      0.062 
 278   12   17  4    -0.1608    -0.1577    -0.1608  +3.1549e-03      0.062 
 252    1    2  4    +1.0233    +1.0295    +1.0244  +5.0694e-03      0.062 
  92    0   35  2    -0.0340    -0.0331    -0.0351  +2.0715e-03      0.062 
 439   15   14  4    +0.2543    +0.2561    +0.2596  -3.4219e-03      0.062 
 237   13   49  1    +0.1911    +0.1944    +0.1911  +3.2628e-03      0.062 
 228   38   44  1    -0.0149    -0.0137    -0.0160  +2.2610e-03      0.062 
 480   54   53  4    +0.0334    +0.0359    +0.0334  +2.4895e-03      0.061 
  49    0   49  6    +1.0774    +1.0813    +1.0768  +4.4575e-03      0.061 
 131    0   17  5    -0.0460    -0.0503    -0.0484  -1.8672e-03      0.061 
 469   45   15  4    +0.0276    +0.0261    +0.0284  -2.3636e-03      0.061 
 246   56   42  1    -0.0161    -0.0167    -0.0191  +2.3724e-03      0.061 
 370   28   27  1    +0.2223    +0.2278    +0.2248  +3.0750e-03      0.060 
 461   38   37  4    +0.1059    +0.1010    +0.1035  -2.4897e-03      0.060 
 156    0   42  5    -0.0250    -0.0278    -0.0258  -1.9846e-03      0.060 
 176    4    6  1    -0.1775    -0.1799    -0.1768  -3.0582e-03      0.059 
 303   36   40  4    +0.0481    +0.0489    +0.0466  +2.3152e-03      0.059 
 354   12   10  1    -0.0442    -0.0449    -0.0425  -2.3793e-03      0.059 
  48    0   48  6    +1.0723    +1.0674    +1.0716  -4.2027e-03      0.058 
 369   27   26  1    +0.1662    +0.1679    +0.1651  +2.8705e-03      0.058 
 339    9    8  1    -2.3212    -2.3289    -2.3220  -6.9875e-03      0.058 
 481   55   54  4    +0.0420    +0.0389    +0.0413  -2.3658e-03      0.058 
  87    0   30  2    -0.0210    -0.0219    -0.0200  -1.8695e-03      0.058 
 224   22   38  1    +0.0479    +0.0508    +0.0487  +2.1428e-03      0.057 
 128    0   14  5    -0.0300    -0.0357    -0.0341  -1.5739e-03      0.057 
 103    0   46  2    +0.0000    -0.0015    +0.0000  -1.5447e-03      0.056 
 399   53   52  1    -0.1045    -0.1095    -0.1070  -2.4575e-03      0.056 
 284   22   23  4    +0.0563    +0.0533    +0.0555  -2.1984e-03      0.056 
 288   24   26  4    +0.0701    +0.0732    +0.0709  +2.2843e-03      0.056 
 330   38   48  4    -0.1666    -0.1600    -0.1626  +2.6597e-03      0.056 
 487   57   39  4    -0.0260    -0.0238    -0.0262  +2.3600e-03      0.055 
 392   48   47  1    -0.0546    -0.0590    -0.0568  -2.1493e-03      0.055 
 485   41   56  4    -0.0216    -0.0244    -0.0221  -2.2906e-03      0.054 
 409   49   38  1    +0.0397    +0.0408    +0.0384  +2.3449e-03      0.054 
 289   26   27  4    +0.0687    +0.0687    +0.0664  +2.3417e-03      0.054 
 420   10    9  4    +0.1108    +0.1121    +0.1095  +2.5395e-03      0.054 
 216   32   33  1    +0.0220    +0.0232    +0.0212  +1.9872e-03      0.054 
 162    0   48  5    -0.0000    -0.0024    -0.0037  +1.3749e-03      0.052 
 295   31   32  4    -0.0009    +0.0006    -0.0014  +1.9646e-03      0.052 
 325   56   41  4    +0.0225    +0.0209    +0.0230  -2.1138e-03      0.050 
 491   55    9  4    -0.0610    -0.0585    -0.0605  +1.9625e-03      0.050 
 266    1   15  4    +0.5101    +0.5065    +0.5098  -3.3173e-03      0.049 
 175    4    5  1    -0.0826    -0.0831    -0.0809  -2.1667e-03      0.048 
 192    5    6  1    -0.1580    -0.1622    -0.1600  -2.2692e-03      0.048 
 193    7    8  1    -0.7688    -0.7724    -0.7687  -3.6625e-03      0.048 
 486   42   56  4    -0.0246    -0.0231    -0.0250  +1.9003e-03      0.047 
 209   26   27  1    -0.1613    -0.1579    -0.1602  +2.3538e-03      0.047 
 376   33   32  1    -0.0220    -0.0195    -0.0212  +1.7135e-03      0.046 
 101    0   44  2    -0.0680    -0.0643    -0.0660  +1.6763e-03      0.046 
 242   11   43  1    +0.0822    +0.0844    +0.0825  +1.9281e-03      0.046 
 355   13   11  1    -0.2336    -0.2311    -0.2336  +2.4244e-03      0.046 
 406   42   56  1    +0.0163    +0.0211    +0.0193  +1.7764e-03      0.045 
 134    0   20  5    -0.0060    -0.0091    -0.0077  -1.4628e-03      0.045 
 389   45   15  1    -0.0834    -0.0816    -0.0835  +1.9180e-03      0.045 
 213   25   30  1    +0.0530    +0.0498    +0.0516  -1.7608e-03      0.045 
 158    0   44  5    -0.0100    -0.0063    -0.0077  +1.3952e-03      0.044 
 421   11    9  4    +0.1467    +0.1457    +0.1436  +2.1040e-03      0.044 
 387   43   41  1    +0.0712    +0.0726    +0.0707  +1.9052e-03      0.044 
 114    0   57  2    -0.0380    -0.0391    -0.0407  +1.5450e-03      0.044 
 164    0   50  5    -0.0600    -0.0537    -0.0552  +1.5008e-03      0.043 
 484   56   40  4    -0.0455    -0.0441    -0.0460  +1.8783e-03      0.043 
 477   49   13  4    -0.2145    -0.2174    -0.2151  -2.3155e-03      0.043 
 448   26   24  4    -0.0687    -0.0712    -0.0694  -1.7175e-03      0.042 
 198   12   17  1    +0.4348    +0.4305    +0.4332  -2.7155e-03      0.042 
  16    0   16  6    +1.0190    +1.0157    +1.0187  -2.9436e-03      0.042 
 117    0    3  5    -0.2200    -0.2117    -0.2133  +1.6269e-03      0.041 
  44    0   44  6    +1.0610    +1.0578    +1.0608  -2.9913e-03      0.041 
 262    9   12  4    -0.1549    -0.1520    -0.1542  +2.1166e-03      0.041 
   2    0    2  6    +1.0216    +1.0244    +1.0215  +2.8786e-03      0.041 
 143    0   29  5    -0.0150    -0.0165    -0.0177  +1.1852e-03      0.041 
 437   16   12  4    +0.1658    +0.1676    +0.1657  +1.9150e-03      0.040 
  14    0   14  6    +0.9971    +0.9939    +0.9967  -2.7598e-03      0.039 
 347   16    1  1    +0.2713    +0.2714    +0.2692  +2.1947e-03      0.039 
  41    0   41  6    +1.0377    +1.0408    +1.0380  +2.7441e-03      0.039 
 263    9   13  4    -0.1600    -0.1606    -0.1587  -1.9663e-03      0.038 
 304   22   38  4    -0.0549    -0.0516    -0.0531  +1.4400e-03      0.038 
 130    0   16  5    -0.0170    -0.0173    -0.0184  +1.1116e-03      0.038 
  98    0   41  2    -0.0360    -0.0338    -0.0328  -1.0708e-03      0.037 
 105    0   48  2    +0.0000    -0.0039    -0.0049  +1.0173e-03      0.037 
 328   57   56  4    +0.0150    +0.0145    +0.0159  -1.3818e-03      0.037 
  42    0   42  6    +1.0261    +1.0287    +1.0261  +2.5598e-03      0.036 
 214   30   31  1    +0.0316    +0.0326    +0.0312  +1.3815e-03      0.035 
 416    6    4  4    -0.1651    -0.1635    -0.1653  +1.8069e-03      0.035 
 434   12   10  4    +0.1066    +0.1047    +0.1063  -1.5999e-03      0.035 
 287   24   25  4    -0.0089    -0.0107    -0.0093  -1.3967e-03      0.034 
 138    0   24  5    -0.0000    -0.0006    -0.0015  +9.3136e-04      0.034 
 400   54   53  1    +0.0097    +0.0095    +0.0082  +1.2966e-03      0.034 
 465   41   11  4    -0.0019    -0.0022    -0.0008  -1.3745e-03      0.034 
 219   35   36  1    -0.0668    -0.0689    -0.0676  -1.3120e-03      0.033 
 410   48   38  1    +0.0792    +0.0746    +0.0760  -1.3783e-03      0.033 
 321   54   55  4    -0.0414    -0.0394    -0.0407  +1.3523e-03      0.033 
 475   51   50  4    -0.0165    -0.0191    -0.0177  -1.3123e-03      0.033 
 422   12    9  4    +0.0911    +0.0918    +0.0902  +1.5232e-03      0.032 
 254    3    4  4    +0.1803    +0.1871    +0.1856  +1.4739e-03      0.032 
 457   32   34  4    -0.0169    -0.0179    -0.0167  -1.2453e-03      0.032 
 357   16   12  1    -0.5163    -0.5112    -0.5133  +2.0263e-03      0.031 
 221   37   38  1    -0.0989    -0.0975    -0.0963  -1.2463e-03      0.030 
  51    0   51  6    +1.0753    +1.0725    +1.0747  -2.2036e-03      0.030 
  99    0   42  2    -0.0400    -0.0366    -0.0376  +1.0044e-03      0.030 
 226   41   42  1    +0.0569    +0.0587    +0.0575  +1.2461e-03      0.030 
 100    0   43  2    -0.0110    -0.0126    -0.0117  -9.1284e-04      0.030 
 161    0   47  5    -0.0660    -0.0678    -0.0688  +1.0041e-03      0.029 
 113    0   56  2    -0.0430    -0.0487    -0.0478  -8.8311e-04      0.029 
 296   32   33  4    +0.0110    +0.0105    +0.0094  +1.0538e-03      0.029 
 378   35   34  1    +0.0328    +0.0314    +0.0324  -1.0965e-03      0.029 
  37    0   37  6    +1.0461    +1.0440    +1.0461  -2.0719e-03      0.029 
 440   19   18  4    -0.0109    -0.0124    -0.0113  -1.1261e-03      0.029 
  33    0   33  6    +1.0433    +1.0417    +1.0437  -1.9796e-03      0.028 
 191    4   18  1    +0.1128    +0.1071    +0.1084  -1.3306e-03      0.028 
 324   40   56  4    +0.0480    +0.0474    +0.0486  -1.2405e-03      0.028 
 272    5    6  4    +0.1168    +0.1147    +0.1159  -1.2650e-03      0.028 
 302   37   39  4    +0.0273    +0.0303    +0.0313  -1.0252e-03      0.027 
 200   18   19  1    +0.0459    +0.0435    +0.0446  -1.1333e-03      0.027 
 419    9    8  4    +0.2788    +0.2850    +0.2836  +1.4292e-03      0.027 
 442   20   21  4    +0.0016    -0.0024    -0.0014  -1.0153e-03      0.027 
 342   12    9  1    -0.1762    -0.1766    -0.1752  -1.4007e-03      0.026 
  13    0   13  6    +0.9987    +1.0002    +0.9983  +1.8437e-03      0.026 
 276   12   13  4    +0.2446    +0.2456    +0.2442  +1.3931e-03      0.026 
  26    0   26  6    +1.0139    +1.0149    +1.0130  +1.8421e-03      0.026 
 159    0   45  5    +0.0000    +0.0031    +0.0023  +7.9226e-04      0.026 
  50    0   50  6    +1.0662    +1.0642    +1.0660  -1.8453e-03      0.026 
 348   17    1  1    +0.1878    +0.1827    +0.1839  -1.1926e-03      0.025 
 157    0   43  5    -0.0060    -0.0083    -0.0075  -7.9480e-04      0.025 
 280   18   19  4    +0.0123    +0.0116    +0.0126  -9.4707e-04      0.024 
 151    0   37  5    +0.0000    +0.0037    +0.0030  +6.3933e-04      0.024 
 251    9   55  1    +0.0721    +0.0712    +0.0721  -9.2625e-04      0.023 
  18    0   18  6    +1.0583    +1.0534    +1.0551  -1.6861e-03      0.023 
 478   52   29  4    +0.0278    +0.0307    +0.0298  +8.9076e-04      0.023 
 415    5    4  4    -0.1398    -0.1391    -0.1402  +1.1370e-03      0.023 
 462   39   37  4    -0.0273    -0.0321    -0.0313  -8.3074e-04      0.022 
 482   43   11  4    -0.0029    -0.0034    -0.0026  -7.8679e-04      0.022 
 204   22   23  1    -0.0351    -0.0371    -0.0363  -8.1508e-04      0.022 
 429   15    3  4    +0.0794    +0.0786    +0.0777  +8.8724e-04      0.021 
 150    0   36  5    -0.0000    +0.0013    +0.0007  +5.7987e-04      0.021 
 107    0   50  2    -0.1200    -0.1213    -0.1205  -8.0992e-04      0.020 
  88    0   31  2    -0.0330    -0.0324    -0.0331  +6.8619e-04      0.020 
 152    0   38  5    -0.0400    -0.0446    -0.0441  -4.9984e-04      0.019 
 144    0   30  5    -0.0100    -0.0092    -0.0098  +6.1213e-04      0.019 
 459   36   35  4    +0.0303    +0.0301    +0.0294  +7.0106e-04      0.019 
  23    0   23  6    +1.0613    +1.0623    +1.0609  +1.3675e-03      0.019 
  76    0   19  2    -0.0190    -0.0158    -0.0164  +5.9788e-04      0.018 
  78    0   21  2    -0.0000    -0.0003    -0.0009  +5.8268e-04      0.018 
 281   19   20  4    +0.0079    +0.0073    +0.0066  +6.5267e-04      0.017 
 222   37   39  1    +0.0178    +0.0192    +0.0186  +6.2256e-04      0.017 
 423   13    9  4    +0.1389    +0.1366    +0.1374  -8.5153e-04      0.017 
  68    0   11  2    +0.0000    +0.0020    +0.0024  -3.7632e-04      0.017 
 127    0   13  5    -0.0130    -0.0133    -0.0137  +3.5476e-04      0.017 
  79    0   22  2    +0.0000    -0.0010    -0.0006  -4.5534e-04      0.016 
 248   57   56  1    -0.0203    -0.0209    -0.0215  +6.1673e-04      0.016 
  62    0    5  2    -0.0740    -0.0782    -0.0776  -5.5564e-04      0.016 
  20    0   20  6    +1.0202    +1.0163    +1.0174  -1.1290e-03      0.016 
 146    0   32  5    -0.0050    -0.0064    -0.0059  -4.8092e-04      0.016 
 259    8    9  4    -0.0509    -0.0557    -0.0552  -5.8423e-04      0.016 
 464   38   22  4    +0.0550    +0.0526    +0.0532  -5.9583e-04      0.016 
 188    1   17  1    -0.1863    -0.1832    -0.1824  -7.3261e-04      0.015 
 490   48   38  4    +0.1680    +0.1647    +0.1640  +7.2918e-04      0.015 
 108    0   51  2    -0.1030    -0.1044    -0.1049  +5.5385e-04      0.015 
 268    1   17  4    +0.1697    +0.1713    +0.1720  -7.0187e-04      0.015 
 450   28   27  4    -0.0534    -0.0532    -0.0538  +5.8360e-04      0.014 
 473   49   48  4    +0.0238    +0.0260    +0.0254  +5.5854e-04      0.014 
  38    0   38  6    +1.0624    +1.0610    +1.0620  -9.7498e-04      0.014 
 380   37   36  1    +0.0811    +0.0821    +0.0816  +5.4211e-04      0.013 
 145    0   31  5    -0.0170    -0.0183    -0.0179  -4.4452e-04      0.013 
 257    6    7  4    +0.0907    +0.0907    +0.0902  +5.8095e-04      0.013 
 167    0   53  5    -0.0570    -0.0570    -0.0565  -4.6365e-04      0.013 
 360   19   18  1    -0.0450    -0.0443    -0.0437  -5.1714e-04      0.012 
  71    0   14  2    -0.0600    -0.0597    -0.0593  -3.5707e-04      0.012 
 163    0   49  5    -0.0480    -0.0510    -0.0506  -3.4321e-04      0.012 
 384   38   22  1    -0.0478    -0.0490    -0.0486  -4.4118e-04      0.012 
  84    0   27  2    -0.0530    -0.0562    -0.0566  +3.8607e-04      0.012 
 153    0   39  5    -0.0000    -0.0034    -0.0038  +3.7710e-04      0.011 
 160    0   46  5    +0.0000    -0.0014    -0.0017  +3.1293e-04      0.011 
   6    0    6  6    +1.0080    +1.0068    +1.0075  -7.1019e-04      0.010 
 182    9   12  1    +0.1792    +0.1788    +0.1782  +5.3432e-04      0.010 
  27    0   27  6    +1.0242    +1.0245    +1.0238  +7.0574e-04      0.010 
 166    0   52  5    -0.0130    -0.0111    -0.0114  +3.0523e-04      0.010 
 293   25   30  4    +0.0273    +0.0272    +0.0275  -3.5405e-04      0.009 
  94    0   37  2    +0.0000    +0.0037    +0.0039  -2.4164e-04      0.009 
 314   49   50  4    +0.0791    +0.0751    +0.0755  -3.7993e-04      0.009 
 444   23   22  4    -0.0563    -0.0557    -0.0554  -3.4091e-04      0.009 
 250   38   48  1    -0.0783    -0.0754    -0.0751  -3.3921e-04      0.008 
 169    0   55  5    -0.0190    -0.0194    -0.0192  -2.5331e-04      0.008 
 269    3   15  4    -0.0554    -0.0546    -0.0549  +3.1543e-04      0.008 
 125    0   11  5    -0.0000    -0.0047    -0.0049  +1.8380e-04      0.007 
 468   44   38  4    -0.0339    -0.0304    -0.0301  -2.7913e-04      0.007 
 247   39   57  1    +0.0177    +0.0195    +0.0192  +2.9176e-04      0.007 
 244   40   56  1    +0.0137    +0.0150    +0.0148  +2.4998e-04      0.006 
 282   21   20  4    -0.0015    +0.0013    +0.0015  -2.2965e-04      0.006 
 488   56   57  4    -0.0149    -0.0159    -0.0157  -2.2260e-04      0.006 
 207   24   25  1    +0.0436    +0.0430    +0.0432  -2.5029e-04      0.006 
 327   39   57  4    +0.0273    +0.0273    +0.0275  -2.0216e-04      0.005 
  28    0   28  6    +1.0323    +1.0323    +1.0320  +3.3799e-04      0.005 
 109    0   52  2    -0.0280    -0.0247    -0.0246  -1.3155e-04      0.004 
 112    0   55  2    -0.0390    -0.0372    -0.0373  +1.3625e-04      0.004 
 290   27   28  4    +0.0581    +0.0587    +0.0586  +1.6184e-04      0.004 
 318   29   52  4    -0.0245    -0.0267    -0.0265  -1.5153e-04      0.004 
  73    0   16  2    -0.2450    -0.2439    -0.2440  +1.6106e-04      0.004 
 363   22   21  1    -0.0128    -0.0128    -0.0129  +1.1695e-04      0.003 
   4    0    4  6    +1.0225    +1.0220    +1.0221  -1.0872e-04      0.002 
 341   11    9  1    -0.3737    -0.3714    -0.3713  -8.8493e-05      0.001 
 463   40   36  4    -0.0480    -0.0464    -0.0465  +5.4267e-05      0.001 
  21    0   21  6    +1.0628    +1.0622    +1.0623  -9.6033e-05      0.001 
 212    7   29  1    +0.4838    +0.4806    +0.4807  -8.3351e-05      0.001 
 315   50   51  4    +0.0184    +0.0196    +0.0196  +1.5820e-05      0.000 
 110    0   53  2    -0.1140    -0.1150    -0.1150  -1.2693e-05      0.000 
 120    0    6  5    -0.0910    -0.0905    -0.0905  +9.7204e-06      0.000 
 129    0   15  5    -0.0280    -0.0239    -0.0239  -1.2161e-07      0.000 
----------------------------------------------------------------------------------
Não foram identificados erros grosseiros.
Não foram identificadas medidas críticas.
Possíveis conjuntos críticos:
Conjunto 1: 212 21
Conjunto 2: 73 318 290
Conjunto 3: 318 290
Conjunto 4: 28 327
Conjunto 5: 282 244
Conjunto 6: 269 169
Conjunto 7: 27 182
Conjunto 8: 182 6
Conjunto 9: 160 153
Conjunto 10: 71 360
Conjunto 11: 145 380 38
Conjunto 12: 380 38 473
Conjunto 13: 38 473
Conjunto 14: 450 268
Conjunto 15: 490 188
Conjunto 16: 146 20
Conjunto 17: 20 62 248
Conjunto 18: 62 248
Conjunto 19: 248 79
Conjunto 20: 127 68
Conjunto 21: 68 423
Conjunto 22: 423 222 281
Conjunto 23: 222 281
Conjunto 24: 23 459 144
Conjunto 25: 459 144
Conjunto 26: 144 152
Conjunto 27: 150 429
Conjunto 28: 204 482
Conjunto 29: 415 478
Conjunto 30: 18 251
Conjunto 31: 151 280
Conjunto 32: 157 348
Conjunto 33: 159 26 276
Conjunto 34: 26 276 13 342
Conjunto 35: 276 13 342
Conjunto 36: 13 342
Conjunto 37: 419 200
Conjunto 38: 200 302
Conjunto 39: 272 324
Conjunto 40: 324 191 33
Conjunto 41: 191 33
Conjunto 42: 33 440
Conjunto 43: 37 378 296 113
Conjunto 44: 378 296 113 161
Conjunto 45: 296 113 161
Conjunto 46: 113 161
Conjunto 47: 161 100 226
Conjunto 48: 100 226 99
Conjunto 49: 226 99
Conjunto 50: 51 221
Conjunto 51: 457 254 422
Conjunto 52: 254 422
Conjunto 53: 475 321 410
Conjunto 54: 321 410 219
Conjunto 55: 410 219
Conjunto 56: 465 400 138
Conjunto 57: 400 138
Conjunto 58: 138 287
Conjunto 59: 434 416
Conjunto 60: 416 214
Conjunto 61: 42 328
Conjunto 62: 105 98
Conjunto 63: 130 304 263
Conjunto 64: 304 263
Conjunto 65: 41 347
Conjunto 66: 14 437
Conjunto 67: 143 2 262
Conjunto 68: 2 262
Conjunto 69: 44 117 16 198
Conjunto 70: 117 16 198
Conjunto 71: 16 198 448
Conjunto 72: 198 448
Conjunto 73: 477 484 164
Conjunto 74: 484 164
Conjunto 75: 114 387 421
Conjunto 76: 387 421
Conjunto 77: 421 158
Conjunto 78: 158 213
Conjunto 79: 213 389 134
Conjunto 80: 389 134
Conjunto 81: 355 242 101 376
Conjunto 82: 242 101 376
Conjunto 83: 101 376
Conjunto 84: 209 486 193
Conjunto 85: 486 193
Conjunto 86: 193 192
Conjunto 87: 266 491
Conjunto 88: 216 420 289 409 485
Conjunto 89: 420 289 409 485
Conjunto 90: 289 409 485
Conjunto 91: 409 485
Conjunto 92: 392 487 330
Conjunto 93: 487 330 288
Conjunto 94: 330 288 284
Conjunto 95: 288 284 399
Conjunto 96: 284 399 103
Conjunto 97: 399 103
Conjunto 98: 103 128
Conjunto 99: 128 224
Conjunto 100: 224 87 481 339 369
Conjunto 101: 87 481 339 369 48
Conjunto 102: 481 339 369 48
Conjunto 103: 339 369 48
Conjunto 104: 369 48
Conjunto 105: 303 176 156
Conjunto 106: 176 156
Conjunto 107: 156 461
Conjunto 108: 461 370 246 469
Conjunto 109: 370 246 469
Conjunto 110: 246 469 131
Conjunto 111: 469 131 49
Conjunto 112: 131 49 480
Conjunto 113: 49 480 228
Conjunto 114: 480 228 237
Conjunto 115: 228 237 439 92 252 278 386 142
Conjunto 116: 237 439 92 252 278 386 142 181
Conjunto 117: 439 92 252 278 386 142 181
Conjunto 118: 92 252 278 386 142 181
Conjunto 119: 252 278 386 142 181
Conjunto 120: 278 386 142 181
Conjunto 121: 386 142 181
Conjunto 122: 142 181
Conjunto 123: 210 65
Conjunto 124: 65 239
Conjunto 125: 239 121 91
Conjunto 126: 121 91 241 64
Conjunto 127: 91 241 64
Conjunto 128: 241 64
Conjunto 129: 147 183 433 466
Conjunto 130: 183 433 466 249
Conjunto 131: 433 466 249
Conjunto 132: 466 249
Conjunto 133: 249 206
Conjunto 134: 206 449
Conjunto 135: 449 334 95 203
Conjunto 136: 334 95 203 256
Conjunto 137: 95 203 256 460
Conjunto 138: 203 256 460 10 234
Conjunto 139: 256 460 10 234
Conjunto 140: 460 10 234
Conjunto 141: 10 234
Conjunto 142: 320 336
Conjunto 143: 336 7 229
Conjunto 144: 7 229
Conjunto 145: 309 403 397 136
Conjunto 146: 403 397 136 435
Conjunto 147: 397 136 435 317
Conjunto 148: 136 435 317 70
Conjunto 149: 435 317 70 196 313
Conjunto 150: 317 70 196 313
Conjunto 151: 70 196 313 245 352
Conjunto 152: 196 313 245 352 385
Conjunto 153: 313 245 352 385
Conjunto 154: 245 352 385 377 154
Conjunto 155: 352 385 377 154
Conjunto 156: 385 377 154
Conjunto 157: 377 154
Conjunto 158: 80 285 300
Conjunto 159: 285 300
Conjunto 160: 300 301
Conjunto 161: 301 197 359
Conjunto 162: 197 359
Conjunto 163: 85 141 261 135 179
Conjunto 164: 141 261 135 179
Conjunto 165: 261 135 179
Conjunto 166: 135 179
Conjunto 167: 236 362 59
Conjunto 168: 362 59
Conjunto 169: 59 172 279 408 456
Conjunto 170: 172 279 408 456 240 54 476
Conjunto 171: 279 408 456 240 54 476
Conjunto 172: 408 456 240 54 476
Conjunto 173: 456 240 54 476
Conjunto 174: 240 54 476 211
Conjunto 175: 54 476 211
Conjunto 176: 476 211 402
Conjunto 177: 211 402
Conjunto 178: 483 307 404 447 155 25
Conjunto 179: 307 404 447 155 25 225
Conjunto 180: 404 447 155 25 225
Conjunto 181: 447 155 25 225
Conjunto 182: 155 25 225 451
Conjunto 183: 25 225 451
Conjunto 184: 225 451
Conjunto 185: 388 445 489
Conjunto 186: 445 489
Conjunto 187: 489 298 165
Conjunto 188: 298 165 208 467 333
Conjunto 189: 165 208 467 333
Conjunto 190: 208 467 333 401
Conjunto 191: 467 333 401
Conjunto 192: 333 401
Conjunto 193: 401 319 308 139
Conjunto 194: 319 308 139 260 425
Conjunto 195: 308 139 260 425
Conjunto 196: 139 260 425
Conjunto 197: 260 425
Conjunto 198: 425 316
Conjunto 199: 316 264
Conjunto 200: 264 238 297 133 36 52 97
Conjunto 201: 238 297 133 36 52 97 202
Conjunto 202: 297 133 36 52 97 202 231
Conjunto 203: 133 36 52 97 202 231
Conjunto 204: 36 52 97 202 231
Conjunto 205: 52 97 202 231 149
Conjunto 206: 97 202 231 149
Conjunto 207: 202 231 149
Conjunto 208: 231 149
Conjunto 209: 149 187 90 471
Conjunto 210: 187 90 471 118 418 17 265 170 86 81
Conjunto 211: 90 471 118 418 17 265 170 86 81
Conjunto 212: 471 118 418 17 265 170 86 81
Conjunto 213: 118 418 17 265 170 86 81
Conjunto 214: 418 17 265 170 86 81
Conjunto 215: 17 265 170 86 81
Conjunto 216: 265 170 86 81
Conjunto 217: 170 86 81 405
Conjunto 218: 86 81 405
Conjunto 219: 81 405 294
Conjunto 220: 405 294 340
Conjunto 221: 294 340
Conjunto 222: 322 417 364
Conjunto 223: 417 364
Conjunto 224: 364 177
Conjunto 225: 177 373 381 11
Conjunto 226: 373 381 11 218 458 223 217 395
Conjunto 227: 381 11 218 458 223 217 395
Conjunto 228: 11 218 458 223 217 395
Conjunto 229: 218 458 223 217 395
Conjunto 230: 458 223 217 395
Conjunto 231: 223 217 395
Conjunto 232: 217 395
Conjunto 233: 180 230 310
Conjunto 234: 230 310 326 184 126
Conjunto 235: 310 326 184 126 291 372 194
Conjunto 236: 326 184 126 291 372 194
Conjunto 237: 184 126 291 372 194
Conjunto 238: 126 291 372 194
Conjunto 239: 291 372 194
Conjunto 240: 372 194 60
Conjunto 241: 194 60
Conjunto 242: 60 351 479
Conjunto 243: 351 479 30
Conjunto 244: 479 30 148
Conjunto 245: 30 148
Conjunto 246: 148 12
Conjunto 247: 12 411 22
Conjunto 248: 411 22 312
Conjunto 249: 22 312 215
Conjunto 250: 312 215 253 365 15
Conjunto 251: 215 253 365 15
Conjunto 252: 253 365 15 438
Conjunto 253: 365 15 438
Conjunto 254: 15 438 454 379 375 292 383
Conjunto 255: 438 454 379 375 292 383
Conjunto 256: 454 379 375 292 383
Conjunto 257: 379 375 292 383
Conjunto 258: 375 292 383
Conjunto 259: 292 383
Conjunto 260: 227 452 431 185 243
Conjunto 261: 452 431 185 243 34
Conjunto 262: 431 185 243 34
Conjunto 263: 185 243 34
Conjunto 264: 243 34 24 382 186 233
Conjunto 265: 34 24 382 186 233 345 122
Conjunto 266: 24 382 186 233 345 122 275
Conjunto 267: 382 186 233 345 122 275
Conjunto 268: 186 233 345 122 275
Conjunto 269: 233 345 122 275
Conjunto 270: 345 122 275 455 286
Conjunto 271: 122 275 455 286 393
Conjunto 272: 275 455 286 393
Conjunto 273: 455 286 393 46 220
Conjunto 274: 286 393 46 220 83
Conjunto 275: 393 46 220 83
Conjunto 276: 46 220 83
Conjunto 277: 220 83
Conjunto 278: 396 137 443 432 358
Conjunto 279: 137 443 432 358 111
Conjunto 280: 443 432 358 111
Conjunto 281: 432 358 111
Conjunto 282: 358 111
Conjunto 283: 111 329
Conjunto 284: 329 140 311 89
Conjunto 285: 140 311 89 102
Conjunto 286: 311 89 102
Conjunto 287: 89 102
Conjunto 288: 102 453 171
Conjunto 289: 453 171 470
Conjunto 290: 171 470 299
Conjunto 291: 470 299
Conjunto 292: 398 367 277 72 96 407
Conjunto 293: 367 277 72 96 407
Conjunto 294: 277 72 96 407
Conjunto 295: 72 96 407
Conjunto 296: 96 407 271
Conjunto 297: 407 271 371
Conjunto 298: 271 371 199
Conjunto 299: 371 199
Conjunto 300: 199 32
Conjunto 301: 32 77 235 201
Conjunto 302: 77 235 201
Conjunto 303: 235 201 119
Conjunto 304: 201 119 390
Conjunto 305: 119 390 441 427
Conjunto 306: 390 441 427
Conjunto 307: 441 427 47
Conjunto 308: 427 47 123
Conjunto 309: 47 123
Conjunto 310: 306 195 346
Conjunto 311: 195 346 472 104 116
Conjunto 312: 346 472 104 116
Conjunto 313: 472 104 116
Conjunto 314: 104 116
Conjunto 315: 93 67 394
Conjunto 316: 67 394
Conjunto 317: 344 258
Conjunto 318: 258 428
Conjunto 319: 428 255 331 368
Conjunto 320: 255 331 368
Conjunto 321: 331 368
Conjunto 322: 374 305 3
Conjunto 323: 305 3
Conjunto 324: 274 335 168
Conjunto 325: 335 168
Conjunto 326: 189 124
Conjunto 327: 124 353
Conjunto 328: 366 391
Conjunto 329: 391 474 43
Conjunto 330: 474 43 323 356 74 66
Conjunto 331: 43 323 356 74 66
Conjunto 332: 323 356 74 66
Conjunto 333: 356 74 66
Conjunto 334: 74 66
Conjunto 335: 414 283
Conjunto 336: 283 361 413
Conjunto 337: 361 413 55
Conjunto 338: 413 55
Conjunto 339: 55 1
Conjunto 340: 1 9
Conjunto 341: 412 178 56 53
Conjunto 342: 178 56 53 69
Conjunto 343: 56 53 69 173
Conjunto 344: 53 69 173
Conjunto 345: 69 173 205
Conjunto 346: 173 205
Conjunto 347: 205 267
Conjunto 348: 267 5
Conjunto 349: 5 8
Conjunto 350: 82 31 29 40
Conjunto 351: 31 29 40
Conjunto 352: 29 40
Conjunto 353: 424 273
Conjunto 354: 35 436
Conjunto 355: 338 349
Conjunto 356: 63 45 343
Conjunto 357: 45 343
Conjunto 358: 58 426
Conjunto 359: 426 337
Conjunto 360: 132 19
