================================================================================= 
=== UFF - Doutorado em Computação - Aplicaçoes em Sistemas de Potencia        === 
=== ESTIMADOR DE ESTADO MÍNIMOS QUADRADOS PONDERADOS INCLUINDO MEDIDAS DE PMU === 
=== Desenvolvido por: Rui Menezes de Moraes - 2009                            === 
================================================================================= 
Arquivo de medidores:          F:\Documents\Uff\Artigos\SimSEP\VERSAO WELDAN V2\Codigos\Med\ieee57_8_0800.med
Arquivo do sistema:            F:\Documents\Uff\Artigos\SimSEP\VERSAO WELDAN V2\Codigos\Carga\ieee57_8_0800.txt
Tolerância entre iteraçoes:     1.00e-04
Limite de iteraçoes:           100

--- DADOS DA REDE --------------------------------------------------------------- 
Data do caso:                  08/25/93
Origem:                        UW ARCHIVE          
MVA base:                      100
Ano:                           1961
Estação:                       W
Identificação:                 IEEE 57 Bus Test Case
Número de barras:              57 
Número de ramos:               80 
Referência na barra:           1

--- TELEMEDIDAS ------------------------------------------------------------------
    Tipo 1 = Fluxo de potencia ativa        Tipo  6 = Módulo da tensão            
    Tipo 2 = Injeção de potencia ativa      Tipo  7 = Corrente de ramo (real)     
    Tipo 3 = Ângulo de fase da tensão       Tipo  8 = Corrente de ramo (imag)     
    Tipo 4 = Fluxo de potencia reativa      Tipo  9 = Injeção de corrente (real)  
    Tipo 5 = Injeção de potencia reativa    Tipo 10 = Injeção de corrente (imag)  
----------------------------------------------------------------------------------
   N    D    P TP  PN ST   Exa   FS       DP      V_Ref      V_Med          E(%) 
----------------------------------------------------------------------------------
   1    0    1  6   0  0 0.015 01.1  0.00520   +1.04000   +1.03639     -0.347115 
   2    0    2  6   0  0 0.015 01.1  0.00505   +1.01000   +0.99514     -1.471287 
   3    0    3  6   0  0 0.015 01.1  0.00504   +1.00880   +1.00302     -0.572958 
   4    0    4  6   0  0 0.015 01.1  0.00497   +0.99367   +1.00371     +1.010396 
   5    0    5  6   0  0 0.015 01.1  0.00489   +0.97827   +0.97186     -0.655238 
   6    0    6  6   0  0 0.015 01.1  0.00490   +0.98000   +0.98827     +0.843878 
   7    0    7  6   0  0 0.015 01.1  0.00490   +0.97914   +0.98007     +0.094981 
   8    0    8  6   0  0 0.015 01.1  0.00502   +1.00500   +0.99457     -1.037811 
   9    0    9  6   0  0 0.015 01.1  0.00490   +0.98106   +0.98180     +0.075429 
  10    0   10  6   0  0 0.015 01.1  0.00489   +0.97836   +0.97200     -0.650067 
  11    0   11  6   0  0 0.015 01.1  0.00484   +0.96888   +0.97513     +0.645075 
  12    0   12  6   0  0 0.015 01.1  0.00507   +1.01500   +1.02214     +0.703448 
  13    0   13  6   0  0 0.015 01.1  0.00487   +0.97422   +0.97274     -0.151916 
  14    0   14  6   0  0 0.015 01.1  0.00482   +0.96439   +0.95519     -0.953971 
  15    0   15  6   0  0 0.015 01.1  0.00494   +0.98880   +0.97798     -1.094256 
  16    0   16  6   0  0 0.015 01.1  0.00507   +1.01446   +1.00754     -0.682136 
  17    0   17  6   0  0 0.015 01.1  0.00509   +1.01779   +1.02193     +0.406764 
  18    0   18  6   0  0 0.015 01.1  0.00502   +1.00388   +1.01310     +0.918436 
  19    0   19  6   0  0 0.015 01.1  0.00477   +0.95476   +0.95957     +0.503792 
  20    0   20  6   0  0 0.015 01.1  0.00471   +0.94117   +0.93515     -0.639629 
  21    0   21  6   0  0 0.015 01.1  0.00493   +0.98590   +0.97532     -1.073131 
  22    0   22  6   0  0 0.015 01.1  0.00493   +0.98623   +0.97871     -0.762500 
  23    0   23  6   0  0 0.015 01.1  0.00492   +0.98396   +0.98963     +0.576243 
  24    0   24  6   0  0 0.015 01.1  0.00483   +0.96592   +0.95351     -1.284785 
  25    0   25  6   0  0 0.015 01.1  0.00464   +0.92754   +0.92751     -0.003234 
  26    0   26  6   0  0 0.015 01.1  0.00465   +0.92978   +0.94334     +1.458410 
  27    0   27  6   0  0 0.015 01.1  0.00480   +0.96041   +0.97208     +1.215106 
  28    0   28  6   0  0 0.015 01.1  0.00490   +0.98018   +0.98239     +0.225469 
  29    0   29  6   0  0 0.015 01.1  0.00499   +0.99736   +1.00533     +0.799110 
  30    0   30  6   0  0 0.015 01.1  0.00451   +0.90160   +0.90827     +0.739796 
  31    0   31  6   0  0 0.015 01.1  0.00434   +0.86792   +0.87301     +0.586460 
  32    0   32  6   0  0 0.015 01.1  0.00446   +0.89209   +0.89684     +0.532457 
  33    0   33  6   0  0 0.015 01.1  0.00445   +0.88900   +0.88320     -0.652418 
  34    0   34  6   0  0 0.015 01.1  0.00459   +0.91832   +0.92057     +0.245013 
  35    0   35  6   0  0 0.015 01.1  0.00464   +0.92864   +0.93195     +0.356435 
  36    0   36  6   0  0 0.015 01.1  0.00471   +0.94217   +0.95105     +0.942505 
  37    0   37  6   0  0 0.015 01.1  0.00477   +0.95419   +0.94034     -1.451493 
  38    0   38  6   0  0 0.015 01.1  0.00495   +0.99072   +0.98223     -0.856953 
  39    0   39  6   0  0 0.015 01.1  0.00476   +0.95166   +0.96559     +1.463758 
  40    0   40  6   0  0 0.015 01.1  0.00469   +0.93884   +0.94777     +0.951174 
  41    0   41  6   0  0 0.015 01.1  0.00488   +0.97682   +0.98069     +0.396184 
  42    0   42  6   0  0 0.015 01.1  0.00467   +0.93457   +0.93967     +0.545706 
  43    0   43  6   0  0 0.015 01.1  0.00500   +0.99978   +1.00902     +0.924203 
  44    0   44  6   0  0 0.015 01.1  0.00500   +0.99903   +0.99243     -0.660641 
  45    0   45  6   0  0 0.015 01.1  0.00515   +1.03109   +1.03619     +0.494622 
  46    0   46  6   0  0 0.015 01.1  0.00524   +1.04902   +1.03421     -1.411794 
  47    0   47  6   0  0 0.015 01.1  0.00508   +1.01581   +1.01716     +0.132899 
  48    0   48  6   0  0 0.015 01.1  0.00504   +1.00850   +1.00938     +0.087258 
  49    0   49  6   0  0 0.015 01.1  0.00510   +1.01939   +1.03080     +1.119297 
  50    0   50  6   0  0 0.015 01.1  0.00502   +1.00317   +0.99377     -0.937030 
  51    0   51  6   0  0 0.015 01.1  0.00521   +1.04162   +1.05510     +1.294138 
  52    0   52  6   0  0 0.015 01.1  0.00479   +0.95749   +0.97117     +1.428736 
  53    0   53  6   0  0 0.015 01.1  0.00472   +0.94450   +0.93972     -0.506088 
  54    0   54  6   0  0 0.015 01.1  0.00491   +0.98118   +0.98482     +0.370982 
  55    0   55  6   0  0 0.015 01.1  0.00515   +1.02972   +1.03055     +0.080604 
  56    0   56  6   0  0 0.015 01.1  0.00467   +0.93379   +0.93265     -0.122083 
  57    0   57  6   0  0 0.015 01.1  0.00464   +0.92770   +0.92376     -0.424706 
  58    0    1  2   0  0 0.020 01.0  0.00780   +0.91029   +0.90253     -0.852476 
  59    0    2  2   0  0 0.020 01.0  0.00199   -0.03800   -0.04297    +13.078947 
  60    0    3  2   0  0 0.020 01.0  0.02760   +3.88000   +3.86185     -0.467784 
  61    0    4  2   0  0 0.020 01.0  0.00173   -0.00000   -0.00271     +0.000000 
  62    0    5  2   0  0 0.020 01.0  0.00283   -0.16500   -0.16523     +0.139394 
  63    0    6  2   0  0 0.020 01.0  0.00809   -0.95300   -0.94329     -1.018888 
  64    0    7  2   0  0 0.020 01.0  0.00173   +0.00000   -0.00377     +0.000000 
  65    0    8  2   0  0 0.020 01.0  0.00903   +1.09500   +1.11269     +1.615525 
  66    0    9  2   0  0 0.020 01.0  0.00569   -0.59300   -0.57833     -2.473862 
  67    0   10  2   0  0 0.020 01.0  0.00257   -0.12600   -0.12092     -4.031746 
  68    0   11  2   0  0 0.020 01.0  0.00173   +0.00000   -0.00016     +0.000000 
  69    0   12  2   0  0 0.020 01.0  0.01188   +1.52200   +1.53339     +0.748357 
  70    0   13  2   0  0 0.020 01.0  0.00326   -0.22900   -0.22985     +0.371179 
  71    0   14  2   0  0 0.020 01.0  0.00262   -0.13300   -0.13428     +0.962406 
  72    0   15  2   0  0 0.020 01.0  0.00359   -0.27900   -0.28904     +3.598566 
  73    0   16  2   0  0 0.020 01.0  0.00537   -0.54600   -0.53224     -2.520147 
  74    0   17  2   0  0 0.020 01.0  0.00529   -0.53300   -0.54748     +2.716698 
  75    0   18  2   0  0 0.020 01.0  0.00403   -0.34500   -0.34558     +0.168116 
  76    0   19  2   0  0 0.020 01.0  0.00201   -0.04200   -0.04338     +3.285714 
  77    0   20  2   0  0 0.020 01.0  0.00193   -0.02900   -0.02861     -1.344828 
  78    0   21  2   0  0 0.020 01.0  0.00173   -0.00000   +0.00518     +0.000000 
  79    0   22  2   0  0 0.020 01.0  0.00173   -0.00000   +0.00419     +0.000000 
  80    0   23  2   0  0 0.020 01.0  0.00227   -0.08000   -0.08660     +8.250000 
  81    0   24  2   0  0 0.020 01.0  0.00173   +0.00000   +0.00292     +0.000000 
  82    0   25  2   0  0 0.020 01.0  0.00227   -0.08000   -0.08020     +0.250000 
  83    0   26  2   0  0 0.020 01.0  0.00173   +0.00000   -0.00114     +0.000000 
  84    0   27  2   0  0 0.020 01.0  0.00252   -0.11800   -0.11311     -4.144068 
  85    0   28  2   0  0 0.020 01.0  0.00212   -0.05800   -0.05324     -8.206897 
  86    0   29  2   0  0 0.020 01.0  0.00317   -0.21600   -0.20651     -4.393519 
  87    0   30  2   0  0 0.020 01.0  0.00204   -0.04600   -0.04973     +8.108696 
  88    0   31  2   0  0 0.020 01.0  0.00223   -0.07400   -0.06906     -6.675676 
  89    0   32  2   0  0 0.020 01.0  0.00187   -0.02000   -0.02216    +10.800000 
  90    0   33  2   0  0 0.020 01.0  0.00205   -0.04800   -0.04909     +2.270833 
  91    0   34  2   0  0 0.020 01.0  0.00173   -0.00000   +0.00329     +0.000000 
  92    0   35  2   0  0 0.020 01.0  0.00224   -0.07600   -0.07777     +2.328947 
  93    0   36  2   0  0 0.020 01.0  0.00173   -0.00000   -0.00077     +0.000000 
  94    0   37  2   0  0 0.020 01.0  0.00173   +0.00000   -0.00425     +0.000000 
  95    0   38  2   0  0 0.020 01.0  0.00292   -0.17800   -0.17507     -1.646067 
  96    0   39  2   0  0 0.020 01.0  0.00173   +0.00000   +0.00241     +0.000000 
  97    0   40  2   0  0 0.020 01.0  0.00173   +0.00000   -0.00207     +0.000000 
  98    0   41  2   0  0 0.020 01.0  0.00227   -0.08000   -0.08220     +2.750000 
  99    0   42  2   0  0 0.020 01.0  0.00233   -0.09000   -0.08672     -3.644444 
 100    0   43  2   0  0 0.020 01.0  0.00190   -0.02500   -0.01947    -22.120000 
 101    0   44  2   0  0 0.020 01.0  0.00275   -0.15200   -0.14872     -2.157895 
 102    0   45  2   0  0 0.020 01.0  0.00173   +0.00000   -0.00426     +0.000000 
 103    0   46  2   0  0 0.020 01.0  0.00173   +0.00000   -0.00030     +0.000000 
 104    0   47  2   0  0 0.020 01.0  0.00425   -0.37700   -0.37355     -0.915119 
 105    0   48  2   0  0 0.020 01.0  0.00173   -0.00000   +0.00026     +0.000000 
 106    0   49  2   0  0 0.020 01.0  0.00326   -0.22900   -0.23602     +3.065502 
 107    0   50  2   0  0 0.020 01.0  0.00351   -0.26700   -0.27173     +1.771536 
 108    0   51  2   0  0 0.020 01.0  0.00326   -0.22900   -0.21947     -4.161572 
 109    0   52  2   0  0 0.020 01.0  0.00215   -0.06200   -0.05820     -6.129032 
 110    0   53  2   0  0 0.020 01.0  0.00343   -0.25400   -0.24509     -3.507874 
 111    0   54  2   0  0 0.020 01.0  0.00208   -0.05200   -0.05389     +3.634615 
 112    0   55  2   0  0 0.020 01.0  0.00231   -0.08600   -0.09003     +4.686047 
 113    0   56  2   0  0 0.020 01.0  0.00238   -0.09700   -0.09442     -2.659794 
 114    0   57  2   0  0 0.020 01.0  0.00230   -0.08500   -0.08700     +2.352941 
 115    0    1  5   0  0 0.020 01.0  0.01342   +1.75345   +1.74848     -0.283441 
 116    0    2  5   0  0 0.020 01.0  0.00919   -1.11911   -1.09656     -2.014994 
 117    0    3  5   0  0 0.020 01.0  0.00418   -0.36700   -0.35863     -2.280654 
 118    0    4  5   0  0 0.020 01.0  0.00173   +0.00000   -0.00113     +0.000000 
 119    0    5  5   0  0 0.020 01.0  0.00207   -0.05100   -0.04809     -5.705882 
 120    0    6  5   0  0 0.020 01.0  0.00262   +0.13237   +0.12908     -2.485457 
 121    0    7  5   0  0 0.020 01.0  0.00173   +0.00000   -0.00216     +0.000000 
 122    0    8  5   0  0 0.020 01.0  0.00656   +0.72342   +0.71542     -1.105858 
 123    0    9  5   0  0 0.020 01.0  0.00278   -0.15700   -0.16493     +5.050955 
 124    0   10  5   0  0 0.020 01.0  0.00207   -0.05000   -0.04482    -10.360000 
 125    0   11  5   0  0 0.020 01.0  0.00173   +0.00000   +0.00193     +0.000000 
 126    0   12  5   0  0 0.020 01.0  0.00595   +0.63282   +0.62333     -1.499637 
 127    0   13  5   0  0 0.020 01.0  0.00193   -0.02900   -0.02903     +0.103448 
 128    0   14  5   0  0 0.020 01.0  0.00218   -0.06700   -0.06320     -5.671642 
 129    0   15  5   0  0 0.020 01.0  0.00215   -0.06300   -0.06455     +2.460317 
 130    0   16  5   0  0 0.020 01.0  0.00199   -0.03800   -0.04135     +8.815789 
 131    0   17  5   0  0 0.020 01.0  0.00241   -0.10200   -0.09878     -3.156863 
 132    0   18  5   0  0 0.020 01.0  0.00256   -0.12400   -0.11981     -3.379032 
 133    0   19  5   0  0 0.020 01.0  0.00179   -0.00800   -0.00593    -25.875000 
 134    0   20  5   0  0 0.020 01.0  0.00182   -0.01300   -0.01169    -10.076923 
 135    0   21  5   0  0 0.020 01.0  0.00173   +0.00000   +0.00273     +0.000000 
 136    0   22  5   0  0 0.020 01.0  0.00173   +0.00000   +0.00012     +0.000000 
 137    0   23  5   0  0 0.020 01.0  0.00191   -0.02700   -0.02896     +7.259259 
 138    0   24  5   0  0 0.020 01.0  0.00173   -0.00000   -0.00519     +0.000000 
 139    0   25  5   0  0 0.020 01.0  0.00201   -0.04100   -0.04003     -2.365854 
 140    0   26  5   0  0 0.020 01.0  0.00173   +0.00000   -0.00341     +0.000000 
 141    0   27  5   0  0 0.020 01.0  0.00177   -0.00600   -0.00925    +54.166667 
 142    0   28  5   0  0 0.020 01.0  0.00193   -0.02900   -0.03304    +13.931034 
 143    0   29  5   0  0 0.020 01.0  0.00195   -0.03300   -0.03294     -0.181818 
 144    0   30  5   0  0 0.020 01.0  0.00189   -0.02300   -0.02846    +23.739130 
 145    0   31  5   0  0 0.020 01.0  0.00198   -0.03700   -0.03734     +0.918919 
 146    0   32  5   0  0 0.020 01.0  0.00180   -0.01000   -0.01490    +49.000000 
 147    0   33  5   0  0 0.020 01.0  0.00189   -0.02400   -0.02466     +2.750000 
 148    0   34  5   0  0 0.020 01.0  0.00173   -0.00000   -0.00350     +0.000000 
 149    0   35  5   0  0 0.020 01.0  0.00199   -0.03800   -0.03714     -2.263158 
 150    0   36  5   0  0 0.020 01.0  0.00173   +0.00000   +0.00331     +0.000000 
 151    0   37  5   0  0 0.020 01.0  0.00173   +0.00000   -0.00431     +0.000000 
 152    0   38  5   0  0 0.020 01.0  0.00233   -0.08900   -0.09273     +4.191011 
 153    0   39  5   0  0 0.020 01.0  0.00173   -0.00000   -0.00264     +0.000000 
 154    0   40  5   0  0 0.020 01.0  0.00173   -0.00000   -0.00154     +0.000000 
 155    0   41  5   0  0 0.020 01.0  0.00199   -0.03800   -0.03908     +2.842105 
 156    0   42  5   0  0 0.020 01.0  0.00211   -0.05600   -0.06088     +8.714286 
 157    0   43  5   0  0 0.020 01.0  0.00182   -0.01300   -0.01401     +7.769231 
 158    0   44  5   0  0 0.020 01.0  0.00189   -0.02300   -0.02101     -8.652174 
 159    0   45  5   0  0 0.020 01.0  0.00173   +0.00000   +0.00045     +0.000000 
 160    0   46  5   0  0 0.020 01.0  0.00173   +0.00000   -0.00149     +0.000000 
 161    0   47  5   0  0 0.020 01.0  0.00271   -0.14700   -0.14437     -1.789116 
 162    0   48  5   0  0 0.020 01.0  0.00173   +0.00000   +0.00186     +0.000000 
 163    0   49  5   0  0 0.020 01.0  0.00245   -0.10800   -0.11342     +5.018519 
 164    0   50  5   0  0 0.020 01.0  0.00262   -0.13300   -0.13395     +0.714286 
 165    0   51  5   0  0 0.020 01.0  0.00218   -0.06700   -0.06128     -8.537313 
 166    0   52  5   0  0 0.020 01.0  0.00192   -0.02800   -0.02719     -2.892857 
 167    0   53  5   0  0 0.020 01.0  0.00258   -0.12700   -0.12580     -0.944882 
 168    0   54  5   0  0 0.020 01.0  0.00185   -0.01800   -0.01506    -16.333333 
 169    0   55  5   0  0 0.020 01.0  0.00202   -0.04300   -0.04607     +7.139535 
 170    0   56  5   0  0 0.020 01.0  0.00192   -0.02800   -0.02577     -7.964286 
 171    0   57  5   0  0 0.020 01.0  0.00190   -0.02500   -0.02734     +9.360000 
 172    1    2  1   0  0 0.020 01.0  0.00448   -0.41251   -0.41061     -0.460595 
 173    2    3  1   0  0 0.020 01.0  0.00483   -0.46371   -0.45980     -0.843199 
 174    3    4  1   0  0 0.020 01.0  0.01282   +1.66309   +1.65531     -0.467804 
 175    4    5  1   0  0 0.020 01.0  0.00524   +0.52582   +0.51793     -1.500513 
 176    4    6  1   0  0 0.020 01.0  0.00629   +0.68393   +0.70037     +2.403755 
 177    6    7  1   0  0 0.020 01.0  0.00278   +0.15691   +0.15606     -0.541712 
 178    6    8  1   0  0 0.020 01.0  0.00246   -0.10875   -0.10828     -0.432184 
 179    8    9  1   0  0 0.020 01.0  0.00499   +0.48802   +0.49206     +0.827835 
 180    9   10  1   0  0 0.020 01.0  0.00182   +0.01346   +0.01530    +13.670134 
 181    9   11  1   0  0 0.020 01.0  0.00193   -0.02970   -0.03041     +2.390572 
 182    9   12  1   0  0 0.020 01.0  0.00313   -0.20923   -0.21537     +2.934570 
 183    9   13  1   0  0 0.020 01.0  0.00285   -0.16705   -0.16373     -1.987429 
 184   13   14  1   0  0 0.020 01.0  0.00201   -0.04221   -0.03707    -12.177209 
 185   13   15  1   0  0 0.020 01.0  0.00526   -0.52846   -0.53254     +0.772055 
 186    1   15  1   0  0 0.020 01.0  0.00458   +0.42662   +0.43043     +0.893066 
 187    1   16  1   0  0 0.020 01.0  0.00412   +0.35846   +0.36810     +2.689282 
 188    1   17  1   0  0 0.020 01.0  0.00532   +0.53773   +0.53718     -0.102282 
 189    3   15  1   0  0 0.020 01.0  0.01337   +1.74588   +1.75630     +0.596834 
 190    4   18  1   0  0 0.020 01.0  0.00297   +0.18546   +0.18484     -0.334304 
 191    4   18  1   0  0 0.020 01.0  0.00332   +0.23742   +0.22964     -3.276893 
 192    5    6  1   0  0 0.020 01.0  0.00402   +0.34255   +0.33323     -2.720771 
 193    7    8  1   0  0 0.020 01.0  0.00502   -0.49287   -0.50467     +2.394140 
 194   10   12  1   0  0 0.020 01.0  0.00511   -0.50590   -0.50756     +0.328128 
 195   11   13  1   0  0 0.020 01.0  0.00388   -0.32234   -0.31212     -3.170565 
 196   12   13  1   0  0 0.020 01.0  0.00573   +0.59986   +0.60446     +0.766846 
 197   12   16  1   0  0 0.020 01.0  0.00302   +0.19377   +0.20157     +4.025391 
 198   12   17  1   0  0 0.020 01.0  0.00175   +0.00191   -0.00267   -239.790576 
 199   14   15  1   0  0 0.020 01.0  0.00705   -0.79779   -0.80596     +1.024079 
 200   18   19  1   0  0 0.020 01.0  0.00225   +0.07788   +0.08396     +7.806882 
 201   19   20  1   0  0 0.020 01.0  0.00195   +0.03290   +0.02716    -17.446809 
 202   21   20  1   0  0 0.020 01.0  0.00176   -0.00354   -0.00704    +98.870056 
 203   21   22  1   0  0 0.020 01.0  0.00176   +0.00354   +0.00623    +75.988701 
 204   22   23  1   0  0 0.020 01.0  0.00301   +0.19190   +0.19794     +3.147473 
 205   23   24  1   0  0 0.020 01.0  0.00248   +0.11152   +0.11310     +1.416786 
 206   24   25  1   0  0 0.020 01.0  0.00231   +0.08691   +0.08716     +0.287654 
 207   24   25  1   0  0 0.020 01.0  0.00229   +0.08352   +0.08961     +7.291667 
 208   24   26  1   0  0 0.020 01.0  0.00214   -0.06104   -0.05795     -5.062254 
 209   26   27  1   0  0 0.020 01.0  0.00214   -0.06104   -0.05846     -4.226737 
 210   27   28  1   0  0 0.020 01.0  0.00294   -0.18076   -0.17644     -2.389909 
 211   28   29  1   0  0 0.020 01.0  0.00334   -0.24139   -0.23389     -3.107005 
 212    7   29  1   0  0 0.020 01.0  0.00606   +0.64925   +0.66613     +2.599923 
 213   25   30  1   0  0 0.020 01.0  0.00234   +0.09043   +0.09719     +7.475395 
 214   30   31  1   0  0 0.020 01.0  0.00202   +0.04260   +0.04767    +11.901408 
 215   31   32  1   0  0 0.020 01.0  0.00195   -0.03257   -0.03510     +7.767885 
 216   32   33  1   0  0 0.020 01.0  0.00205   +0.04814   +0.04270    -11.300374 
 217   34   32  1   0  0 0.020 01.0  0.00241   +0.10145   +0.10609     +4.573682 
 218   34   35  1   0  0 0.020 01.0  0.00241   -0.10145   -0.10608     +4.563825 
 219   35   36  1   0  0 0.020 01.0  0.00292   -0.17826   -0.18641     +4.571974 
 220   36   37  1   0  0 0.020 01.0  0.00323   -0.22381   -0.21856     -2.345740 
 221   37   38  1   0  0 0.020 01.0  0.00356   -0.27458   -0.27371     -0.316848 
 222   37   39  1   0  0 0.020 01.0  0.00206   +0.04856   +0.04648     -4.283361 
 223   36   40  1   0  0 0.020 01.0  0.00202   +0.04356   +0.04451     +2.180900 
 224   22   38  1   0  0 0.020 01.0  0.00299   -0.18836   -0.18200     -3.376513 
 225   11   41  1   0  0 0.020 01.0  0.00252   +0.11795   +0.12010     +1.822806 
 226   41   42  1   0  0 0.020 01.0  0.00249   +0.11317   +0.11197     -1.060352 
 227   41   43  1   0  0 0.020 01.0  0.00273   -0.14906   -0.14831     -0.503153 
 228   38   44  1   0  0 0.020 01.0  0.00388   -0.32202   -0.32941     +2.294889 
 229   15   45  1   0  0 0.020 01.0  0.00501   +0.49131   +0.48339     -1.612017 
 230   14   46  1   0  0 0.020 01.0  0.00588   +0.62179   +0.61140     -1.670982 
 231   46   47  1   0  0 0.020 01.0  0.00588   +0.62179   +0.61332     -1.362196 
 232   47   48  1   0  0 0.020 01.0  0.00330   +0.23470   +0.24346     +3.732424 
 233   48   49  1   0  0 0.020 01.0  0.00185   -0.01701   -0.01544     -9.229865 
 234   49   50  1   0  0 0.020 01.0  0.00245   +0.10811   +0.11296     +4.486171 
 235   50   51  1   0  0 0.020 01.0  0.00280   -0.16008   -0.16195     +1.168166 
 236   10   51  1   0  0 0.020 01.0  0.00436   +0.39335   +0.38468     -2.204144 
 237   13   49  1   0  0 0.020 01.0  0.00464   +0.43662   +0.44331     +1.532225 
 238   29   52  1   0  0 0.020 01.0  0.00299   +0.18876   +0.19545     +3.544183 
 239   52   53  1   0  0 0.020 01.0  0.00254   +0.12091   +0.11871     -1.819535 
 240   53   54  1   0  0 0.020 01.0  0.00263   -0.13440   -0.13947     +3.772321 
 241   54   55  1   0  0 0.020 01.0  0.00300   -0.19052   -0.18158     -4.692421 
 242   11   43  1   0  0 0.020 01.0  0.00289   +0.17406   +0.18203     +4.578881 
 243   44   45  1   0  0 0.020 01.0  0.00491   -0.47708   -0.48723     +2.127526 
 244   40   56  1   0  0 0.020 01.0  0.00202   +0.04344   +0.04865    +11.993554 
 245   56   41  1   0  0 0.020 01.0  0.00220   -0.07068   -0.07167     +1.400679 
 246   56   42  1   0  0 0.020 01.0  0.00186   -0.01968   -0.02278    +15.752033 
 247   39   57  1   0  0 0.020 01.0  0.00206   +0.04847   +0.04399     -9.242831 
 248   57   56  1   0  0 0.020 01.0  0.00198   -0.03653   -0.03937     +7.774432 
 249   38   49  1   0  0 0.020 01.0  0.00227   -0.07989   -0.07929     -0.751033 
 250   38   48  1   0  0 0.020 01.0  0.00338   -0.24713   -0.25561     +3.431392 
 251    9   55  1   0  0 0.020 01.0  0.00363   +0.28375   +0.28589     +0.754185 
 252    1    2  4   0  0 0.020 01.0  0.00957   +1.17494   +1.14792     -2.299692 
 253    2    3  4   0  0 0.020 01.0  0.00271   +0.14688   +0.14615     -0.497004 
 254    3    4  4   0  0 0.020 01.0  0.00213   -0.06014   -0.06229     +3.574992 
 255    4    5  4   0  0 0.020 01.0  0.00255   -0.12305   -0.11625     -5.526209 
 256    4    6  4   0  0 0.020 01.0  0.00231   -0.08632   -0.08905     +3.162651 
 257    6    7  4   0  0 0.020 01.0  0.00196   -0.03439   -0.03524     +2.471649 
 258    6    8  4   0  0 0.020 01.0  0.00268   -0.14224   -0.13965     -1.820866 
 259    8    9  4   0  0 0.020 01.0  0.00412   +0.35753   +0.35460     -0.819512 
 260    9   10  4   0  0 0.020 01.0  0.00179   -0.00836   -0.01227    +46.770335 
 261    9   11  4   0  0 0.020 01.0  0.00266   +0.13963   +0.13318     -4.619351 
 262    9   12  4   0  0 0.020 01.0  0.00239   -0.09840   -0.10119     +2.835366 
 263    9   13  4   0  0 0.020 01.0  0.00225   +0.07698   +0.08135     +5.676799 
 264   13   14  4   0  0 0.020 01.0  0.00326   +0.22846   +0.23095     +1.089906 
 265   13   15  4   0  0 0.020 01.0  0.00175   +0.00200   -0.00108   -154.000000 
 266    1   15  4   0  0 0.020 01.0  0.00475   +0.45306   +0.46675     +3.021675 
 267    1   16  4   0  0 0.020 01.0  0.00195   +0.03205   +0.03132     -2.277691 
 268    1   17  4   0  0 0.020 01.0  0.00236   +0.09340   +0.09814     +5.074946 
 269    3   15  4   0  0 0.020 01.0  0.00238   -0.09751   -0.09695     -0.574300 
 270    4   18  4   0  0 0.020 01.0  0.00205   +0.04719   +0.04135    -12.375503 
 271    4   18  4   0  0 0.020 01.0  0.00200   +0.04060   +0.03467    -14.605911 
 272    5    6  4   0  0 0.020 01.0  0.00298   -0.18756   -0.18244     -2.729793 
 273    7    8  4   0  0 0.020 01.0  0.00348   -0.26157   -0.26267     +0.420538 
 274   10   12  4   0  0 0.020 01.0  0.00290   -0.17461   -0.17828     +2.101827 
 275   11   13  4   0  0 0.020 01.0  0.00189   +0.02307   +0.02718    +17.815345 
 276   12   13  4   0  0 0.020 01.0  0.00509   +0.50409   +0.50887     +0.948243 
 277   12   16  4   0  0 0.020 01.0  0.00204   -0.04566   -0.04829     +5.759965 
 278   12   17  4   0  0 0.020 01.0  0.00200   -0.04075   -0.03901     -4.269939 
 279   14   15  4   0  0 0.020 01.0  0.00288   -0.17179   -0.17588     +2.380814 
 280   18   19  4   0  0 0.020 01.0  0.00187   +0.02103   +0.01738    -17.356158 
 281   19   20  4   0  0 0.020 01.0  0.00179   +0.00861   +0.00720    -16.376307 
 282   21   20  4   0  0 0.020 01.0  0.00177   +0.00497   +0.00537     +8.048290 
 283   21   22  4   0  0 0.020 01.0  0.00177   -0.00497   -0.00045    -90.945674 
 284   22   23  4   0  0 0.020 01.0  0.00188   +0.02223   +0.02505    +12.685560 
 285   23   24  4   0  0 0.020 01.0  0.00177   -0.00535   -0.00909    +69.906542 
 286   24   25  4   0  0 0.020 01.0  0.00198   +0.03636   +0.03047    -16.199120 
 287   24   25  4   0  0 0.020 01.0  0.00197   +0.03494   +0.03054    -12.593017 
 288   24   26  4   0  0 0.020 01.0  0.00221   -0.07196   -0.06642     -7.698722 
 289   26   27  4   0  0 0.020 01.0  0.00222   -0.07245   -0.07016     -3.160801 
 290   27   28  4   0  0 0.020 01.0  0.00227   -0.08109   -0.08636     +6.498952 
 291   28   29  4   0  0 0.020 01.0  0.00249   -0.11415   -0.10726     -6.035918 
 292    7   29  4   0  0 0.020 01.0  0.00341   +0.25100   +0.24322     -3.099602 
 293   25   30  4   0  0 0.020 01.0  0.00213   +0.05902   +0.05892     -0.169434 
 294   30   31  4   0  0 0.020 01.0  0.00196   +0.03328   +0.03165     -4.897837 
 295   31   32  4   0  0 0.020 01.0  0.00177   -0.00551   -0.00583     +5.807623 
 296   32   33  4   0  0 0.020 01.0  0.00189   +0.02413   +0.01912    -20.762536 
 297   34   32  4   0  0 0.020 01.0  0.00210   +0.05504   +0.05290     -3.888081 
 298   34   35  4   0  0 0.020 01.0  0.00210   -0.05504   -0.05801     +5.396076 
 299   35   36  4   0  0 0.020 01.0  0.00234   -0.09153   -0.09511     +3.911286 
 300   36   37  4   0  0 0.020 01.0  0.00261   -0.13193   -0.12491     -5.321004 
 301   37   38  4   0  0 0.020 01.0  0.00285   -0.16772   -0.17572     +4.769855 
 302   37   39  4   0  0 0.020 01.0  0.00195   +0.03301   +0.03777    +14.419873 
 303   36   40  4   0  0 0.020 01.0  0.00199   +0.03930   +0.03773     -3.994911 
 304   22   38  4   0  0 0.020 01.0  0.00192   -0.02721   -0.02534     -6.872473 
 305   11   41  4   0  0 0.020 01.0  0.00211   +0.05636   +0.06210    +10.184528 
 306   41   42  4   0  0 0.020 01.0  0.00208   +0.05201   +0.04695     -9.728898 
 307   41   43  4   0  0 0.020 01.0  0.00206   -0.04974   -0.04745     -4.603940 
 308   38   44  4   0  0 0.020 01.0  0.00187   +0.02066   +0.01968     -4.743466 
 309   15   45  4   0  0 0.020 01.0  0.00210   +0.05452   +0.04964     -8.950844 
 310   14   46  4   0  0 0.020 01.0  0.00401   +0.34102   +0.34082     -0.058648 
 311   46   47  4   0  0 0.020 01.0  0.00379   +0.30882   +0.30795     -0.281718 
 312   47   48  4   0  0 0.020 01.0  0.00264   +0.13538   +0.14135     +4.409809 
 313   48   49  4   0  0 0.020 01.0  0.00224   -0.07653   -0.07437     -2.822423 
 314   49   50  4   0  0 0.020 01.0  0.00215   +0.06183   +0.05897     -4.625586 
 315   50   51  4   0  0 0.020 01.0  0.00222   -0.07308   -0.07099     -2.859880 
 316   10   51  4   0  0 0.020 01.0  0.00279   +0.15842   +0.16085     +1.533897 
 317   13   49  4   0  0 0.020 01.0  0.00447   +0.41032   +0.42097     +2.595535 
 318   29   52  4   0  0 0.020 01.0  0.00219   +0.06887   +0.07390     +7.303616 
 319   52   53  4   0  0 0.020 01.0  0.00196   +0.03328   +0.03135     -5.799279 
 320   53   54  4   0  0 0.020 01.0  0.00199   -0.03920   -0.04008     +2.244898 
 321   54   55  4   0  0 0.020 01.0  0.00215   -0.06230   -0.05839     -6.276083 
 322   11   43  4   0  0 0.020 01.0  0.00226   +0.07887   +0.08460     +7.265120 
 323   44   45  4   0  0 0.020 01.0  0.00178   -0.00657   -0.00266    -59.512938 
 324   40   56  4   0  0 0.020 01.0  0.00199   +0.03912   +0.03912     +0.000000 
 325   56   41  4   0  0 0.020 01.0  0.00174   -0.00051   +0.00037   -172.549020 
 326   56   42  4   0  0 0.020 01.0  0.00180   +0.00991   +0.01449    +46.215943 
 327   39   57  4   0  0 0.020 01.0  0.00195   +0.03286   +0.02895    -11.898965 
 328   57   56  4   0  0 0.020 01.0  0.00175   +0.00293   +0.00161    -45.051195 
 329   38   49  4   0  0 0.020 01.0  0.00247   -0.11005   -0.11361     +3.234893 
 330   38   48  4   0  0 0.020 01.0  0.00310   -0.20519   -0.19904     -2.997222 
 331    9   55  4   0  0 0.020 01.0  0.00257   +0.12540   +0.11878     -5.279107 
 332    2    1  1   0  0 0.020 01.0  0.00457   +0.42571   +0.41970     -1.411759 
 333    3    2  1   0  0 0.020 01.0  0.00487   +0.47103   +0.47264     +0.341804 
 334    4    3  1   0  0 0.020 01.0  0.01262   -1.63263   -1.62363     -0.551258 
 335    5    4  1   0  0 0.020 01.0  0.00512   -0.50755   -0.51032     +0.545759 
 336    6    4  1   0  0 0.020 01.0  0.00616   -0.66336   -0.67228     +1.344670 
 337    7    6  1   0  0 0.020 01.0  0.00278   -0.15639   -0.15777     +0.882409 
 338    8    6  1   0  0 0.020 01.0  0.00246   +0.10967   +0.10792     -1.595696 
 339    9    8  1   0  0 0.020 01.0  0.00496   -0.48423   -0.49625     +2.482291 
 340   10    9  1   0  0 0.020 01.0  0.00182   -0.01345   -0.01748    +29.962825 
 341   11    9  1   0  0 0.020 01.0  0.00194   +0.03033   +0.03161     +4.220244 
 342   12    9  1   0  0 0.020 01.0  0.00315   +0.21243   +0.21538     +1.388693 
 343   13    9  1   0  0 0.020 01.0  0.00286   +0.16891   +0.17476     +3.463383 
 344   14   13  1   0  0 0.020 01.0  0.00202   +0.04299   +0.04299     +0.000000 
 345   15   13  1   0  0 0.020 01.0  0.00531   +0.53638   +0.53024     -1.144711 
 346   15    1  1   0  0 0.020 01.0  0.00453   -0.41940   -0.42837     +2.138770 
 347   16    1  1   0  0 0.020 01.0  0.00409   -0.35290   -0.36397     +3.136866 
 348   17    1  1   0  0 0.020 01.0  0.00527   -0.53111   -0.53978     +1.632430 
 349   15    3  1   0  0 0.020 01.0  0.01305   -1.69728   -1.70770     +0.613923 
 350   18    4  1   0  0 0.020 01.0  0.00297   -0.18546   -0.18425     -0.652432 
 351   18    4  1   0  0 0.020 01.0  0.00332   -0.23742   -0.23603     -0.585460 
 352    6    5  1   0  0 0.020 01.0  0.00398   -0.33781   -0.33114     -1.974483 
 353    8    7  1   0  0 0.020 01.0  0.00505   +0.49731   +0.50004     +0.548953 
 354   12   10  1   0  0 0.020 01.0  0.00516   +0.51403   +0.50198     -2.344221 
 355   13   11  1   0  0 0.020 01.0  0.00390   +0.32483   +0.32812     +1.012837 
 356   13   12  1   0  0 0.020 01.0  0.00566   -0.58869   -0.60322     +2.468192 
 357   16   12  1   0  0 0.020 01.0  0.00302   -0.19310   -0.19553     +1.258415 
 358   17   12  1   0  0 0.020 01.0  0.00175   -0.00189   -0.00412   +117.989418 
 359   15   14  1   0  0 0.020 01.0  0.00713   +0.80999   +0.82032     +1.275324 
 360   19   18  1   0  0 0.020 01.0  0.00223   -0.07490   -0.08070     +7.743658 
 361   20   19  1   0  0 0.020 01.0  0.00195   -0.03254   -0.02953     -9.250154 
 362   20   21  1   0  0 0.020 01.0  0.00176   +0.00354   +0.00081    -77.118644 
 363   22   21  1   0  0 0.020 01.0  0.00176   -0.00354   -0.00638    +80.225989 
 364   23   22  1   0  0 0.020 01.0  0.00301   -0.19152   -0.20034     +4.605263 
 365   24   23  1   0  0 0.020 01.0  0.00246   -0.10939   -0.11482     +4.963891 
 366   25   24  1   0  0 0.020 01.0  0.00231   -0.08691   -0.09095     +4.648487 
 367   25   24  1   0  0 0.020 01.0  0.00229   -0.08352   -0.08745     +4.705460 
 368   26   24  1   0  0 0.020 01.0  0.00214   +0.06104   +0.06626     +8.551769 
 369   27   26  1   0  0 0.020 01.0  0.00215   +0.06276   +0.05989     -4.572976 
 370   28   27  1   0  0 0.020 01.0  0.00296   +0.18339   +0.17624     -3.898795 
 371   29   28  1   0  0 0.020 01.0  0.00336   +0.24449   +0.25020     +2.335474 
 372   29    7  1   0  0 0.020 01.0  0.00606   -0.64925   -0.64316     -0.938005 
 373   30   25  1   0  0 0.020 01.0  0.00232   -0.08860   -0.08703     -1.772009 
 374   31   30  1   0  0 0.020 01.0  0.00201   -0.04143   -0.04332     +4.561912 
 375   32   31  1   0  0 0.020 01.0  0.00196   +0.03330   +0.03554     +6.726727 
 376   33   32  1   0  0 0.020 01.0  0.00205   -0.04800   -0.05128     +6.833333 
 377   32   34  1   0  0 0.020 01.0  0.00241   -0.10145   -0.10422     +2.730409 
 378   35   34  1   0  0 0.020 01.0  0.00242   +0.10226   +0.10019     -2.024252 
 379   36   35  1   0  0 0.020 01.0  0.00294   +0.18025   +0.17526     -2.768377 
 380   37   36  1   0  0 0.020 01.0  0.00324   +0.22602   +0.22946     +1.521989 
 381   38   37  1   0  0 0.020 01.0  0.00361   +0.28196   +0.28708     +1.815860 
 382   39   37  1   0  0 0.020 01.0  0.00206   -0.04847   -0.05452    +12.481948 
 383   40   36  1   0  0 0.020 01.0  0.00202   -0.04344   -0.04519     +4.028545 
 384   38   22  1   0  0 0.020 01.0  0.00299   +0.18908   +0.18441     -2.469854 
 385   41   11  1   0  0 0.020 01.0  0.00252   -0.11795   -0.11149     -5.476897 
 386   42   41  1   0  0 0.020 01.0  0.00247   -0.10980   -0.10591     -3.542805 
 387   43   41  1   0  0 0.020 01.0  0.00273   +0.14906   +0.14708     -1.328324 
 388   44   38  1   0  0 0.020 01.0  0.00390   +0.32508   +0.32943     +1.338132 
 389   45   15  1   0  0 0.020 01.0  0.00501   -0.49131   -0.48534     -1.215119 
 390   46   14  1   0  0 0.020 01.0  0.00588   -0.62179   -0.61861     -0.511427 
 391   47   46  1   0  0 0.020 01.0  0.00581   -0.61170   -0.59559     -2.633644 
 392   48   47  1   0  0 0.020 01.0  0.00329   -0.23340   -0.22785     -2.377892 
 393   49   48  1   0  0 0.020 01.0  0.00185   +0.01748   +0.01791     +2.459954 
 394   50   49  1   0  0 0.020 01.0  0.00245   -0.10692   -0.11287     +5.564908 
 395   51   50  1   0  0 0.020 01.0  0.00283   +0.16435   +0.17090     +3.985397 
 396   51   10  1   0  0 0.020 01.0  0.00436   -0.39335   -0.39968     +1.609254 
 397   49   13  1   0  0 0.020 01.0  0.00464   -0.43662   -0.43763     +0.231322 
 398   52   29  1   0  0 0.020 01.0  0.00295   -0.18291   -0.18591     +1.640151 
 399   53   52  1   0  0 0.020 01.0  0.00253   -0.11960   -0.11570     -3.260870 
 400   54   53  1   0  0 0.020 01.0  0.00266   +0.13852   +0.14335     +3.486861 
 401   55   54  1   0  0 0.020 01.0  0.00305   +0.19775   +0.20330     +2.806574 
 402   43   11  1   0  0 0.020 01.0  0.00289   -0.17406   -0.16752     -3.757325 
 403   45   44  1   0  0 0.020 01.0  0.00501   +0.49131   +0.47892     -2.521829 
 404   56   40  1   0  0 0.020 01.0  0.00202   -0.04344   -0.04140     -4.696133 
 405   41   56  1   0  0 0.020 01.0  0.00223   +0.07384   +0.07388     +0.054171 
 406   42   56  1   0  0 0.020 01.0  0.00186   +0.01980   +0.01796     -9.292929 
 407   57   39  1   0  0 0.020 01.0  0.00206   -0.04847   -0.04738     -2.248814 
 408   56   57  1   0  0 0.020 01.0  0.00198   +0.03680   +0.03504     -4.782609 
 409   49   38  1   0  0 0.020 01.0  0.00228   +0.08202   +0.07801     -4.889051 
 410   48   38  1   0  0 0.020 01.0  0.00340   +0.25041   +0.24556     -1.936824 
 411   55    9  1   0  0 0.020 01.0  0.00363   -0.28375   -0.29248     +3.076652 
 412    2    1  4   0  0 0.020 01.0  0.01017   -1.26599   -1.28735     +1.687217 
 413    3    2  4   0  0 0.020 01.0  0.00313   -0.20934   -0.21270     +1.605044 
 414    4    3  4   0  0 0.020 01.0  0.00254   +0.12158   +0.12302     +1.184405 
 415    5    4  4   0  0 0.020 01.0  0.00264   +0.13656   +0.13107     -4.020211 
 416    6    4  4   0  0 0.020 01.0  0.00255   +0.12326   +0.11655     -5.443777 
 417    7    6  4   0  0 0.020 01.0  0.00180   +0.01057   +0.00524    -50.425733 
 418    8    6  4   0  0 0.020 01.0  0.00240   +0.10064   +0.10460     +3.934817 
 419    9    8  4   0  0 0.020 01.0  0.00435   -0.39225   -0.38750     -1.210962 
 420   10    9  4   0  0 0.020 01.0  0.00196   -0.03381   -0.03827    +13.191364 
 421   11    9  4   0  0 0.020 01.0  0.00279   -0.15829   -0.15462     -2.318529 
 422   12    9  4   0  0 0.020 01.0  0.00197   +0.03605   +0.03204    -11.123440 
 423   13    9  4   0  0 0.020 01.0  0.00246   -0.10967   -0.11529     +5.124464 
 424   14   13  4   0  0 0.020 01.0  0.00331   -0.23622   -0.23263     -1.519770 
 425   15   13  4   0  0 0.020 01.0  0.00174   +0.00142   -0.00229   -261.267606 
 426   15    1  4   0  0 0.020 01.0  0.00519   -0.51789   -0.53165     +2.656935 
 427   16    1  4   0  0 0.020 01.0  0.00216   -0.06448   -0.06921     +7.335608 
 428   17    1  4   0  0 0.020 01.0  0.00236   -0.09362   -0.10049     +7.338176 
 429   15    3  4   0  0 0.020 01.0  0.00308   +0.20224   +0.19649     -2.843157 
 430   18    4  4   0  0 0.020 01.0  0.00192   -0.02782   -0.03276    +17.757009 
 431   18    4  4   0  0 0.020 01.0  0.00184   -0.01644   -0.02155    +31.082725 
 432    6    5  4   0  0 0.020 01.0  0.00297   +0.18574   +0.18232     -1.841284 
 433    8    7  4   0  0 0.020 01.0  0.00350   +0.26524   +0.26557     +0.124416 
 434   12   10  4   0  0 0.020 01.0  0.00293   +0.17909   +0.17722     -1.044168 
 435   13   11  4   0  0 0.020 01.0  0.00195   -0.03263   -0.02683    -17.775054 
 436   13   12  4   0  0 0.020 01.0  0.00525   -0.52749   -0.52939     +0.360196 
 437   16   12  4   0  0 0.020 01.0  0.00191   +0.02648   +0.02248    -15.105740 
 438   17   12  4   0  0 0.020 01.0  0.00179   -0.00838   -0.00539    -35.680191 
 439   15   14  4   0  0 0.020 01.0  0.00304   +0.19671   +0.20112     +2.241879 
 440   19   18  4   0  0 0.020 01.0  0.00184   -0.01661   -0.02117    +27.453341 
 441   20   19  4   0  0 0.020 01.0  0.00179   -0.00806   -0.00838     +3.970223 
 442   20   21  4   0  0 0.020 01.0  0.00177   -0.00494   -0.00714    +44.534413 
 443   22   21  4   0  0 0.020 01.0  0.00177   +0.00498   +0.00399    -19.879518 
 444   23   22  4   0  0 0.020 01.0  0.00188   -0.02165   -0.02244     +3.648961 
 445   24   23  4   0  0 0.020 01.0  0.00174   +0.00065   +0.00452   +595.384615 
 446   25   24  4   0  0 0.020 01.0  0.00190   -0.02512   -0.02275     -9.434713 
 447   25   24  4   0  0 0.020 01.0  0.00189   -0.02414   -0.02966    +22.866611 
 448   26   24  4   0  0 0.020 01.0  0.00222   +0.07245   +0.06613     -8.723257 
 449   27   26  4   0  0 0.020 01.0  0.00223   +0.07509   +0.07156     -4.701025 
 450   28   27  4   0  0 0.020 01.0  0.00230   +0.08515   +0.08650     +1.585437 
 451   29   28  4   0  0 0.020 01.0  0.00252   +0.11850   +0.12496     +5.451477 
 452   29    7  4   0  0 0.020 01.0  0.00320   -0.22038   -0.22356     +1.442962 
 453   30   25  4   0  0 0.020 01.0  0.00211   -0.05628   -0.05700     +1.279318 
 454   31   30  4   0  0 0.020 01.0  0.00194   -0.03149   -0.03617    +14.861861 
 455   32   31  4   0  0 0.020 01.0  0.00178   +0.00660   +0.00890    +34.848485 
 456   33   32  4   0  0 0.020 01.0  0.00189   -0.02400   -0.02148    -10.500000 
 457   32   34  4   0  0 0.020 01.0  0.00200   -0.04073   -0.03734     -8.323103 
 458   35   34  4   0  0 0.020 01.0  0.00209   +0.05353   +0.05908    +10.368018 
 459   36   35  4   0  0 0.020 01.0  0.00235   +0.09263   +0.08624     -6.898413 
 460   37   36  4   0  0 0.020 01.0  0.00263   +0.13471   +0.13945     +3.518670 
 461   38   37  4   0  0 0.020 01.0  0.00292   +0.17726   +0.17668     -0.327203 
 462   39   37  4   0  0 0.020 01.0  0.00195   -0.03286   -0.03545     +7.881923 
 463   40   36  4   0  0 0.020 01.0  0.00199   -0.03912   -0.04457    +13.931493 
 464   38   22  4   0  0 0.020 01.0  0.00192   +0.02831   +0.03163    +11.727305 
 465   41   11  4   0  0 0.020 01.0  0.00203   -0.04392   -0.03907    -11.042805 
 466   42   41  4   0  0 0.020 01.0  0.00204   -0.04629   -0.04291     -7.301793 
 467   43   41  4   0  0 0.020 01.0  0.00214   +0.06040   +0.06473     +7.168874 
 468   44   38  4   0  0 0.020 01.0  0.00184   -0.01643   -0.01815    +10.468655 
 469   45   15  4   0  0 0.020 01.0  0.00194   -0.03077   -0.03436    +11.667208 
 470   46   14  4   0  0 0.020 01.0  0.00379   -0.30882   -0.31159     +0.896963 
 471   47   46  4   0  0 0.020 01.0  0.00362   -0.28238   -0.28767     +1.873362 
 472   48   47  4   0  0 0.020 01.0  0.00263   -0.13372   -0.14126     +5.638648 
 473   49   48  4   0  0 0.020 01.0  0.00222   +0.07233   +0.06958     -3.802019 
 474   50   49  4   0  0 0.020 01.0  0.00213   -0.05992   -0.06324     +5.540721 
 475   51   50  4   0  0 0.020 01.0  0.00227   +0.07985   +0.07581     -5.059487 
 476   51   10  4   0  0 0.020 01.0  0.00271   -0.14685   -0.14932     +1.681988 
 477   49   13  4   0  0 0.020 01.0  0.00408   -0.35245   -0.35154     -0.258193 
 478   52   29  4   0  0 0.020 01.0  0.00214   -0.06128   -0.06611     +7.881854 
 479   53   52  4   0  0 0.020 01.0  0.00194   -0.03160   -0.03518    +11.329114 
 480   54   53  4   0  0 0.020 01.0  0.00203   +0.04430   +0.04416     -0.316027 
 481   55   54  4   0  0 0.020 01.0  0.00221   +0.07175   +0.07052     -1.714286 
 482   43   11  4   0  0 0.020 01.0  0.00222   -0.07340   -0.07027     -4.264305 
 483   45   44  4   0  0 0.020 01.0  0.00194   +0.03077   +0.02845     -7.539812 
 484   56   40  4   0  0 0.020 01.0  0.00197   -0.03487   -0.03125    -10.381417 
 485   41   56  4   0  0 0.020 01.0  0.00176   +0.00365   +0.00802   +119.726027 
 486   42   56  4   0  0 0.020 01.0  0.00180   -0.00971   -0.00685    -29.454171 
 487   57   39  4   0  0 0.020 01.0  0.00192   -0.02793   -0.02984     +6.838525 
 488   56   57  4   0  0 0.020 01.0  0.00175   -0.00253   -0.00023    -90.909091 
 489   49   38  4   0  0 0.020 01.0  0.00247   +0.11029   +0.10338     -6.265301 
 490   48   38  4   0  0 0.020 01.0  0.00314   +0.21026   +0.21243     +1.032056 
 491   55    9  4   0  0 0.020 01.0  0.00250   -0.11475   -0.12057     +5.071895 
----------------------------------------------------------------------------------
Número de medidores SCADA:     491
Número de PMUs:                0
Número de medidas das PMUs:    0
----------------------------------------------------------------------------------

Não há medidas de ângulo.
Não há medidores desabilitados.
============================== Estado Estimado ===================================
                 Barra     Mod(pu)    Ang(graus)              
----------------------------------------------------------------------------------
                    1            1.0413              0.00        
                    2            1.0115              1.18        
                    3            1.0100              3.72        
                    4            0.9951              0.25        
                    5            0.9792             -4.27        
                    6            0.9808             -5.89        
                    7            0.9797             -6.88        
                    8            1.0056             -5.02        
                    9            0.9817             -6.24        
                   10            0.9794             -6.35        
                   11            0.9698             -5.87        
                   12            1.0158             -2.93        
                   13            0.9750             -4.41        
                   14            0.9652             -4.12        
                   15            0.9897             -1.67        
                   16            1.0152             -3.85        
                   17            1.0188             -3.01        
                   18            1.0051             -5.10        
                   19            0.9551             -7.85        
                   20            0.9419             -8.65        
                   21            0.9875             -8.99        
                   22            0.9872             -9.07        
                   23            0.9849             -9.23        
                   24            0.9670            -10.99        
                   25            0.9313            -17.75        
                   26            0.9306            -10.80        
                   27            0.9611            -10.54        
                   28            0.9808             -9.81        
                   29            0.9980             -9.27        
                   30            0.9047            -18.49        
                   31            0.8708            -19.26        
                   32            0.8941            -17.62        
                   33            0.8911            -17.68        
                   34            0.9186            -10.80        
                   35            0.9292            -10.47        
                   36            0.9427            -10.09        
                   37            0.9546             -9.81        
                   38            0.9916             -8.78        
                   39            0.9520             -9.87        
                   40            0.9393            -10.15        
                   41            0.9777            -10.96        
                   42            0.9360            -12.74        
                   43            1.0007             -7.36        
                   44            1.0001             -7.65        
                   45            1.0319             -4.40        
                   46            1.0499             -6.44        
                   47            1.0168             -8.31        
                   48            1.0094             -8.47        
                   49            1.0198             -8.71        
                   50            1.0033             -9.24        
                   51            1.0427             -7.81        
                   52            0.9577            -10.82        
                   53            0.9448            -11.41        
                   54            0.9821             -9.95        
                   55            1.0304             -8.10        
                   56            0.9352            -13.36        
                   57            0.9284            -14.02        
----------------------------------------------------------------------------------
Convergiu em:    3 iteraçoes. 
----------------------------------------------------------------------------------
--- RESIDUOS NORMALIZADOS --------------------------------------------------------
   N    D    P  TP      Real     Medido   Estimado      Med-Est        rn 
----------------------------------------------------------------------------------
 350   18    4  1    -0.1855    -0.1842    -0.2220  +3.7766e-02      0.741 
 190    4   18  1    +0.1855    +0.1848    +0.2220  -3.7176e-02      0.730 
  75    0   18  2    -0.3450    -0.3456    -0.3146  -3.1006e-02      0.629 
 430   18    4  4    -0.0278    -0.0328    -0.0185  -1.4265e-02      0.347 
 412    2    1  4    -1.2660    -1.2873    -1.2582  -2.9171e-02      0.323 
 351   18    4  1    -0.2374    -0.2360    -0.2220  -1.4014e-02      0.258 
  73    0   16  2    -0.5460    -0.5322    -0.5476  +1.5311e-02      0.253 
 109    0   52  2    -0.0620    -0.0582    -0.0663  +8.0607e-03      0.244 
  58    0    1  2    +0.9103    +0.9025    +0.9178  -1.5224e-02      0.232 
   2    0    2  6    +1.0100    +0.9951    +1.0115  -1.6391e-02      0.232 
  86    0   29  2    -0.2160    -0.2065    -0.2149  +8.4269e-03      0.224 
  46    0   46  6    +1.0490    +1.0342    +1.0499  -1.5652e-02      0.218 
 212    7   29  1    +0.6492    +0.6661    +0.6509  +1.5201e-02      0.217 
 132    0   18  5    -0.1240    -0.1198    -0.1284  +8.6093e-03      0.215 
 252    1    2  4    +1.1749    +1.1479    +1.1660  -1.8126e-02      0.212 
  37    0   37  6    +0.9542    +0.9403    +0.9546  -1.4288e-02      0.209 
 138    0   24  5    -0.0000    -0.0052    +0.0004  -5.5973e-03      0.206 
 242   11   43  1    +0.1741    +0.1820    +0.1722  +9.8046e-03      0.205 
  39    0   39  6    +0.9517    +0.9656    +0.9520  +1.3583e-02      0.199 
 243   44   45  1    -0.4771    -0.4872    -0.4739  -1.3313e-02      0.199 
  52    0   52  6    +0.9575    +0.9712    +0.9577  +1.3491e-02      0.198 
  66    0    9  2    -0.5930    -0.5783    -0.5885  +1.0177e-02      0.197 
  24    0   24  6    +0.9659    +0.9535    +0.9670  -1.3465e-02      0.196 
 250   38   48  1    -0.2471    -0.2556    -0.2456  -1.0049e-02      0.194 
  85    0   28  2    -0.0580    -0.0532    -0.0594  +6.1530e-03      0.193 
  26    0   26  6    +0.9298    +0.9433    +0.9306  +1.2704e-02      0.189 
 241   54   55  1    -0.1905    -0.1816    -0.1911  +9.5651e-03      0.189 
 291   28   29  4    -0.1142    -0.1073    -0.1153  +8.0060e-03      0.185 
 447   25   24  4    -0.0241    -0.0297    -0.0219  -7.7637e-03      0.185 
 176    4    6  1    +0.6839    +0.7004    +0.6863  +1.4061e-02      0.183 
 347   16    1  1    -0.3529    -0.3640    -0.3530  -1.0984e-02      0.178 
  74    0   17  2    -0.5330    -0.5475    -0.5371  -1.0370e-02      0.176 
  21    0   21  6    +0.9859    +0.9753    +0.9875  -1.2195e-02      0.176 
 175    4    5  1    +0.5258    +0.5179    +0.5301  -1.2156e-02      0.175 
 198   12   17  1    +0.0019    -0.0027    +0.0038  -6.4506e-03      0.174 
  51    0   51  6    +1.0416    +1.0551    +1.0427  +1.2448e-02      0.174 
 110    0   53  2    -0.2540    -0.2451    -0.2534  +8.3461e-03      0.174 
  62    0    5  2    -0.1650    -0.1652    -0.1716  +6.3330e-03      0.173 
 460   37   36  4    +0.1347    +0.1394    +0.1321  +7.3484e-03      0.168 
  15    0   15  6    +0.9888    +0.9780    +0.9897  -1.1722e-02      0.168 
 201   19   20  1    +0.0329    +0.0272    +0.0337  -6.5506e-03      0.164 
 435   13   11  4    -0.0326    -0.0268    -0.0333  +6.4733e-03      0.164 
 362   20   21  1    +0.0035    +0.0008    +0.0069  -6.1383e-03      0.162 
 219   35   36  1    -0.1783    -0.1864    -0.1789  -7.5504e-03      0.162 
 391   47   46  1    -0.6117    -0.5956    -0.6071  +1.1495e-02      0.162 
  27    0   27  6    +0.9604    +0.9721    +0.9611  +1.1006e-02      0.161 
 354   12   10  1    +0.5140    +0.5020    +0.5127  -1.0761e-02      0.159 
 382   39   37  1    -0.0485    -0.0545    -0.0484  -6.1638e-03      0.159 
 331    9   55  4    +0.1254    +0.1188    +0.1257  -6.8857e-03      0.159 
   8    0    8  6    +1.0050    +0.9946    +1.0056  -1.1045e-02      0.157 
  61    0    4  2    -0.0000    -0.0027    -0.0052  +2.4647e-03      0.156 
  49    0   49  6    +1.0194    +1.0308    +1.0198  +1.1042e-02      0.156 
 356   13   12  1    -0.5887    -0.6032    -0.5926  -1.0582e-02      0.155 
 187    1   16  1    +0.3585    +0.3681    +0.3585  +9.5581e-03      0.155 
 102    0   45  2    +0.0000    -0.0043    -0.0006  -3.6812e-03      0.154 
 343   13    9  1    +0.1689    +0.1748    +0.1669  +7.8768e-03      0.152 
  88    0   31  2    -0.0740    -0.0691    -0.0746  +5.5894e-03      0.150 
 330   38   48  4    -0.2052    -0.1990    -0.2066  +7.5315e-03      0.150 
 420   10    9  4    -0.0338    -0.0383    -0.0321  -6.1811e-03      0.149 
 232   47   48  1    +0.2347    +0.2435    +0.2361  +7.3739e-03      0.148 
 144    0   30  5    -0.0230    -0.0285    -0.0236  -4.8679e-03      0.148 
  71    0   14  2    -0.1330    -0.1343    -0.1390  +4.6962e-03      0.148 
 165    0   51  5    -0.0670    -0.0613    -0.0664  +5.1139e-03      0.146 
  14    0   14  6    +0.9644    +0.9552    +0.9652  -1.0017e-02      0.145 
 459   36   35  4    +0.0926    +0.0862    +0.0922  -5.9762e-03      0.145 
 266    1   15  4    +0.4531    +0.4667    +0.4574  +9.3472e-03      0.144 
 216   32   33  1    +0.0481    +0.0427    +0.0483  -5.5520e-03      0.144 
 309   15   45  4    +0.0545    +0.0496    +0.0555  -5.8675e-03      0.144 
 425   15   13  4    +0.0014    -0.0023    +0.0034  -5.6508e-03      0.143 
 116    0    2  5    -1.1191    -1.0966    -1.1076  +1.1054e-02      0.141 
 426   15    1  4    -0.5179    -0.5316    -0.5220  -9.6944e-03      0.141 
 117    0    3  5    -0.3670    -0.3586    -0.3655  +6.8301e-03      0.141 
 191    4   18  1    +0.2374    +0.2296    +0.2220  +7.6240e-03      0.141 
 392   48   47  1    -0.2334    -0.2278    -0.2348  +6.9154e-03      0.139 
 236   10   51  1    +0.3933    +0.3847    +0.3929  -8.1788e-03      0.139 
 211   28   29  1    -0.2414    -0.2339    -0.2409  +6.9637e-03      0.138 
 491   55    9  4    -0.1148    -0.1206    -0.1146  -5.9281e-03      0.138 
 423   13    9  4    -0.1097    -0.1153    -0.1086  -6.6726e-03      0.138 
 197   12   16  1    +0.1938    +0.2016    +0.1953  +6.3196e-03      0.137 
  50    0   50  6    +1.0032    +0.9938    +1.0033  -9.5443e-03      0.136 
 440   19   18  4    -0.0166    -0.0212    -0.0158  -5.3383e-03      0.135 
  38    0   38  6    +0.9907    +0.9822    +0.9916  -9.3779e-03      0.135 
 403   45   44  1    +0.4913    +0.4789    +0.4879  -9.0103e-03      0.134 
 292    7   29  4    +0.2510    +0.2432    +0.2501  -6.8520e-03      0.134 
 142    0   28  5    -0.0290    -0.0330    -0.0288  -4.2512e-03      0.133 
 322   11   43  4    +0.0789    +0.0846    +0.0791  +5.4591e-03      0.131 
 195   11   13  1    -0.3223    -0.3121    -0.3196  +7.4391e-03      0.129 
 156    0   42  5    -0.0560    -0.0609    -0.0563  -4.5887e-03      0.129 
 256    4    6  4    -0.0863    -0.0891    -0.0832  -5.8913e-03      0.128 
 244   40   56  1    +0.0434    +0.0486    +0.0430  +5.6042e-03      0.128 
 385   41   11  1    -0.1179    -0.1115    -0.1177  +6.2156e-03      0.127 
 489   49   38  4    +0.1103    +0.1034    +0.1095  -6.1191e-03      0.127 
  67    0   10  2    -0.1260    -0.1209    -0.1249  +3.9700e-03      0.127 
 305   11   41  4    +0.0564    +0.0621    +0.0565  +5.6020e-03      0.126 
  33    0   33  6    +0.8890    +0.8832    +0.8911  -7.9344e-03      0.125 
  40    0   40  6    +0.9388    +0.9478    +0.9393  +8.4765e-03      0.125 
 139    0   25  5    -0.0410    -0.0400    -0.0358  -4.2095e-03      0.125 
 371   29   28  1    +0.2445    +0.2502    +0.2440  +6.2485e-03      0.125 
 301   37   38  4    -0.1677    -0.1757    -0.1700  -5.6714e-03      0.124 
   4    0    4  6    +0.9937    +1.0037    +0.9951  +8.6565e-03      0.124 
 373   30   25  1    -0.0886    -0.0870    -0.0922  +5.1801e-03      0.124 
 451   29   28  4    +0.1185    +0.1250    +0.1196  +5.3438e-03      0.123 
  36    0   36  6    +0.9422    +0.9510    +0.9427  +8.3395e-03      0.123 
 123    0    9  5    -0.1570    -0.1649    -0.1612  -3.7031e-03      0.123 
  22    0   22  6    +0.9862    +0.9787    +0.9872  -8.5018e-03      0.122 
 263    9   13  4    +0.0770    +0.0814    +0.0757  +5.6398e-03      0.122 
 339    9    8  1    -0.4842    -0.4963    -0.4890  -7.2485e-03      0.121 
 379   36   35  1    +0.1802    +0.1753    +0.1809  -5.6001e-03      0.120 
 192    5    6  1    +0.3426    +0.3332    +0.3400  -6.8094e-03      0.120 
 475   51   50  4    +0.0799    +0.0758    +0.0811  -5.3176e-03      0.120 
  43    0   43  6    +0.9998    +1.0090    +1.0007  +8.3619e-03      0.119 
 359   15   14  1    +0.8100    +0.8203    +0.8107  +9.5787e-03      0.119 
 182    9   12  1    -0.2092    -0.2154    -0.2088  -6.5269e-03      0.118 
 271    4   18  4    +0.0406    +0.0347    +0.0396  -4.9517e-03      0.118 
  63    0    6  2    -0.9530    -0.9433    -0.9516  +8.3304e-03      0.117 
 230   14   46  1    +0.6218    +0.6114    +0.6197  -8.3154e-03      0.116 
 317   13   49  4    +0.4103    +0.4210    +0.4135  +7.5140e-03      0.116 
 396   51   10  1    -0.3933    -0.3997    -0.3929  -6.8212e-03      0.116 
 485   41   56  4    +0.0037    +0.0080    +0.0033  +4.6720e-03      0.115 
 465   41   11  4    -0.0439    -0.0391    -0.0441  +5.0459e-03      0.115 
  18    0   18  6    +1.0039    +1.0131    +1.0051  +8.0188e-03      0.115 
 478   52   29  4    -0.0613    -0.0661    -0.0614  -4.6811e-03      0.114 
 100    0   43  2    -0.0250    -0.0195    -0.0230  +3.4875e-03      0.113 
 340   10    9  1    -0.0135    -0.0175    -0.0131  -4.3967e-03      0.113 
 318   29   52  4    +0.0689    +0.0739    +0.0693  +4.6472e-03      0.113 
 454   31   30  4    -0.0315    -0.0362    -0.0317  -4.4475e-03      0.112 
 418    8    6  4    +0.1006    +0.1046    +0.0993  +5.3048e-03      0.112 
 214   30   31  1    +0.0426    +0.0477    +0.0433  +4.4109e-03      0.112 
 306   41   42  4    +0.0520    +0.0469    +0.0516  -4.6468e-03      0.112 
  70    0   13  2    -0.2290    -0.2298    -0.2333  +3.4448e-03      0.111 
 372   29    7  1    -0.6492    -0.6432    -0.6509  +7.7695e-03      0.111 
 152    0   38  5    -0.0890    -0.0927    -0.0895  -3.2256e-03      0.111 
 129    0   15  5    -0.0630    -0.0645    -0.0673  +2.7625e-03      0.110 
 255    4    5  4    -0.1231    -0.1163    -0.1215  +5.2788e-03      0.110 
 393   49   48  1    +0.0175    +0.0179    +0.0135  +4.3813e-03      0.110 
 269    3   15  4    -0.0975    -0.0969    -0.0923  -4.6694e-03      0.110 
  44    0   44  6    +0.9990    +0.9924    +1.0001  -7.6750e-03      0.110 
 370   28   27  1    +0.1834    +0.1762    +0.1815  -5.2207e-03      0.109 
  16    0   16  6    +1.0145    +1.0075    +1.0152  -7.6758e-03      0.109 
 368   26   24  1    +0.0610    +0.0663    +0.0619  +4.3331e-03      0.108 
 437   16   12  4    +0.0265    +0.0225    +0.0266  -4.1055e-03      0.108 
 126    0   12  5    +0.6328    +0.6233    +0.6294  -6.1009e-03      0.108 
 428   17    1  4    -0.0936    -0.1005    -0.0959  -4.6342e-03      0.107 
   6    0    6  6    +0.9800    +0.9883    +0.9808  +7.4396e-03      0.107 
 463   40   36  4    -0.0391    -0.0446    -0.0405  -4.0815e-03      0.107 
 220   36   37  1    -0.2238    -0.2186    -0.2238  +5.2201e-03      0.106 
 323   44   45  4    -0.0066    -0.0027    -0.0067  +4.0797e-03      0.106 
   5    0    5  6    +0.9783    +0.9719    +0.9792  -7.3696e-03      0.106 
 355   13   11  1    +0.3248    +0.3281    +0.3220  +6.1146e-03      0.106 
  10    0   10  6    +0.9784    +0.9720    +0.9794  -7.3524e-03      0.106 
 464   38   22  4    +0.0283    +0.0316    +0.0278  +3.8078e-03      0.106 
 326   56   42  4    +0.0099    +0.0145    +0.0104  +4.0607e-03      0.105 
 479   53   52  4    -0.0316    -0.0352    -0.0312  -4.0172e-03      0.105 
  29    0   29  6    +0.9974    +1.0053    +0.9980  +7.2809e-03      0.104 
 366   25   24  1    -0.0869    -0.0910    -0.0861  -4.8004e-03      0.104 
 147    0   33  5    -0.0240    -0.0247    -0.0208  -3.8253e-03      0.103 
 193    7    8  1    -0.4929    -0.5047    -0.4980  -6.6390e-03      0.102 
 103    0   46  2    +0.0000    -0.0003    -0.0027  +2.3780e-03      0.102 
 131    0   17  5    -0.1020    -0.0988    -0.1025  +3.7336e-03      0.102 
 300   36   37  4    -0.1319    -0.1249    -0.1294  +4.4402e-03      0.102 
 218   34   35  1    -0.1014    -0.1061    -0.1018  -4.3183e-03      0.102 
 422   12    9  4    +0.0360    +0.0320    +0.0365  -4.4267e-03      0.101 
  20    0   20  6    +0.9412    +0.9352    +0.9419  -6.7129e-03      0.101 
 468   44   38  4    -0.0164    -0.0181    -0.0144  -3.7062e-03      0.100 
   3    0    3  6    +1.0088    +1.0030    +1.0100  -7.0042e-03      0.099 
 208   24   26  1    -0.0610    -0.0580    -0.0619  +3.9769e-03      0.099 
 237   13   49  1    +0.4366    +0.4433    +0.4368  +6.4632e-03      0.098 
 402   43   11  1    -0.1741    -0.1675    -0.1722  +4.7054e-03      0.098 
 346   15    1  1    -0.4194    -0.4284    -0.4222  -6.1414e-03      0.097 
 365   24   23  1    -0.1094    -0.1148    -0.1104  -4.4055e-03      0.097 
 467   43   41  4    +0.0604    +0.0647    +0.0606  +4.1543e-03      0.097 
 401   55   54  1    +0.1978    +0.2033    +0.1984  +4.9208e-03      0.097 
 299   35   36  4    -0.0915    -0.0951    -0.0911  -3.9905e-03      0.097 
 348   17    1  1    -0.5311    -0.5398    -0.5333  -6.4375e-03      0.097 
 253    2    3  4    +0.1469    +0.1462    +0.1506  -4.4148e-03      0.096 
 162    0   48  5    +0.0000    +0.0019    -0.0006  +2.4632e-03      0.096 
  78    0   21  2    -0.0000    +0.0052    +0.0021  +3.0713e-03      0.096 
 247   39   57  1    +0.0485    +0.0440    +0.0482  -4.2027e-03      0.095 
 361   20   19  1    -0.0325    -0.0295    -0.0333  +3.8115e-03      0.095 
 240   53   54  1    -0.1344    -0.1395    -0.1350  -4.5003e-03      0.095 
 471   47   46  4    -0.2824    -0.2877    -0.2824  -5.2407e-03      0.095 
 275   11   13  4    +0.0231    +0.0272    +0.0236  +3.6224e-03      0.094 
 274   10   12  4    -0.1746    -0.1783    -0.1736  -4.6946e-03      0.094 
 199   14   15  1    -0.7978    -0.8060    -0.7985  -7.4324e-03      0.092 
 417    7    6  4    +0.0106    +0.0052    +0.0088  -3.5299e-03      0.092 
 290   27   28  4    -0.0811    -0.0864    -0.0825  -3.8896e-03      0.092 
 472   48   47  4    -0.1337    -0.1413    -0.1372  -4.0797e-03      0.092 
 128    0   14  5    -0.0670    -0.0632    -0.0658  +2.6139e-03      0.092 
 108    0   51  2    -0.2290    -0.2195    -0.2234  +3.9003e-03      0.090 
  12    0   12  6    +1.0150    +1.0221    +1.0158  +6.3649e-03      0.090 
 414    4    3  4    +0.1216    +0.1230    +0.1192  +3.8448e-03      0.090 
 415    5    4  4    +0.1366    +0.1311    +0.1354  -4.3538e-03      0.089 
  64    0    7  2    +0.0000    -0.0038    -0.0056  +1.8672e-03      0.089 
 369   27   26  1    +0.0628    +0.0599    +0.0637  -3.7660e-03      0.089 
 400   54   53  1    +0.1385    +0.1434    +0.1392  +4.1923e-03      0.089 
  65    0    8  2    +1.0950    +1.1127    +1.1059  +6.7820e-03      0.088 
 329   38   49  4    -0.1100    -0.1136    -0.1094  -4.2295e-03      0.088 
 474   50   49  4    -0.0599    -0.0632    -0.0597  -3.5691e-03      0.087 
 336    6    4  1    -0.6634    -0.6723    -0.6657  -6.6157e-03      0.087 
 486   42   56  4    -0.0097    -0.0069    -0.0102  +3.3645e-03      0.087 
 146    0   32  5    -0.0100    -0.0149    -0.0123  -2.6171e-03      0.086 
 327   39   57  4    +0.0329    +0.0290    +0.0326  -3.6601e-03      0.085 
 455   32   31  4    +0.0066    +0.0089    +0.0056  +3.2746e-03      0.085 
 143    0   29  5    -0.0330    -0.0329    -0.0305  -2.4315e-03      0.085 
 482   43   11  4    -0.0734    -0.0703    -0.0738  +3.5070e-03      0.084 
 278   12   17  4    -0.0408    -0.0390    -0.0425  +3.5336e-03      0.084 
 452   29    7  4    -0.2204    -0.2236    -0.2194  -4.1826e-03      0.084 
 209   26   27  1    -0.0610    -0.0585    -0.0620  +3.4977e-03      0.083 
 228   38   44  1    -0.3220    -0.3294    -0.3248  -4.5780e-03      0.083 
  59    0    2  2    -0.0380    -0.0430    -0.0408  -2.1652e-03      0.083 
 264   13   14  4    +0.2285    +0.2309    +0.2266  +4.3442e-03      0.082 
 376   33   32  1    -0.0480    -0.0513    -0.0481  -3.1637e-03      0.082 
 174    3    4  1    +1.6631    +1.6553    +1.6468  +8.5012e-03      0.082 
 448   26   24  4    +0.0725    +0.0661    +0.0695  -3.3558e-03      0.082 
 133    0   19  5    -0.0080    -0.0059    -0.0085  +2.6108e-03      0.081 
 276   12   13  4    +0.5041    +0.5089    +0.5035  +5.3242e-03      0.081 
 267    1   16  4    +0.0321    +0.0313    +0.0347  -3.3775e-03      0.081 
 408   56   57  1    +0.0368    +0.0350    +0.0381  -3.0998e-03      0.081 
 203   21   22  1    +0.0035    +0.0062    +0.0091  -2.8270e-03      0.080 
 344   14   13  1    +0.0430    +0.0430    +0.0398  +3.1541e-03      0.080 
  93    0   36  2    -0.0000    -0.0008    +0.0013  -2.0545e-03      0.080 
 280   18   19  4    +0.0210    +0.0174    +0.0206  -3.1732e-03      0.080 
 221   37   38  1    -0.2746    -0.2737    -0.2778  +4.0642e-03      0.079 
 261    9   11  4    +0.1396    +0.1332    +0.1369  -3.7528e-03      0.079 
  96    0   39  2    +0.0000    +0.0024    -0.0002  +2.5735e-03      0.078 
  11    0   11  6    +0.9689    +0.9751    +0.9698  +5.3647e-03      0.078 
 229   15   45  1    +0.4913    +0.4834    +0.4885  -5.1191e-03      0.078 
 303   36   40  4    +0.0393    +0.0377    +0.0407  -2.9477e-03      0.077 
 416    6    4  4    +0.1233    +0.1166    +0.1202  -3.6966e-03      0.076 
 466   42   41  4    -0.0463    -0.0429    -0.0461  +3.1669e-03      0.076 
 431   18    4  4    -0.0164    -0.0215    -0.0185  -3.0553e-03      0.076 
 363   22   21  1    -0.0035    -0.0064    -0.0091  +2.6701e-03      0.076 
  53    0   53  6    +0.9445    +0.9397    +0.9448  -5.1093e-03      0.076 
 207   24   25  1    +0.0835    +0.0896    +0.0861  +3.4604e-03      0.075 
 283   21   22  4    -0.0050    -0.0004    -0.0031  +2.6792e-03      0.075 
 251    9   55  1    +0.2838    +0.2859    +0.2898  -3.9287e-03      0.075 
 352    6    5  1    -0.3378    -0.3311    -0.3354  +4.2525e-03      0.075 
 185   13   15  1    -0.5285    -0.5325    -0.5273  -5.2166e-03      0.074 
 101    0   44  2    -0.1520    -0.1487    -0.1460  -2.7477e-03      0.074 
 213   25   30  1    +0.0904    +0.0972    +0.0942  +3.0392e-03      0.073 
 458   35   34  4    +0.0535    +0.0591    +0.0562  +2.8392e-03      0.072 
 380   37   36  1    +0.2260    +0.2295    +0.2260  +3.4998e-03      0.071 
 151    0   37  5    +0.0000    -0.0043    -0.0025  -1.8483e-03      0.071 
 445   24   23  4    +0.0006    +0.0045    +0.0019  +2.6454e-03      0.071 
 238   29   52  1    +0.1888    +0.1955    +0.1920  +3.4089e-03      0.071 
 200   18   19  1    +0.0779    +0.0840    +0.0809  +3.0867e-03      0.071 
 106    0   49  2    -0.2290    -0.2360    -0.2333  -2.7263e-03      0.070 
 118    0    4  5    +0.0000    -0.0011    +0.0006  -1.7002e-03      0.070 
 107    0   50  2    -0.2670    -0.2717    -0.2751  +3.3428e-03      0.070 
  57    0   57  6    +0.9277    +0.9238    +0.9284  -4.6263e-03      0.070 
 345   15   13  1    +0.5364    +0.5302    +0.5352  -4.9556e-03      0.070 
 461   38   37  4    +0.1773    +0.1767    +0.1799  -3.1843e-03      0.070 
 406   42   56  1    +0.0198    +0.0180    +0.0207  -2.7145e-03      0.070 
 122    0    8  5    +0.7234    +0.7154    +0.7199  -4.4456e-03      0.069 
  23    0   23  6    +0.9840    +0.9896    +0.9849  +4.7719e-03      0.069 
 360   19   18  1    -0.0749    -0.0807    -0.0777  -3.0043e-03      0.068 
   1    0    1  6    +1.0400    +1.0364    +1.0413  -4.8901e-03      0.068 
 484   56   40  4    -0.0349    -0.0313    -0.0342  +2.9414e-03      0.068 
 285   23   24  4    -0.0053    -0.0091    -0.0065  -2.5614e-03      0.068 
 149    0   35  5    -0.0380    -0.0371    -0.0349  -2.2613e-03      0.068 
 315   50   51  4    -0.0731    -0.0710    -0.0740  +2.9924e-03      0.068 
 173    2    3  1    -0.4637    -0.4598    -0.4641  +4.3349e-03      0.068 
  19    0   19  6    +0.9548    +0.9596    +0.9551  +4.4971e-03      0.067 
 321   54   55  4    -0.0623    -0.0584    -0.0612  +2.8234e-03      0.067 
 159    0   45  5    +0.0000    +0.0004    -0.0016  +2.0040e-03      0.066 
 257    6    7  4    -0.0344    -0.0352    -0.0326  -2.6699e-03      0.066 
 167    0   53  5    -0.1270    -0.1258    -0.1285  +2.7258e-03      0.066 
  69    0   12  2    +1.5220    +1.5334    +1.5277  +5.7247e-03      0.066 
 314   49   50  4    +0.0618    +0.0590    +0.0617  -2.6947e-03      0.066 
  77    0   20  2    -0.0290    -0.0286    -0.0264  -2.2168e-03      0.065 
 341   11    9  1    +0.0303    +0.0316    +0.0291  +2.5006e-03      0.064 
 394   50   49  1    -0.1069    -0.1129    -0.1101  -2.7842e-03      0.064 
 334    4    3  1    -1.6326    -1.6236    -1.6170  -6.6136e-03      0.064 
 277   12   16  4    -0.0457    -0.0483    -0.0458  -2.5282e-03      0.064 
 169    0   55  5    -0.0430    -0.0461    -0.0440  -2.1019e-03      0.064 
 177    6    7  1    +0.1569    +0.1561    +0.1591  -3.0095e-03      0.063 
 288   24   26  4    -0.0720    -0.0664    -0.0690  +2.5927e-03      0.063 
 410   48   38  1    +0.2504    +0.2456    +0.2488  -3.2684e-03      0.063 
 399   53   52  1    -0.1196    -0.1157    -0.1185  +2.7664e-03      0.063 
 215   31   32  1    -0.0326    -0.0351    -0.0326  -2.5164e-03      0.063 
 125    0   11  5    +0.0000    +0.0019    +0.0035  -1.5616e-03      0.062 
 124    0   10  5    -0.0500    -0.0448    -0.0466  +1.7993e-03      0.062 
 286   24   25  4    +0.0364    +0.0305    +0.0331  -2.6306e-03      0.062 
 235   50   51  1    -0.1601    -0.1620    -0.1650  +3.0369e-03      0.061 
 302   37   39  4    +0.0330    +0.0378    +0.0355  +2.2848e-03      0.061 
 342   12    9  1    +0.2124    +0.2154    +0.2120  +3.3479e-03      0.061 
 332    2    1  1    +0.4257    +0.4197    +0.4233  -3.6300e-03      0.060 
 287   24   25  4    +0.0349    +0.0305    +0.0331  -2.5606e-03      0.060 
 254    3    4  4    -0.0601    -0.0623    -0.0600  -2.2767e-03      0.060 
  45    0   45  6    +1.0311    +1.0362    +1.0319  +4.2643e-03      0.060 
 477   49   13  4    -0.3524    -0.3515    -0.3552  +3.6884e-03      0.059 
 469   45   15  4    -0.0308    -0.0344    -0.0321  -2.3046e-03      0.059 
 233   48   49  1    -0.0170    -0.0154    -0.0131  -2.3567e-03      0.059 
 111    0   54  2    -0.0520    -0.0539    -0.0520  -1.9027e-03      0.059 
  25    0   25  6    +0.9275    +0.9275    +0.9313  -3.8305e-03      0.058 
 115    0    1  5    +1.7534    +1.7485    +1.7539  -5.4554e-03      0.058 
 307   41   43  4    -0.0497    -0.0474    -0.0499  +2.4482e-03      0.058 
 249   38   49  1    -0.0799    -0.0793    -0.0766  -2.6479e-03      0.058 
 246   56   42  1    -0.0197    -0.0228    -0.0205  -2.2345e-03      0.057 
 378   35   34  1    +0.1023    +0.1002    +0.1026  -2.4056e-03      0.057 
 180    9   10  1    +0.0135    +0.0153    +0.0131  +2.2055e-03      0.057 
 338    8    6  1    +0.1097    +0.1079    +0.1106  -2.6304e-03      0.056 
 375   32   31  1    +0.0333    +0.0355    +0.0333  +2.2328e-03      0.056 
 312   47   48  4    +0.1354    +0.1414    +0.1389  +2.4790e-03      0.056 
  30    0   30  6    +0.9016    +0.9083    +0.9047  +3.5227e-03      0.055 
  42    0   42  6    +0.9346    +0.9397    +0.9360  +3.6528e-03      0.055 
 268    1   17  4    +0.0934    +0.0981    +0.0958  +2.3511e-03      0.055 
 349   15    3  1    -1.6973    -1.7077    -1.7018  -5.8672e-03      0.055 
  84    0   27  2    -0.1180    -0.1131    -0.1152  +2.0991e-03      0.054 
 260    9   10  4    -0.0084    -0.0123    -0.0102  -2.1057e-03      0.054 
 140    0   26  5    +0.0000    -0.0034    -0.0018  -1.6548e-03      0.053 
 189    3   15  1    +1.7459    +1.7563    +1.7506  +5.7372e-03      0.053 
  95    0   38  2    -0.1780    -0.1751    -0.1768  +1.6950e-03      0.053 
 449   27   26  4    +0.0751    +0.0716    +0.0739  -2.2952e-03      0.052 
 231   46   47  1    +0.6218    +0.6133    +0.6170  -3.7174e-03      0.052 
 480   54   53  4    +0.0443    +0.0442    +0.0463  -2.1365e-03      0.052 
 439   15   14  4    +0.1967    +0.2011    +0.1985  +2.6606e-03      0.052 
 184   13   14  1    -0.0422    -0.0371    -0.0391  +1.9984e-03      0.051 
 411   55    9  1    -0.2838    -0.2925    -0.2898  -2.6613e-03      0.051 
 222   37   39  1    +0.0486    +0.0465    +0.0485  -1.9708e-03      0.051 
 483   45   44  4    +0.0308    +0.0284    +0.0305  -2.0514e-03      0.051 
 210   27   28  1    -0.1808    -0.1764    -0.1789  +2.4251e-03      0.050 
 296   32   33  4    +0.0241    +0.0191    +0.0210  -1.8393e-03      0.050 
 419    9    8  4    -0.3922    -0.3875    -0.3904  +2.8927e-03      0.050 
 104    0   47  2    -0.3770    -0.3735    -0.3710  -2.5514e-03      0.049 
 225   11   41  1    +0.1179    +0.1201    +0.1177  +2.3944e-03      0.049 
 181    9   11  1    -0.0297    -0.0304    -0.0285  -1.9043e-03      0.049 
 224   22   38  1    -0.1884    -0.1820    -0.1843  +2.2576e-03      0.049 
 487   57   39  4    -0.0279    -0.0298    -0.0277  -2.0916e-03      0.049 
  60    0    3  2    +3.8800    +3.8619    +3.8689  -7.0088e-03      0.048 
 294   30   31  4    +0.0333    +0.0316    +0.0335  -1.8918e-03      0.048 
 389   45   15  1    -0.4913    -0.4853    -0.4885  +3.1691e-03      0.048 
  79    0   22  2    -0.0000    +0.0042    +0.0054  -1.2091e-03      0.047 
 279   14   15  4    -0.1718    -0.1759    -0.1735  -2.3478e-03      0.047 
 262    9   12  4    -0.0984    -0.1012    -0.0990  -2.2113e-03      0.046 
 387   43   41  1    +0.1491    +0.1471    +0.1493  -2.1879e-03      0.045 
 427   16    1  4    -0.0645    -0.0692    -0.0672  -1.9842e-03      0.045 
  17    0   17  6    +1.0178    +1.0219    +1.0188  +3.1321e-03      0.044 
  41    0   41  6    +0.9768    +0.9807    +0.9777  +3.0391e-03      0.044 
 166    0   52  5    -0.0280    -0.0272    -0.0286  +1.4221e-03      0.044 
  32    0   32  6    +0.8921    +0.8968    +0.8941  +2.7467e-03      0.043 
 441   20   19  4    -0.0081    -0.0084    -0.0067  -1.6550e-03      0.043 
 272    5    6  4    -0.1876    -0.1824    -0.1846  +2.1600e-03      0.043 
 194   10   12  1    -0.5059    -0.5076    -0.5047  -2.8945e-03      0.043 
 364   23   22  1    -0.1915    -0.2003    -0.1983  -2.0400e-03      0.043 
  92    0   35  2    -0.0760    -0.0778    -0.0763  -1.5060e-03      0.043 
 188    1   17  1    +0.5377    +0.5372    +0.5400  -2.8355e-03      0.043 
  82    0   25  2    -0.0800    -0.0802    -0.0816  +1.4469e-03      0.042 
 112    0   55  2    -0.0860    -0.0900    -0.0914  +1.4094e-03      0.042 
  35    0   35  6    +0.9286    +0.9319    +0.9292  +2.7627e-03      0.041 
 386   42   41  1    -0.1098    -0.1059    -0.1078  +1.8680e-03      0.041 
 270    4   18  4    +0.0472    +0.0413    +0.0396  +1.7283e-03      0.041 
 304   22   38  4    -0.0272    -0.0253    -0.0268  +1.4328e-03      0.040 
  89    0   32  2    -0.0200    -0.0222    -0.0233  +1.1751e-03      0.040 
  54    0   54  6    +0.9812    +0.9848    +0.9821  +2.7483e-03      0.040 
 248   57   56  1    -0.0365    -0.0394    -0.0379  -1.5196e-03      0.039 
 476   51   10  4    -0.1469    -0.1493    -0.1475  -1.7985e-03      0.039 
  56    0   56  6    +0.9338    +0.9326    +0.9352  -2.5916e-03      0.039 
 316   10   51  4    +0.1584    +0.1608    +0.1591  +1.7950e-03      0.038 
 353    8    7  1    +0.4973    +0.5000    +0.5025  -2.4990e-03      0.038 
 319   52   53  4    +0.0333    +0.0314    +0.0328  -1.4668e-03      0.038 
 436   13   12  4    -0.5275    -0.5294    -0.5268  -2.5454e-03      0.038 
 404   56   40  1    -0.0434    -0.0414    -0.0430  +1.6458e-03      0.038 
 234   49   50  1    +0.1081    +0.1130    +0.1113  +1.6265e-03      0.038 
 170    0   56  5    -0.0280    -0.0258    -0.0247  -1.0932e-03      0.037 
 457   32   34  4    -0.0407    -0.0373    -0.0389  +1.5276e-03      0.037 
 284   22   23  4    +0.0222    +0.0250    +0.0237  +1.3412e-03      0.037 
 245   56   41  1    -0.0707    -0.0717    -0.0700  -1.6666e-03      0.037 
  83    0   26  2    +0.0000    -0.0011    -0.0000  -1.1092e-03      0.036 
  94    0   37  2    +0.0000    -0.0043    -0.0034  -8.8681e-04      0.036 
  31    0   31  6    +0.8679    +0.8730    +0.8708  +2.1969e-03      0.035 
 381   38   37  1    +0.2820    +0.2871    +0.2853  +1.7504e-03      0.034 
 424   14   13  4    -0.2362    -0.2326    -0.2344  +1.8044e-03      0.034 
 273    7    8  4    -0.2616    -0.2627    -0.2609  -1.8180e-03      0.034 
 119    0    5  5    -0.0510    -0.0481    -0.0492  +1.0862e-03      0.033 
 295   31   32  4    -0.0055    -0.0058    -0.0045  -1.2823e-03      0.033 
  13    0   13  6    +0.9742    +0.9727    +0.9750  -2.2453e-03      0.032 
 438   17   12  4    -0.0084    -0.0054    -0.0067  +1.2678e-03      0.032 
 374   31   30  1    -0.0414    -0.0433    -0.0421  -1.2542e-03      0.032 
  97    0   40  2    +0.0000    -0.0021    -0.0010  -1.0331e-03      0.031 
 145    0   31  5    -0.0370    -0.0373    -0.0363  -1.0698e-03      0.031 
 113    0   56  2    -0.0970    -0.0944    -0.0955  +1.0349e-03      0.031 
 442   20   21  4    -0.0049    -0.0071    -0.0060  -1.1707e-03      0.030 
 134    0   20  5    -0.0130    -0.0117    -0.0127  +1.0042e-03      0.030 
 105    0   48  2    -0.0000    +0.0003    +0.0010  -7.1964e-04      0.030 
  34    0   34  6    +0.9183    +0.9206    +0.9186  +1.9455e-03      0.029 
 178    6    8  1    -0.1087    -0.1083    -0.1096  +1.3531e-03      0.029 
 383   40   36  1    -0.0434    -0.0452    -0.0441  -1.1073e-03      0.029 
 395   51   50  1    +0.1643    +0.1709    +0.1695  +1.4115e-03      0.029 
 367   25   24  1    -0.0835    -0.0874    -0.0861  -1.3004e-03      0.028 
 293   25   30  4    +0.0590    +0.0589    +0.0600  -1.1177e-03      0.028 
 473   49   48  4    +0.0723    +0.0696    +0.0708  -1.2099e-03      0.027 
 388   44   38  1    +0.3251    +0.3294    +0.3279  +1.4853e-03      0.027 
 217   34   32  1    +0.1014    +0.1061    +0.1049  +1.1956e-03      0.027 
 258    6    8  4    -0.1422    -0.1396    -0.1410  +1.3361e-03      0.027 
 183    9   13  1    -0.1671    -0.1637    -0.1651  +1.3404e-03      0.026 
 157    0   43  5    -0.0130    -0.0140    -0.0132  -8.0872e-04      0.026 
 470   46   14  4    -0.3088    -0.3116    -0.3101  -1.4608e-03      0.026 
 320   53   54  4    -0.0392    -0.0401    -0.0411  +1.0427e-03      0.025 
  90    0   33  2    -0.0480    -0.0491    -0.0481  -9.7367e-04      0.025 
 114    0   57  2    -0.0850    -0.0870    -0.0860  -9.5694e-04      0.025 
 308   38   44  4    +0.0207    +0.0197    +0.0188  +9.1888e-04      0.025 
 289   26   27  4    -0.0725    -0.0702    -0.0712  +1.0810e-03      0.025 
  80    0   23  2    -0.0800    -0.0866    -0.0857  -8.8487e-04      0.025 
 265   13   15  4    +0.0020    -0.0011    -0.0001  -9.5374e-04      0.024 
 443   22   21  4    +0.0050    +0.0040    +0.0031  +8.4983e-04      0.024 
 239   52   53  1    +0.1209    +0.1187    +0.1197  -1.0372e-03      0.024 
  87    0   30  2    -0.0460    -0.0497    -0.0490  -7.7899e-04      0.023 
 310   14   46  4    +0.3410    +0.3408    +0.3422  -1.3328e-03      0.023 
  28    0   28  6    +0.9802    +0.9824    +0.9808  +1.5487e-03      0.022 
 421   11    9  4    -0.1583    -0.1546    -0.1557  +1.0849e-03      0.022 
 206   24   25  1    +0.0869    +0.0872    +0.0861  +1.0104e-03      0.022 
 130    0   16  5    -0.0380    -0.0413    -0.0406  -7.0973e-04      0.021 
  98    0   41  2    -0.0800    -0.0822    -0.0828  +6.4766e-04      0.021 
 297   34   32  4    +0.0550    +0.0529    +0.0538  -8.8547e-04      0.021 
 357   16   12  1    -0.1931    -0.1955    -0.1946  -9.6553e-04      0.021 
 226   41   42  1    +0.1132    +0.1120    +0.1110  +9.4585e-04      0.021 
 259    8    9  4    +0.3575    +0.3546    +0.3557  -1.1472e-03      0.021 
  81    0   24  2    +0.0000    +0.0029    +0.0035  -5.3628e-04      0.020 
 161    0   47  5    -0.1470    -0.1444    -0.1436  -8.1166e-04      0.020 
 141    0   27  5    -0.0060    -0.0092    -0.0086  -6.3486e-04      0.020 
 446   25   24  4    -0.0251    -0.0227    -0.0219  -8.5365e-04      0.020 
  72    0   15  2    -0.2790    -0.2890    -0.2896  +5.7546e-04      0.020 
 227   41   43  1    -0.1491    -0.1483    -0.1493  +9.5793e-04      0.020 
 171    0   57  5    -0.0250    -0.0273    -0.0267  -6.6684e-04      0.019 
 137    0   23  5    -0.0270    -0.0290    -0.0296  +6.5277e-04      0.019 
 154    0   40  5    -0.0000    -0.0015    -0.0022  +6.2846e-04      0.019 
 335    5    4  1    -0.5075    -0.5103    -0.5116  +1.2824e-03      0.019 
 407   57   39  1    -0.0485    -0.0474    -0.0482  +8.1270e-04      0.018 
 324   40   56  4    +0.0391    +0.0391    +0.0383  +7.9994e-04      0.018 
 333    3    2  1    +0.4710    +0.4726    +0.4715  +1.1528e-03      0.018 
  76    0   19  2    -0.0420    -0.0434    -0.0440  +6.0515e-04      0.018 
 444   23   22  4    -0.0216    -0.0224    -0.0231  +6.4421e-04      0.018 
 282   21   20  4    +0.0050    +0.0054    +0.0060  -6.7274e-04      0.018 
 456   33   32  4    -0.0240    -0.0215    -0.0208  -6.4533e-04      0.017 
 405   41   56  1    +0.0738    +0.0739    +0.0731  +7.7831e-04      0.017 
 429   15    3  4    +0.2022    +0.1965    +0.1973  -8.2530e-04      0.017 
 490   48   38  4    +0.2103    +0.2124    +0.2116  +8.1093e-04      0.016 
 337    7    6  1    -0.1564    -0.1578    -0.1585  +7.6568e-04      0.016 
 204   22   23  1    +0.1919    +0.1979    +0.1987  -7.6676e-04      0.016 
 325   56   41  4    -0.0005    +0.0004    -0.0003  +6.4209e-04      0.016 
 390   46   14  1    -0.6218    -0.6186    -0.6197  +1.1054e-03      0.015 
  68    0   11  2    +0.0000    -0.0002    -0.0005  +3.5871e-04      0.015 
 377   32   34  1    -0.1014    -0.1042    -0.1049  +6.7435e-04      0.015 
 313   48   49  4    -0.0765    -0.0744    -0.0750  +6.7205e-04      0.015 
 409   49   38  1    +0.0820    +0.0780    +0.0787  -6.8087e-04      0.015 
 328   57   56  4    +0.0029    +0.0016    +0.0011  +5.3477e-04      0.015 
 186    1   15  1    +0.4266    +0.4304    +0.4295  +8.8621e-04      0.014 
 433    8    7  4    +0.2652    +0.2656    +0.2648  +7.4684e-04      0.014 
 148    0   34  5    -0.0000    -0.0035    -0.0039  +4.3610e-04      0.014 
 179    8    9  1    +0.4880    +0.4921    +0.4928  -7.5860e-04      0.013 
 397   49   13  1    -0.4366    -0.4376    -0.4368  -7.8321e-04      0.012 
 384   38   22  1    +0.1891    +0.1844    +0.1849  -5.3059e-04      0.012 
 205   23   24  1    +0.1115    +0.1131    +0.1126  +5.1517e-04      0.011 
 488   56   57  4    -0.0025    -0.0002    -0.0006  +4.1271e-04      0.011 
  99    0   42  2    -0.0900    -0.0867    -0.0871  +3.8358e-04      0.010 
 434   12   10  4    +0.1791    +0.1772    +0.1777  -5.0389e-04      0.010 
 358   17   12  1    -0.0019    -0.0041    -0.0038  -3.5242e-04      0.010 
 127    0   13  5    -0.0290    -0.0290    -0.0288  -2.0028e-04      0.009 
 413    3    2  4    -0.2093    -0.2127    -0.2132  +4.6622e-04      0.009 
 196   12   13  1    +0.5999    +0.6045    +0.6039  +5.9845e-04      0.009 
 150    0   36  5    +0.0000    +0.0033    +0.0035  -2.3375e-04      0.009 
 311   46   47  4    +0.3088    +0.3080    +0.3084  -4.8726e-04      0.009 
 223   36   40  1    +0.0436    +0.0445    +0.0442  +3.0548e-04      0.008 
 160    0   46  5    +0.0000    -0.0015    -0.0017  +2.0196e-04      0.008 
 164    0   50  5    -0.1330    -0.1340    -0.1337  -2.9669e-04      0.007 
 298   34   35  4    -0.0550    -0.0580    -0.0577  -2.8842e-04      0.007 
 121    0    7  5    +0.0000    -0.0022    -0.0020  -1.4990e-04      0.006 
 135    0   21  5    +0.0000    +0.0027    +0.0029  -1.8359e-04      0.006 
 158    0   44  5    -0.0230    -0.0210    -0.0212  +1.7351e-04      0.005 
  47    0   47  6    +1.0158    +1.0172    +1.0168  +3.6625e-04      0.005 
  91    0   34  2    -0.0000    +0.0033    +0.0031  +1.5730e-04      0.005 
 120    0    6  5    +0.1324    +0.1291    +0.1292  -1.6372e-04      0.005 
   7    0    7  6    +0.9791    +0.9801    +0.9797  +3.3033e-04      0.005 
 432    6    5  4    +0.1857    +0.1823    +0.1826  -2.3336e-04      0.005 
 163    0   49  5    -0.1080    -0.1134    -0.1133  -1.4534e-04      0.005 
 168    0   54  5    -0.0180    -0.0151    -0.0149  -1.4310e-04      0.005 
 172    1    2  1    -0.4125    -0.4106    -0.4103  -2.6306e-04      0.004 
 481   55   54  4    +0.0717    +0.0705    +0.0707  -1.5378e-04      0.004 
 453   30   25  4    -0.0563    -0.0570    -0.0571  +1.3388e-04      0.003 
 462   39   37  4    -0.0329    -0.0355    -0.0353  -1.1476e-04      0.003 
 153    0   39  5    -0.0000    -0.0026    -0.0027  +8.5099e-05      0.003 
 202   21   20  1    -0.0035    -0.0070    -0.0069  -9.1654e-05      0.002 
 281   19   20  4    +0.0086    +0.0072    +0.0073  -9.0940e-05      0.002 
 398   52   29  1    -0.1829    -0.1859    -0.1860  +9.7949e-05      0.002 
  55    0   55  6    +1.0297    +1.0306    +1.0304  +1.1178e-04      0.002 
 136    0   22  5    +0.0000    +0.0001    +0.0001  +4.3870e-05      0.002 
   9    0    9  6    +0.9811    +0.9818    +0.9817  +6.9110e-05      0.001 
 450   28   27  4    +0.0852    +0.0865    +0.0865  +2.2821e-05      0.001 
 155    0   41  5    -0.0380    -0.0391    -0.0391  -1.0672e-05      0.000 
  48    0   48  6    +1.0085    +1.0094    +1.0094  -9.9302e-06      0.000 
----------------------------------------------------------------------------------
Não foram identificados erros grosseiros.
Não foram identificadas medidas críticas.
Possíveis conjuntos críticos:
Conjunto 1: 136 55
Conjunto 2: 150 196
Conjunto 3: 205 384
Conjunto 4: 433 186
Conjunto 5: 409 313
Conjunto 6: 313 377
Conjunto 7: 68 390
Conjunto 8: 204 337 490
Conjunto 9: 337 490
Conjunto 10: 456 282
Conjunto 11: 282 444
Conjunto 12: 76 333
Conjunto 13: 324 407 335
Conjunto 14: 407 335
Conjunto 15: 154 137
Conjunto 16: 137 171
Conjunto 17: 227 72
Conjunto 18: 446 141 161 81
Conjunto 19: 141 161 81 259
Conjunto 20: 161 81 259
Conjunto 21: 81 259
Conjunto 22: 259 226
Conjunto 23: 226 357
Conjunto 24: 297 98
Conjunto 25: 206 421
Conjunto 26: 310 87
Conjunto 27: 239 443
Conjunto 28: 443 265
Conjunto 29: 80 289 308 114
Conjunto 30: 289 308 114
Conjunto 31: 308 114
Conjunto 32: 90 320
Conjunto 33: 320 470
Conjunto 34: 470 157 183
Conjunto 35: 157 183
Conjunto 36: 258 217 388
Conjunto 37: 217 388
Conjunto 38: 367 395
Conjunto 39: 395 383
Conjunto 40: 383 178
Conjunto 41: 178 34
Conjunto 42: 134 442
Conjunto 43: 442 113 145
Conjunto 44: 113 145
Conjunto 45: 438 13
Conjunto 46: 295 119 273
Conjunto 47: 119 273 424
Conjunto 48: 273 424
Conjunto 49: 83 245
Conjunto 50: 245 284 457
Conjunto 51: 284 457 170
Conjunto 52: 457 170
Conjunto 53: 234 404 436
Conjunto 54: 404 436
Conjunto 55: 319 353 316
Conjunto 56: 353 316
Conjunto 57: 56 476
Conjunto 58: 476 248
Conjunto 59: 54 89 304
Conjunto 60: 89 304
Conjunto 61: 270 386 35
Conjunto 62: 386 35
Conjunto 63: 112 82
Conjunto 64: 82 188
Conjunto 65: 188 92 364 194
Conjunto 66: 92 364 194 272 441
Conjunto 67: 364 194 272 441 32
Conjunto 68: 194 272 441 32
Conjunto 69: 272 441 32
Conjunto 70: 441 32
Conjunto 71: 41 17
Conjunto 72: 17 427
Conjunto 73: 427 387
Conjunto 74: 279 79
Conjunto 75: 389 294 60
Conjunto 76: 294 60
Conjunto 77: 60 487
Conjunto 78: 487 224 181 225 104
Conjunto 79: 224 181 225 104
Conjunto 80: 181 225 104
Conjunto 81: 225 104 419
Conjunto 82: 104 419 296
Conjunto 83: 419 296
Conjunto 84: 210 483 222 411
Conjunto 85: 483 222 411 184
Conjunto 86: 222 411 184
Conjunto 87: 411 184
Conjunto 88: 439 480
Conjunto 89: 480 231 449
Conjunto 90: 231 449 95
Conjunto 91: 449 95
Conjunto 92: 95 189
Conjunto 93: 189 140 260
Conjunto 94: 140 260
Conjunto 95: 84 349 268
Conjunto 96: 349 268 42 30
Conjunto 97: 268 42 30
Conjunto 98: 42 30
Conjunto 99: 312 375
Conjunto 100: 375 338
Conjunto 101: 338 180 378
Conjunto 102: 180 378 246
Conjunto 103: 378 246
Conjunto 104: 249 307 115
Conjunto 105: 307 115 25
Conjunto 106: 115 25
Conjunto 107: 25 111
Conjunto 108: 111 233 469 477
Conjunto 109: 233 469 477
Conjunto 110: 469 477
Conjunto 111: 477 45
Conjunto 112: 45 254 287 332
Conjunto 113: 254 287 332 342
Conjunto 114: 287 332 342 302
Conjunto 115: 332 342 302
Conjunto 116: 342 302
Conjunto 117: 235 286 124
Conjunto 118: 286 124
Conjunto 119: 125 215 399 410 288
Conjunto 120: 215 399 410 288
Conjunto 121: 399 410 288 177
Conjunto 122: 410 288 177
Conjunto 123: 288 177
Conjunto 124: 177 169 277 334 394
Conjunto 125: 169 277 334 394
Conjunto 126: 277 334 394 341
Conjunto 127: 334 394 341
Conjunto 128: 394 341
Conjunto 129: 77 314 69
Conjunto 130: 314 69 167 257
Conjunto 131: 69 167 257 159
Conjunto 132: 167 257 159
Conjunto 133: 257 159 321
Conjunto 134: 159 321
Conjunto 135: 321 19
Conjunto 136: 19 173 315 149
Conjunto 137: 173 315 149 285 484 1
Conjunto 138: 315 149 285 484 1 360
Conjunto 139: 149 285 484 1 360
Conjunto 140: 285 484 1 360
Conjunto 141: 484 1 360
Conjunto 142: 1 360 23 122
Conjunto 143: 360 23 122
Conjunto 144: 23 122
Conjunto 145: 406 461 345 57
Conjunto 146: 461 345 57 107 118 106
Conjunto 147: 345 57 107 118 106
Conjunto 148: 57 107 118 106 200 238
Conjunto 149: 107 118 106 200 238 445 151
Conjunto 150: 118 106 200 238 445 151
Conjunto 151: 106 200 238 445 151
Conjunto 152: 200 238 445 151 380
Conjunto 153: 238 445 151 380
Conjunto 154: 445 151 380
Conjunto 155: 151 380
Conjunto 156: 458 213
Conjunto 157: 213 101
Conjunto 158: 101 185
Conjunto 159: 352 251 283 207 53
Conjunto 160: 251 283 207 53 363
Conjunto 161: 283 207 53 363
Conjunto 162: 207 53 363 431
Conjunto 163: 53 363 431
Conjunto 164: 363 431 466 416
Conjunto 165: 431 466 416
Conjunto 166: 466 416 303
Conjunto 167: 416 303
Conjunto 168: 303 229 11
Conjunto 169: 229 11 96
Conjunto 170: 11 96
Conjunto 171: 96 261
Conjunto 172: 261 221
Conjunto 173: 221 280 93
Conjunto 174: 280 93 344
Conjunto 175: 93 344 203 408
Conjunto 176: 344 203 408 267 276
Conjunto 177: 203 408 267 276
Conjunto 178: 408 267 276 133
Conjunto 179: 267 276 133
Conjunto 180: 276 133 448
Conjunto 181: 133 448 174
Conjunto 182: 448 174 376 264
Conjunto 183: 174 376 264 59 228 209
Conjunto 184: 376 264 59 228 209
Conjunto 185: 264 59 228 209
Conjunto 186: 59 228 209
Conjunto 187: 228 209
Conjunto 188: 452 278 482 143
Conjunto 189: 278 482 143
Conjunto 190: 482 143 455
Conjunto 191: 143 455 327
Conjunto 192: 455 327
Conjunto 193: 146 486 336 474
Conjunto 194: 486 336 474
Conjunto 195: 336 474
Conjunto 196: 329 65
Conjunto 197: 400 369 64 415 414 12
Conjunto 198: 369 64 415 414 12
Conjunto 199: 64 415 414 12
Conjunto 200: 415 414 12
Conjunto 201: 414 12 108
Conjunto 202: 12 108
Conjunto 203: 128 472 290 417
Conjunto 204: 472 290 417 199
Conjunto 205: 290 417 199
Conjunto 206: 417 199
Conjunto 207: 274 275
Conjunto 208: 275 471
Conjunto 209: 471 240 361 247 78
Conjunto 210: 240 361 247 78
Conjunto 211: 361 247 78
Conjunto 212: 247 78 162
Conjunto 213: 78 162 253 348
Conjunto 214: 162 253 348 299 401
Conjunto 215: 253 348 299 401
Conjunto 216: 348 299 401 467 365 346
Conjunto 217: 299 401 467 365 346
Conjunto 218: 401 467 365 346
Conjunto 219: 467 365 346 402
Conjunto 220: 365 346 402
Conjunto 221: 346 402 237
Conjunto 222: 402 237 208
Conjunto 223: 237 208 3
Conjunto 224: 208 3
Conjunto 225: 3 468
Conjunto 226: 468 20 422
Conjunto 227: 20 422 218 300 131 103
Conjunto 228: 422 218 300 131 103 193
Conjunto 229: 218 300 131 103 193
Conjunto 230: 300 131 103 193
Conjunto 231: 131 103 193
Conjunto 232: 103 193
Conjunto 233: 193 147
Conjunto 234: 147 366 29
Conjunto 235: 366 29 479 326
Conjunto 236: 29 479 326
Conjunto 237: 479 326
Conjunto 238: 464 10 355 5 323 220 463
Conjunto 239: 10 355 5 323 220 463
Conjunto 240: 355 5 323 220 463 6
Conjunto 241: 5 323 220 463 6 428
Conjunto 242: 323 220 463 6 428
Conjunto 243: 220 463 6 428
Conjunto 244: 463 6 428
Conjunto 245: 6 428 126 437 368
Conjunto 246: 428 126 437 368
Conjunto 247: 126 437 368 16 370
Conjunto 248: 437 368 16 370
Conjunto 249: 368 16 370
Conjunto 250: 16 370 44
Conjunto 251: 370 44
Conjunto 252: 44 269 393 255 129
Conjunto 253: 269 393 255 129 152 372
Conjunto 254: 393 255 129 152 372
Conjunto 255: 255 129 152 372
Conjunto 256: 129 152 372 70
Conjunto 257: 152 372 70 306 214
Conjunto 258: 372 70 306 214
Conjunto 259: 70 306 214 418 454
Conjunto 260: 306 214 418 454 318
Conjunto 261: 214 418 454 318
Conjunto 262: 418 454 318 340
Conjunto 263: 454 318 340 100
Conjunto 264: 318 340 100
Conjunto 265: 340 100
Conjunto 266: 100 478
Conjunto 267: 478 18 465 485
Conjunto 268: 18 465 485 396
Conjunto 269: 465 485 396 317
Conjunto 270: 485 396 317 230
Conjunto 271: 396 317 230
Conjunto 272: 317 230 63
Conjunto 273: 230 63
Conjunto 274: 63 271
Conjunto 275: 271 182 359
Conjunto 276: 182 359 43 475
Conjunto 277: 359 43 475 192
Conjunto 278: 43 475 192 379
Conjunto 279: 475 192 379 339
Conjunto 280: 192 379 339
Conjunto 281: 379 339
Conjunto 282: 263 22 123 36 451
Conjunto 283: 22 123 36 451
Conjunto 284: 123 36 451 373 4
Conjunto 285: 36 451 373 4
Conjunto 286: 451 373 4
Conjunto 287: 373 4 301 371
Conjunto 288: 4 301 371
Conjunto 289: 301 371 139 40 33 305
Conjunto 290: 371 139 40 33 305
Conjunto 291: 139 40 33 305
Conjunto 292: 40 33 305 67
Conjunto 293: 33 305 67
Conjunto 294: 305 67
Conjunto 295: 67 489 385
Conjunto 296: 489 385 244 256
Conjunto 297: 385 244 256
Conjunto 298: 244 256 156 195
Conjunto 299: 256 156 195
Conjunto 300: 156 195
Conjunto 301: 142 292 403
Conjunto 302: 292 403 38 440
Conjunto 303: 403 38 440
Conjunto 304: 38 440
Conjunto 305: 50 197 423
Conjunto 306: 197 423 491
Conjunto 307: 423 491 211 236
Conjunto 308: 491 211 236 392
Conjunto 309: 211 236 392
Conjunto 310: 236 392
Conjunto 311: 191 117 426 116
Conjunto 312: 117 426 116
Conjunto 313: 426 116 425
Conjunto 314: 116 425
Conjunto 315: 425 309
Conjunto 316: 309 216 266 459
Conjunto 317: 216 266 459 14
Conjunto 318: 266 459 14
Conjunto 319: 459 14 165
Conjunto 320: 14 165
Conjunto 321: 71 144 232 420
Conjunto 322: 144 232 420
Conjunto 323: 232 420
Conjunto 324: 420 330 88
Conjunto 325: 330 88
Conjunto 326: 88 343
Conjunto 327: 102 187 356
Conjunto 328: 187 356 49 61
Conjunto 329: 356 49 61
Conjunto 330: 49 61 8
Conjunto 331: 61 8
Conjunto 332: 331 382 354
Conjunto 333: 382 354 27
Conjunto 334: 354 27
Conjunto 335: 27 391 219
Conjunto 336: 391 219 362
Conjunto 337: 219 362
Conjunto 338: 435 201
Conjunto 339: 15 460
Conjunto 340: 62 110 51 198
Conjunto 341: 110 51 198 175
Conjunto 342: 51 198 175 21
Conjunto 343: 198 175 21
Conjunto 344: 175 21 74
Conjunto 345: 21 74
Conjunto 346: 176 447 291
Conjunto 347: 447 291
Conjunto 348: 241 26
Conjunto 349: 85 250
Conjunto 350: 24 66 52
Conjunto 351: 66 52 243
Conjunto 352: 52 243 39
Conjunto 353: 243 39
Conjunto 354: 242 138
Conjunto 355: 212 46
Conjunto 356: 2 58
