================================================================================= 
=== UFF - Doutorado em Computação - Aplicaçoes em Sistemas de Potencia        === 
=== ESTIMADOR DE ESTADO MÍNIMOS QUADRADOS PONDERADOS INCLUINDO MEDIDAS DE PMU === 
=== Desenvolvido por: Rui Menezes de Moraes - 2009                            === 
================================================================================= 
Arquivo de medidores:          F:\Documents\Uff\Artigos\SimSEP\VERSAO WELDAN V2\Codigos\Med\ieee57_6_0600.med
Arquivo do sistema:            F:\Documents\Uff\Artigos\SimSEP\VERSAO WELDAN V2\Codigos\Carga\ieee57_6_0600.txt
Tolerância entre iteraçoes:     1.00e-04
Limite de iteraçoes:           100

--- DADOS DA REDE --------------------------------------------------------------- 
Data do caso:                  08/25/93
Origem:                        UW ARCHIVE          
MVA base:                      100
Ano:                           1961
Estação:                       W
Identificação:                 IEEE 57 Bus Test Case
Número de barras:              57 
Número de ramos:               80 
Referência na barra:           1

--- TELEMEDIDAS ------------------------------------------------------------------
    Tipo 1 = Fluxo de potencia ativa        Tipo  6 = Módulo da tensão            
    Tipo 2 = Injeção de potencia ativa      Tipo  7 = Corrente de ramo (real)     
    Tipo 3 = Ângulo de fase da tensão       Tipo  8 = Corrente de ramo (imag)     
    Tipo 4 = Fluxo de potencia reativa      Tipo  9 = Injeção de corrente (real)  
    Tipo 5 = Injeção de potencia reativa    Tipo 10 = Injeção de corrente (imag)  
----------------------------------------------------------------------------------
   N    D    P TP  PN ST   Exa   FS       DP      V_Ref      V_Med          E(%) 
----------------------------------------------------------------------------------
   1    0    1  6   0  0 0.015 01.1  0.00520   +1.04000   +1.05115     +1.072115 
   2    0    2  6   0  0 0.015 01.1  0.00510   +1.01945   +1.03450     +1.476286 
   3    0    3  6   0  0 0.015 01.1  0.00517   +1.03474   +1.04279     +0.777973 
   4    0    4  6   0  0 0.015 01.1  0.00512   +1.02329   +1.01242     -1.062260 
   5    0    5  6   0  0 0.015 01.1  0.00502   +1.00474   +0.99951     -0.520533 
   6    0    6  6   0  0 0.015 01.1  0.00500   +1.00001   +0.98588     -1.412986 
   7    0    7  6   0  0 0.015 01.1  0.00499   +0.99757   +1.00339     +0.583418 
   8    0    8  6   0  0 0.015 01.1  0.00502   +1.00500   +1.01883     +1.376119 
   9    0    9  6   0  0 0.015 01.1  0.00498   +0.99687   +1.00372     +0.687151 
  10    0   10  6   0  0 0.015 01.1  0.00498   +0.99542   +1.00249     +0.710253 
  11    0   11  6   0  0 0.015 01.1  0.00497   +0.99377   +0.98407     -0.976081 
  12    0   12  6   0  0 0.015 01.1  0.00507   +1.01500   +1.01060     -0.433498 
  13    0   13  6   0  0 0.015 01.1  0.00498   +0.99705   +0.99929     +0.224663 
  14    0   14  6   0  0 0.015 01.1  0.00497   +0.99357   +0.99238     -0.119770 
  15    0   15  6   0  0 0.015 01.1  0.00506   +1.01216   +1.02229     +1.000830 
  16    0   16  6   0  0 0.015 01.1  0.00509   +1.01847   +1.02811     +0.946518 
  17    0   17  6   0  0 0.015 01.1  0.00512   +1.02403   +1.01862     -0.528305 
  18    0   18  6   0  0 0.015 01.1  0.00526   +1.05294   +1.05173     -0.114916 
  19    0   19  6   0  0 0.015 01.1  0.00508   +1.01550   +1.02080     +0.521910 
  20    0   20  6   0  0 0.015 01.1  0.00501   +1.00238   +1.00524     +0.285321 
  21    0   21  6   0  0 0.015 01.1  0.00524   +1.04895   +1.03744     -1.097288 
  22    0   22  6   0  0 0.015 01.1  0.00524   +1.04791   +1.03280     -1.441918 
  23    0   23  6   0  0 0.015 01.1  0.00523   +1.04689   +1.03511     -1.125238 
  24    0   24  6   0  0 0.015 01.1  0.00520   +1.04071   +1.03207     -0.830202 
  25    0   25  6   0  0 0.015 01.1  0.00520   +1.03964   +1.03805     -0.152938 
  26    0   26  6   0  0 0.015 01.1  0.00498   +0.99707   +0.99810     +0.103303 
  27    0   27  6   0  0 0.015 01.1  0.00505   +1.00971   +1.02457     +1.471710 
  28    0   28  6   0  0 0.015 01.1  0.00510   +1.01957   +1.02621     +0.651255 
  29    0   29  6   0  0 0.015 01.1  0.00515   +1.02894   +1.04376     +1.440317 
  30    0   30  6   0  0 0.015 01.1  0.00512   +1.02452   +1.01080     -1.339164 
  31    0   31  6   0  0 0.015 01.1  0.00502   +1.00349   +1.00761     +0.410567 
  32    0   32  6   0  0 0.015 01.1  0.00506   +1.01182   +1.02579     +1.380680 
  33    0   33  6   0  0 0.015 01.1  0.00505   +1.01012   +1.00315     -0.690017 
  34    0   34  6   0  0 0.015 01.1  0.00504   +1.00872   +1.02232     +1.348243 
  35    0   35  6   0  0 0.015 01.1  0.00507   +1.01358   +1.02581     +1.206614 
  36    0   36  6   0  0 0.015 01.1  0.00510   +1.02048   +1.01113     -0.916235 
  37    0   37  6   0  0 0.015 01.1  0.00514   +1.02751   +1.03472     +0.701696 
  38    0   38  6   0  0 0.015 01.1  0.00525   +1.04961   +1.03937     -0.975600 
  39    0   39  6   0  0 0.015 01.1  0.00513   +1.02576   +1.01361     -1.184488 
  40    0   40  6   0  0 0.015 01.1  0.00509   +1.01763   +1.01196     -0.557177 
  41    0   41  6   0  0 0.015 01.1  0.00514   +1.02812   +1.02345     -0.454227 
  42    0   42  6   0  0 0.015 01.1  0.00504   +1.00840   +1.00534     -0.303451 
  43    0   43  6   0  0 0.015 01.1  0.00517   +1.03372   +1.02702     -0.648145 
  44    0   44  6   0  0 0.015 01.1  0.00526   +1.05141   +1.04554     -0.558298 
  45    0   45  6   0  0 0.015 01.1  0.00532   +1.06296   +1.06992     +0.654775 
  46    0   46  6   0  0 0.015 01.1  0.00544   +1.08842   +1.10294     +1.334044 
  47    0   47  6   0  0 0.015 01.1  0.00533   +1.06644   +1.05325     -1.236825 
  48    0   48  6   0  0 0.015 01.1  0.00531   +1.06136   +1.05434     -0.661416 
  49    0   49  6   0  0 0.015 01.1  0.00533   +1.06660   +1.06968     +0.288768 
  50    0   50  6   0  0 0.015 01.1  0.00526   +1.05188   +1.06224     +0.984903 
  51    0   51  6   0  0 0.015 01.1  0.00533   +1.06581   +1.07483     +0.846305 
  52    0   52  6   0  0 0.015 01.1  0.00505   +1.00978   +1.01151     +0.171324 
  53    0   53  6   0  0 0.015 01.1  0.00502   +1.00449   +0.99051     -1.391751 
  54    0   54  6   0  0 0.015 01.1  0.00512   +1.02450   +1.02970     +0.507565 
  55    0   55  6   0  0 0.015 01.1  0.00526   +1.05135   +1.06236     +1.047225 
  56    0   56  6   0  0 0.015 01.1  0.00506   +1.01262   +0.99942     -1.303549 
  57    0   57  6   0  0 0.015 01.1  0.00506   +1.01129   +1.00707     -0.417289 
  58    0    1  2   0  0 0.020 01.0  0.01062   -1.33281   -1.34822     +1.156204 
  59    0    2  2   0  0 0.020 01.0  0.00189   -0.02400   -0.02477     +3.208333 
  60    0    3  2   0  0 0.020 01.0  0.02891   +4.07600   +4.04236     -0.825319 
  61    0    4  2   0  0 0.020 01.0  0.00173   -0.00000   +0.00485     +0.000000 
  62    0    5  2   0  0 0.020 01.0  0.00242   -0.10300   -0.10837     +5.213592 
  63    0    6  2   0  0 0.020 01.0  0.00569   -0.59300   -0.60264     +1.625632 
  64    0    7  2   0  0 0.020 01.0  0.00173   +0.00000   +0.00409     +0.000000 
  65    0    8  2   0  0 0.020 01.0  0.01383   +1.81500   +1.82510     +0.556474 
  66    0    9  2   0  0 0.020 01.0  0.00415   -0.36300   -0.36554     +0.699725 
  67    0   10  2   0  0 0.020 01.0  0.00259   -0.12800   -0.13023     +1.742188 
  68    0   11  2   0  0 0.020 01.0  0.00173   +0.00000   +0.00152     +0.000000 
  69    0   12  2   0  0 0.020 01.0  0.00255   +0.12200   +0.12556     +2.918033 
  70    0   13  2   0  0 0.020 01.0  0.00268   -0.14200   -0.13827     -2.626761 
  71    0   14  2   0  0 0.020 01.0  0.00229   -0.08300   -0.07671     -7.578313 
  72    0   15  2   0  0 0.020 01.0  0.00289   -0.17400   -0.18188     +4.528736 
  73    0   16  2   0  0 0.020 01.0  0.00400   -0.34000   -0.34182     +0.535294 
  74    0   17  2   0  0 0.020 01.0  0.00395   -0.33200   -0.34363     +3.503012 
  75    0   18  2   0  0 0.020 01.0  0.00317   -0.21500   -0.21113     -1.800000 
  76    0   19  2   0  0 0.020 01.0  0.00191   -0.02600   -0.02279    -12.346154 
  77    0   20  2   0  0 0.020 01.0  0.00185   -0.01800   -0.01728     -4.000000 
  78    0   21  2   0  0 0.020 01.0  0.00173   -0.00000   -0.00496     +0.000000 
  79    0   22  2   0  0 0.020 01.0  0.00173   -0.00000   -0.00512     +0.000000 
  80    0   23  2   0  0 0.020 01.0  0.00207   -0.05000   -0.04394    -12.120000 
  81    0   24  2   0  0 0.020 01.0  0.00173   -0.00000   -0.00310     +0.000000 
  82    0   25  2   0  0 0.020 01.0  0.00207   -0.05000   -0.04599     -8.020000 
  83    0   26  2   0  0 0.020 01.0  0.00173   +0.00000   -0.00145     +0.000000 
  84    0   27  2   0  0 0.020 01.0  0.00222   -0.07300   -0.07352     +0.712329 
  85    0   28  2   0  0 0.020 01.0  0.00197   -0.03600   -0.04062    +12.833333 
  86    0   29  2   0  0 0.020 01.0  0.00263   -0.13400   -0.12957     -3.305970 
  87    0   30  2   0  0 0.020 01.0  0.00192   -0.02800   -0.02854     +1.928571 
  88    0   31  2   0  0 0.020 01.0  0.00204   -0.04600   -0.04848     +5.391304 
  89    0   32  2   0  0 0.020 01.0  0.00182   -0.01300   -0.01455    +11.923077 
  90    0   33  2   0  0 0.020 01.0  0.00193   -0.03000   -0.03020     +0.666667 
  91    0   34  2   0  0 0.020 01.0  0.00173   -0.00000   -0.00072     +0.000000 
  92    0   35  2   0  0 0.020 01.0  0.00205   -0.04700   -0.04456     -5.191489 
  93    0   36  2   0  0 0.020 01.0  0.00173   +0.00000   +0.00182     +0.000000 
  94    0   37  2   0  0 0.020 01.0  0.00173   +0.00000   -0.00513     +0.000000 
  95    0   38  2   0  0 0.020 01.0  0.00247   -0.11100   -0.11725     +5.630631 
  96    0   39  2   0  0 0.020 01.0  0.00173   +0.00000   -0.00041     +0.000000 
  97    0   40  2   0  0 0.020 01.0  0.00173   +0.00000   +0.00289     +0.000000 
  98    0   41  2   0  0 0.020 01.0  0.00207   -0.05000   -0.04607     -7.860000 
  99    0   42  2   0  0 0.020 01.0  0.00211   -0.05600   -0.05434     -2.964286 
 100    0   43  2   0  0 0.020 01.0  0.00184   -0.01600   -0.01749     +9.312500 
 101    0   44  2   0  0 0.020 01.0  0.00237   -0.09500   -0.08950     -5.789474 
 102    0   45  2   0  0 0.020 01.0  0.00173   +0.00000   -0.00259     +0.000000 
 103    0   46  2   0  0 0.020 01.0  0.00173   +0.00000   -0.00451     +0.000000 
 104    0   47  2   0  0 0.020 01.0  0.00330   -0.23500   -0.23050     -1.914894 
 105    0   48  2   0  0 0.020 01.0  0.00173   -0.00000   +0.00277     +0.000000 
 106    0   49  2   0  0 0.020 01.0  0.00268   -0.14200   -0.13559     -4.514085 
 107    0   50  2   0  0 0.020 01.0  0.00284   -0.16600   -0.16145     -2.740964 
 108    0   51  2   0  0 0.020 01.0  0.00268   -0.14200   -0.13481     -5.063380 
 109    0   52  2   0  0 0.020 01.0  0.00199   -0.03900   -0.03857     -1.102564 
 110    0   53  2   0  0 0.020 01.0  0.00279   -0.15800   -0.15031     -4.867089 
 111    0   54  2   0  0 0.020 01.0  0.00195   -0.03200   -0.02641    -17.468750 
 112    0   55  2   0  0 0.020 01.0  0.00209   -0.05400   -0.05372     -0.518519 
 113    0   56  2   0  0 0.020 01.0  0.00213   -0.06000   -0.05558     -7.366667 
 114    0   57  2   0  0 0.020 01.0  0.00209   -0.05300   -0.04802     -9.396226 
 115    0    1  5   0  0 0.020 01.0  0.01236   +1.59449   +1.62648     +2.006284 
 116    0    2  5   0  0 0.020 01.0  0.00750   -0.86500   -0.86691     +0.220809 
 117    0    3  5   0  0 0.020 01.0  0.00351   -0.26600   -0.26055     -2.048872 
 118    0    4  5   0  0 0.020 01.0  0.00173   -0.00000   +0.00456     +0.000000 
 119    0    5  5   0  0 0.020 01.0  0.00195   -0.03200   -0.02837    -11.343750 
 120    0    6  5   0  0 0.020 01.0  0.00237   -0.09600   -0.08987     -6.385417 
 121    0    7  5   0  0 0.020 01.0  0.00173   -0.00000   -0.00055     +0.000000 
 122    0    8  5   0  0 0.020 01.0  0.00223   -0.07433   -0.06986     -6.013723 
 123    0    9  5   0  0 0.020 01.0  0.00245   -0.10800   -0.10082     -6.648148 
 124    0   10  5   0  0 0.020 01.0  0.00207   -0.05100   -0.05262     +3.176471 
 125    0   11  5   0  0 0.020 01.0  0.00173   +0.00000   -0.00342     +0.000000 
 126    0   12  5   0  0 0.020 01.0  0.00383   +0.31433   +0.32176     +2.363758 
 127    0   13  5   0  0 0.020 01.0  0.00185   -0.01800   -0.01703     -5.388889 
 128    0   14  5   0  0 0.020 01.0  0.00201   -0.04200   -0.03642    -13.285714 
 129    0   15  5   0  0 0.020 01.0  0.00200   -0.04000   -0.04013     +0.325000 
 130    0   16  5   0  0 0.020 01.0  0.00189   -0.02400   -0.02680    +11.666667 
 131    0   17  5   0  0 0.020 01.0  0.00215   -0.06300   -0.06070     -3.650794 
 132    0   18  5   0  0 0.020 01.0  0.00225   -0.07700   -0.07141     -7.259740 
 133    0   19  5   0  0 0.020 01.0  0.00177   -0.00500   -0.00376    -24.800000 
 134    0   20  5   0  0 0.020 01.0  0.00179   -0.00800   -0.00990    +23.750000 
 135    0   21  5   0  0 0.020 01.0  0.00173   +0.00000   -0.00010     +0.000000 
 136    0   22  5   0  0 0.020 01.0  0.00173   +0.00000   -0.00096     +0.000000 
 137    0   23  5   0  0 0.020 01.0  0.00185   -0.01700   -0.02161    +27.117647 
 138    0   24  5   0  0 0.020 01.0  0.00173   -0.00000   +0.00096     +0.000000 
 139    0   25  5   0  0 0.020 01.0  0.00190   -0.02500   -0.02068    -17.280000 
 140    0   26  5   0  0 0.020 01.0  0.00173   +0.00000   +0.00055     +0.000000 
 141    0   27  5   0  0 0.020 01.0  0.00176   -0.00400   -0.00612    +53.000000 
 142    0   28  5   0  0 0.020 01.0  0.00185   -0.01800   -0.01359    -24.500000 
 143    0   29  5   0  0 0.020 01.0  0.00187   -0.02100   -0.01769    -15.761905 
 144    0   30  5   0  0 0.020 01.0  0.00183   -0.01400   -0.01098    -21.571429 
 145    0   31  5   0  0 0.020 01.0  0.00189   -0.02300   -0.02188     -4.869565 
 146    0   32  5   0  0 0.020 01.0  0.00177   -0.00600   -0.00539    -10.166667 
 147    0   33  5   0  0 0.020 01.0  0.00183   -0.01500   -0.01720    +14.666667 
 148    0   34  5   0  0 0.020 01.0  0.00173   -0.00000   +0.00050     +0.000000 
 149    0   35  5   0  0 0.020 01.0  0.00189   -0.02400   -0.01841    -23.291667 
 150    0   36  5   0  0 0.020 01.0  0.00173   -0.00000   -0.00017     +0.000000 
 151    0   37  5   0  0 0.020 01.0  0.00173   +0.00000   +0.00192     +0.000000 
 152    0   38  5   0  0 0.020 01.0  0.00210   -0.05500   -0.05525     +0.454545 
 153    0   39  5   0  0 0.020 01.0  0.00173   -0.00000   +0.00256     +0.000000 
 154    0   40  5   0  0 0.020 01.0  0.00173   -0.00000   -0.00300     +0.000000 
 155    0   41  5   0  0 0.020 01.0  0.00189   -0.02400   -0.02686    +11.916667 
 156    0   42  5   0  0 0.020 01.0  0.00197   -0.03500   -0.03975    +13.571429 
 157    0   43  5   0  0 0.020 01.0  0.00179   -0.00800   -0.00576    -28.000000 
 158    0   44  5   0  0 0.020 01.0  0.00183   -0.01400   -0.01010    -27.857143 
 159    0   45  5   0  0 0.020 01.0  0.00173   +0.00000   +0.00301     +0.000000 
 160    0   46  5   0  0 0.020 01.0  0.00173   +0.00000   +0.00253     +0.000000 
 161    0   47  5   0  0 0.020 01.0  0.00235   -0.09200   -0.09757     +6.054348 
 162    0   48  5   0  0 0.020 01.0  0.00173   -0.00000   +0.00022     +0.000000 
 163    0   49  5   0  0 0.020 01.0  0.00218   -0.06700   -0.06247     -6.761194 
 164    0   50  5   0  0 0.020 01.0  0.00229   -0.08300   -0.07829     -5.674699 
 165    0   51  5   0  0 0.020 01.0  0.00201   -0.04200   -0.04348     +3.523810 
 166    0   52  5   0  0 0.020 01.0  0.00185   -0.01700   -0.01953    +14.882353 
 167    0   53  5   0  0 0.020 01.0  0.00226   -0.07900   -0.08408     +6.430380 
 168    0   54  5   0  0 0.020 01.0  0.00181   -0.01100   -0.00893    -18.818182 
 169    0   55  5   0  0 0.020 01.0  0.00191   -0.02700   -0.02637     -2.333333 
 170    0   56  5   0  0 0.020 01.0  0.00185   -0.01700   -0.02245    +32.058824 
 171    0   57  5   0  0 0.020 01.0  0.00184   -0.01600   -0.01693     +5.812500 
 172    1    2  1   0  0 0.020 01.0  0.00959   -1.17902   -1.18253     +0.297705 
 173    2    3  1   0  0 0.020 01.0  0.00989   -1.22371   -1.20684     -1.378595 
 174    3    4  1   0  0 0.020 01.0  0.00764   +0.88657   +0.90170     +1.706577 
 175    4    5  1   0  0 0.020 01.0  0.00353   +0.27013   +0.27203     +0.703365 
 176    4    6  1   0  0 0.020 01.0  0.00390   +0.32466   +0.31629     -2.578082 
 177    6    7  1   0  0 0.020 01.0  0.00203   +0.04456   +0.04570     +2.558348 
 178    6    8  1   0  0 0.020 01.0  0.00277   -0.15550   -0.15174     -2.418006 
 179    8    9  1   0  0 0.020 01.0  0.00983   +1.21529   +1.21107     -0.347242 
 180    9   10  1   0  0 0.020 01.0  0.00344   +0.25636   +0.25038     -2.332657 
 181    9   11  1   0  0 0.020 01.0  0.00307   +0.20115   +0.19682     -2.152622 
 182    9   12  1   0  0 0.020 01.0  0.00248   +0.11214   +0.11948     +6.545390 
 183    9   13  1   0  0 0.020 01.0  0.00252   +0.11812   +0.11783     -0.245513 
 184   13   14  1   0  0 0.020 01.0  0.00225   -0.07732   -0.07290     -5.716503 
 185   13   15  1   0  0 0.020 01.0  0.00424   -0.37630   -0.37367     -0.698910 
 186    1   15  1   0  0 0.020 01.0  0.00501   -0.49178   -0.48222     -1.943959 
 187    1   16  1   0  0 0.020 01.0  0.00249   +0.11315   +0.11995     +6.009722 
 188    1   17  1   0  0 0.020 01.0  0.00323   +0.22485   +0.22776     +1.294196 
 189    3   15  1   0  0 0.020 01.0  0.01453   +1.91989   +1.93102     +0.579721 
 190    4   18  1   0  0 0.020 01.0  0.00256   +0.12434   +0.12659     +1.809554 
 191    4   18  1   0  0 0.020 01.0  0.00279   +0.15917   +0.15183     -4.611422 
 192    5    6  1   0  0 0.020 01.0  0.00282   +0.16275   +0.17016     +4.552995 
 193    7    8  1   0  0 0.020 01.0  0.00467   -0.44068   -0.42950     -2.536988 
 194   10   12  1   0  0 0.020 01.0  0.00230   -0.08499   -0.08230     -3.165078 
 195   11   13  1   0  0 0.020 01.0  0.00187   +0.02098   +0.01885    -10.152526 
 196   12   13  1   0  0 0.020 01.0  0.00300   -0.19077   -0.19359     +1.478220 
 197   12   16  1   0  0 0.020 01.0  0.00326   +0.22875   +0.22047     -3.619672 
 198   12   17  1   0  0 0.020 01.0  0.00246   +0.10918   +0.10948     +0.274776 
 199   14   15  1   0  0 0.020 01.0  0.00530   -0.53430   -0.53085     -0.645705 
 200   18   19  1   0  0 0.020 01.0  0.00219   +0.06851   +0.07150     +4.364326 
 201   19   20  1   0  0 0.020 01.0  0.00200   +0.04049   +0.03448    -14.843171 
 202   21   20  1   0  0 0.020 01.0  0.00188   -0.02204   -0.02576    +16.878403 
 203   21   22  1   0  0 0.020 01.0  0.00188   +0.02204   +0.02162     -1.905626 
 204   22   23  1   0  0 0.020 01.0  0.00215   +0.06323   +0.06145     -2.815119 
 205   23   24  1   0  0 0.020 01.0  0.00182   +0.01319   +0.01813    +37.452616 
 206   24   25  1   0  0 0.020 01.0  0.00211   +0.05657   +0.06204     +9.669436 
 207   24   25  1   0  0 0.020 01.0  0.00210   +0.05436   +0.06012    +10.596026 
 208   24   26  1   0  0 0.020 01.0  0.00238   -0.09781   -0.10201     +4.294039 
 209   26   27  1   0  0 0.020 01.0  0.00238   -0.09781   -0.10268     +4.979041 
 210   27   28  1   0  0 0.020 01.0  0.00288   -0.17244   -0.17120     -0.719091 
 211   28   29  1   0  0 0.020 01.0  0.00314   -0.21025   -0.20850     -0.832342 
 212    7   29  1   0  0 0.020 01.0  0.00497   +0.48520   +0.49112     +1.220115 
 213   25   30  1   0  0 0.020 01.0  0.00214   +0.06093   +0.05844     -4.086657 
 214   30   31  1   0  0 0.020 01.0  0.00195   +0.03230   +0.03106     -3.839009 
 215   31   32  1   0  0 0.020 01.0  0.00183   -0.01418   -0.01597    +12.623413 
 216   32   33  1   0  0 0.020 01.0  0.00193   +0.03004   +0.02574    -14.314248 
 217   34   32  1   0  0 0.020 01.0  0.00212   +0.05733   +0.05208     -9.157509 
 218   34   35  1   0  0 0.020 01.0  0.00212   -0.05733   -0.05670     -1.098901 
 219   35   36  1   0  0 0.020 01.0  0.00243   -0.10452   -0.10718     +2.544967 
 220   36   37  1   0  0 0.020 01.0  0.00262   -0.13258   -0.12484     -5.837985 
 221   37   38  1   0  0 0.020 01.0  0.00283   -0.16409   -0.16030     -2.309708 
 222   37   39  1   0  0 0.020 01.0  0.00194   +0.03079   +0.03163     +2.728158 
 223   36   40  1   0  0 0.020 01.0  0.00192   +0.02751   +0.03000     +9.051254 
 224   22   38  1   0  0 0.020 01.0  0.00201   -0.04123   -0.03549    -13.921902 
 225   11   41  1   0  0 0.020 01.0  0.00221   +0.07215   +0.07118     -1.344421 
 226   41   42  1   0  0 0.020 01.0  0.00220   +0.07050   +0.07596     +7.744681 
 227   41   43  1   0  0 0.020 01.0  0.00234   -0.09096   -0.08538     -6.134565 
 228   38   44  1   0  0 0.020 01.0  0.00288   -0.17140   -0.16562     -3.372229 
 229   15   45  1   0  0 0.020 01.0  0.00354   +0.27137   +0.26177     -3.537605 
 230   14   46  1   0  0 0.020 01.0  0.00422   +0.37376   +0.37019     -0.955158 
 231   46   47  1   0  0 0.020 01.0  0.00422   +0.37376   +0.36858     -1.385916 
 232   47   48  1   0  0 0.020 01.0  0.00263   +0.13504   +0.13708     +1.510664 
 233   48   49  1   0  0 0.020 01.0  0.00181   +0.01109   +0.00714    -35.617674 
 234   49   50  1   0  0 0.020 01.0  0.00239   +0.09876   +0.09696     -1.822600 
 235   50   51  1   0  0 0.020 01.0  0.00219   -0.06819   -0.06340     -7.024490 
 236   10   51  1   0  0 0.020 01.0  0.00314   +0.21084   +0.20613     -2.233921 
 237   13   49  1   0  0 0.020 01.0  0.00344   +0.25608   +0.24637     -3.791784 
 238   29   52  1   0  0 0.020 01.0  0.00266   +0.13917   +0.14714     +5.726809 
 239   52   53  1   0  0 0.020 01.0  0.00238   +0.09753   +0.09903     +1.537988 
 240   53   54  1   0  0 0.020 01.0  0.00214   -0.06121   -0.06450     +5.374939 
 241   54   55  1   0  0 0.020 01.0  0.00236   -0.09417   -0.09504     +0.923861 
 242   11   43  1   0  0 0.020 01.0  0.00245   +0.10696   +0.11041     +3.225505 
 243   44   45  1   0  0 0.020 01.0  0.00351   -0.26725   -0.26602     -0.460243 
 244   40   56  1   0  0 0.020 01.0  0.00192   +0.02743   +0.02672     -2.588407 
 245   56   41  1   0  0 0.020 01.0  0.00201   -0.04157   -0.04032     -3.006976 
 246   56   42  1   0  0 0.020 01.0  0.00182   -0.01335   -0.01684    +26.142322 
 247   39   57  1   0  0 0.020 01.0  0.00194   +0.03075   +0.03434    +11.674797 
 248   57   56  1   0  0 0.020 01.0  0.00188   -0.02225   -0.01864    -16.224719 
 249   38   49  1   0  0 0.020 01.0  0.00190   -0.02541   -0.02555     +0.550964 
 250   38   48  1   0  0 0.020 01.0  0.00255   -0.12209   -0.11819     -3.194365 
 251    9   55  1   0  0 0.020 01.0  0.00273   +0.15003   +0.14846     -1.046457 
 252    1    2  4   0  0 0.020 01.0  0.00889   +1.07328   +1.08532     +1.121795 
 253    2    3  4   0  0 0.020 01.0  0.00357   +0.27527   +0.26786     -2.691902 
 254    3    4  4   0  0 0.020 01.0  0.00203   +0.04500   +0.04511     +0.244444 
 255    4    5  4   0  0 0.020 01.0  0.00178   +0.00673   +0.00852    +26.597325 
 256    4    6  4   0  0 0.020 01.0  0.00210   +0.05503   +0.05065     -7.959295 
 257    6    7  4   0  0 0.020 01.0  0.00174   +0.00153   -0.00305   -299.346405 
 258    6    8  4   0  0 0.020 01.0  0.00186   -0.01975   -0.02157     +9.215190 
 259    8    9  4   0  0 0.020 01.0  0.00218   -0.06640   -0.06711     +1.069277 
 260    9   10  4   0  0 0.020 01.0  0.00216   -0.06362   -0.06028     -5.249921 
 261    9   11  4   0  0 0.020 01.0  0.00196   -0.03376   -0.03810    +12.855450 
 262    9   12  4   0  0 0.020 01.0  0.00254   -0.12177   -0.11564     -5.034081 
 263    9   13  4   0  0 0.020 01.0  0.00211   -0.05597   -0.05951     +6.324817 
 264   13   14  4   0  0 0.020 01.0  0.00239   +0.09825   +0.09651     -1.770992 
 265   13   15  4   0  0 0.020 01.0  0.00215   -0.06265   -0.06365     +1.596169 
 266    1   15  4   0  0 0.020 01.0  0.00424   +0.37528   +0.38729     +3.200277 
 267    1   16  4   0  0 0.020 01.0  0.00210   +0.05509   +0.05102     -7.387911 
 268    1   17  4   0  0 0.020 01.0  0.00234   +0.09084   +0.09620     +5.900484 
 269    3   15  4   0  0 0.020 01.0  0.00227   -0.08016   -0.07947     -0.860778 
 270    4   18  4   0  0 0.020 01.0  0.00178   +0.00766   +0.00575    -24.934726 
 271    4   18  4   0  0 0.020 01.0  0.00181   -0.01119   -0.00685    -38.784629 
 272    5    6  4   0  0 0.020 01.0  0.00179   -0.00799   -0.00754     -5.632040 
 273    7    8  4   0  0 0.020 01.0  0.00187   -0.02092   -0.02133     +1.959847 
 274   10   12  4   0  0 0.020 01.0  0.00275   -0.15185   -0.14678     -3.338821 
 275   11   13  4   0  0 0.020 01.0  0.00214   -0.06019   -0.06197     +2.957302 
 276   12   13  4   0  0 0.020 01.0  0.00403   +0.34416   +0.35554     +3.306602 
 277   12   16  4   0  0 0.020 01.0  0.00242   -0.10267   -0.10187     -0.779195 
 278   12   17  4   0  0 0.020 01.0  0.00239   -0.09857   -0.09470     -3.926144 
 279   14   15  4   0  0 0.020 01.0  0.00288   -0.17149   -0.16838     -1.813517 
 280   18   19  4   0  0 0.020 01.0  0.00182   +0.01260   +0.00938    -25.555556 
 281   19   20  4   0  0 0.020 01.0  0.00176   +0.00460   +0.00814    +76.956522 
 282   21   20  4   0  0 0.020 01.0  0.00176   +0.00449   +0.00836    +86.191537 
 283   21   22  4   0  0 0.020 01.0  0.00176   -0.00449   -0.00934   +108.017817 
 284   22   23  4   0  0 0.020 01.0  0.00193   +0.02915   +0.03047     +4.528302 
 285   23   24  4   0  0 0.020 01.0  0.00181   +0.01209   +0.00962    -20.430108 
 286   24   25  4   0  0 0.020 01.0  0.00175   +0.00270   +0.00529    +95.925926 
 287   24   25  4   0  0 0.020 01.0  0.00175   +0.00259   +0.00247     -4.633205 
 288   24   26  4   0  0 0.020 01.0  0.00184   +0.01584   +0.01907    +20.391414 
 289   26   27  4   0  0 0.020 01.0  0.00184   +0.01537   +0.01564     +1.756669 
 290   27   28  4   0  0 0.020 01.0  0.00179   +0.00887   +0.00992    +11.837655 
 291   28   29  4   0  0 0.020 01.0  0.00181   -0.01192   -0.01497    +25.587248 
 292    7   29  4   0  0 0.020 01.0  0.00206   +0.04975   +0.04807     -3.376884 
 293   25   30  4   0  0 0.020 01.0  0.00198   +0.03720   +0.03479     -6.478495 
 294   30   31  4   0  0 0.020 01.0  0.00188   +0.02224   +0.02621    +17.850719 
 295   31   32  4   0  0 0.020 01.0  0.00174   -0.00148   +0.00347   -334.459459 
 296   32   33  4   0  0 0.020 01.0  0.00183   +0.01504   +0.01640     +9.042553 
 297   34   32  4   0  0 0.020 01.0  0.00191   +0.02621   +0.03070    +17.130866 
 298   34   35  4   0  0 0.020 01.0  0.00191   -0.02621   -0.02071    -20.984357 
 299   35   36  4   0  0 0.020 01.0  0.00205   -0.04724   -0.04543     -3.831499 
 300   36   37  4   0  0 0.020 01.0  0.00234   -0.09092   -0.08673     -4.608447 
 301   37   38  4   0  0 0.020 01.0  0.00253   -0.11985   -0.12130     +1.209846 
 302   37   39  4   0  0 0.020 01.0  0.00192   +0.02802   +0.02782     -0.713776 
 303   36   40  4   0  0 0.020 01.0  0.00203   +0.04466   +0.03934    -11.912226 
 304   22   38  4   0  0 0.020 01.0  0.00196   -0.03370   -0.03014    -10.563798 
 305   11   41  4   0  0 0.020 01.0  0.00186   +0.01916   +0.01750     -8.663883 
 306   41   42  4   0  0 0.020 01.0  0.00185   +0.01676   +0.02062    +23.031026 
 307   41   43  4   0  0 0.020 01.0  0.00182   -0.01237   -0.00701    -43.330639 
 308   38   44  4   0  0 0.020 01.0  0.00208   +0.05237   +0.05217     -0.381898 
 309   15   45  4   0  0 0.020 01.0  0.00192   -0.02821   -0.02987     +5.884438 
 310   14   46  4   0  0 0.020 01.0  0.00332   +0.23791   +0.22903     -3.732504 
 311   46   47  4   0  0 0.020 01.0  0.00324   +0.22607   +0.23412     +3.560844 
 312   47   48  4   0  0 0.020 01.0  0.00258   +0.12678   +0.12995     +2.500394 
 313   48   49  4   0  0 0.020 01.0  0.00209   -0.05286   -0.05364     +1.475596 
 314   49   50  4   0  0 0.020 01.0  0.00214   +0.06112   +0.06713     +9.833115 
 315   50   51  4   0  0 0.020 01.0  0.00189   -0.02340   -0.02086    -10.854701 
 316   10   51  4   0  0 0.020 01.0  0.00220   +0.06950   +0.07156     +2.964029 
 317   13   49  4   0  0 0.020 01.0  0.00361   +0.28189   +0.28221     +0.113519 
 318   29   52  4   0  0 0.020 01.0  0.00173   -0.00016   +0.00377  -2456.250000 
 319   52   53  4   0  0 0.020 01.0  0.00187   -0.02058   -0.02551    +23.955296 
 320   53   54  4   0  0 0.020 01.0  0.00198   -0.03697   -0.03731     +0.919665 
 321   54   55  4   0  0 0.020 01.0  0.00206   -0.04915   -0.05148     +4.740590 
 322   11   43  4   0  0 0.020 01.0  0.00190   +0.02537   +0.02189    -13.716989 
 323   44   45  4   0  0 0.020 01.0  0.00199   +0.03886   +0.03469    -10.730829 
 324   40   56  4   0  0 0.020 01.0  0.00203   +0.04453   +0.04942    +10.981361 
 325   56   41  4   0  0 0.020 01.0  0.00183   +0.01411   +0.00940    -33.380581 
 326   56   42  4   0  0 0.020 01.0  0.00187   +0.02019   +0.02533    +25.458148 
 327   39   57  4   0  0 0.020 01.0  0.00192   +0.02796   +0.03026     +8.226037 
 328   57   56  4   0  0 0.020 01.0  0.00180   +0.00982   +0.00455    -53.665988 
 329   38   49  4   0  0 0.020 01.0  0.00231   -0.08584   -0.09269     +7.979963 
 330   38   48  4   0  0 0.020 01.0  0.00291   -0.17692   -0.17074     -3.493104 
 331    9   55  4   0  0 0.020 01.0  0.00228   +0.08171   +0.08126     -0.550728 
 332    2    1  1   0  0 0.020 01.0  0.00973   +1.19971   +1.21938     +1.639563 
 333    3    2  1   0  0 0.020 01.0  0.01020   +1.26955   +1.25246     -1.346146 
 334    4    3  1   0  0 0.020 01.0  0.00759   -0.87830   -0.86437     -1.586018 
 335    5    4  1   0  0 0.020 01.0  0.00350   -0.26575   -0.27103     +1.986830 
 336    6    4  1   0  0 0.020 01.0  0.00387   -0.32011   -0.30855     -3.611259 
 337    7    6  1   0  0 0.020 01.0  0.00203   -0.04452   -0.03918    -11.994609 
 338    8    6  1   0  0 0.020 01.0  0.00278   +0.15632   +0.15721     +0.569345 
 339    9    8  1   0  0 0.020 01.0  0.00974   -1.20080   -1.17669     -2.007828 
 340   10    9  1   0  0 0.020 01.0  0.00343   -0.25385   -0.25107     -1.095135 
 341   11    9  1   0  0 0.020 01.0  0.00307   -0.20009   -0.19493     -2.578840 
 342   12    9  1   0  0 0.020 01.0  0.00247   -0.11087   -0.10987     -0.901957 
 343   13    9  1   0  0 0.020 01.0  0.00252   -0.11739   -0.12204     +3.961155 
 344   14   13  1   0  0 0.020 01.0  0.00225   +0.07754   +0.08303     +7.080217 
 345   15   13  1   0  0 0.020 01.0  0.00427   +0.38020   +0.38058     +0.099947 
 346   15    1  1   0  0 0.020 01.0  0.00506   +0.49879   +0.51393     +3.035346 
 347   16    1  1   0  0 0.020 01.0  0.00248   -0.11231   -0.11414     +1.629419 
 348   17    1  1   0  0 0.020 01.0  0.00322   -0.22349   -0.22917     +2.541501 
 349   15    3  1   0  0 0.020 01.0  0.01416   -1.86408   -1.84454     -1.048238 
 350   18    4  1   0  0 0.020 01.0  0.00256   -0.12434   -0.12721     +2.308187 
 351   18    4  1   0  0 0.020 01.0  0.00279   -0.15917   -0.16558     +4.027141 
 352    6    5  1   0  0 0.020 01.0  0.00281   -0.16195   -0.15539     -4.050633 
 353    8    7  1   0  0 0.020 01.0  0.00469   +0.44339   +0.44883     +1.226911 
 354   12   10  1   0  0 0.020 01.0  0.00231   +0.08570   +0.09178     +7.094516 
 355   13   11  1   0  0 0.020 01.0  0.00187   -0.02091   -0.02184     +4.447633 
 356   13   12  1   0  0 0.020 01.0  0.00303   +0.19383   +0.19956     +2.956199 
 357   16   12  1   0  0 0.020 01.0  0.00325   -0.22769   -0.22174     -2.613202 
 358   17   12  1   0  0 0.020 01.0  0.00246   -0.10851   -0.11057     +1.898443 
 359   15   14  1   0  0 0.020 01.0  0.00533   +0.53972   +0.55295     +2.451271 
 360   19   18  1   0  0 0.020 01.0  0.00218   -0.06649   -0.06926     +4.166040 
 361   20   19  1   0  0 0.020 01.0  0.00200   -0.04004   -0.04406    +10.039960 
 362   20   21  1   0  0 0.020 01.0  0.00188   +0.02204   +0.02154     -2.268603 
 363   22   21  1   0  0 0.020 01.0  0.00188   -0.02200   -0.02491    +13.227273 
 364   23   22  1   0  0 0.020 01.0  0.00215   -0.06319   -0.06963    +10.191486 
 365   24   23  1   0  0 0.020 01.0  0.00182   -0.01312   -0.01186     -9.603659 
 366   25   24  1   0  0 0.020 01.0  0.00211   -0.05657   -0.05453     -3.606152 
 367   25   24  1   0  0 0.020 01.0  0.00210   -0.05436   -0.05235     -3.697572 
 368   26   24  1   0  0 0.020 01.0  0.00238   +0.09781   +0.10040     +2.647991 
 369   27   26  1   0  0 0.020 01.0  0.00240   +0.09944   +0.10448     +5.068383 
 370   28   27  1   0  0 0.020 01.0  0.00290   +0.17425   +0.16621     -4.614060 
 371   29   28  1   0  0 0.020 01.0  0.00315   +0.21203   +0.21544     +1.608263 
 372   29    7  1   0  0 0.020 01.0  0.00497   -0.48520   -0.48308     -0.436933 
 373   30   25  1   0  0 0.020 01.0  0.00214   -0.06030   -0.05786     -4.046434 
 374   31   30  1   0  0 0.020 01.0  0.00194   -0.03182   -0.02720    -14.519170 
 375   32   31  1   0  0 0.020 01.0  0.00183   +0.01428   +0.01172    -17.927171 
 376   33   32  1   0  0 0.020 01.0  0.00193   -0.03000   -0.03500    +16.666667 
 377   32   34  1   0  0 0.020 01.0  0.00212   -0.05733   -0.05969     +4.116518 
 378   35   34  1   0  0 0.020 01.0  0.00212   +0.05752   +0.06120     +6.397775 
 379   36   35  1   0  0 0.020 01.0  0.00243   +0.10507   +0.10505     -0.019035 
 380   37   36  1   0  0 0.020 01.0  0.00262   +0.13330   +0.13231     -0.742686 
 381   38   37  1   0  0 0.020 01.0  0.00284   +0.16662   +0.16096     -3.396951 
 382   39   37  1   0  0 0.020 01.0  0.00194   -0.03075   -0.03349     +8.910569 
 383   40   36  1   0  0 0.020 01.0  0.00192   -0.02743   -0.02531     -7.728764 
 384   38   22  1   0  0 0.020 01.0  0.00201   +0.04128   +0.04510     +9.253876 
 385   41   11  1   0  0 0.020 01.0  0.00221   -0.07215   -0.06942     -3.783784 
 386   42   41  1   0  0 0.020 01.0  0.00220   -0.06947   -0.06846     -1.453865 
 387   43   41  1   0  0 0.020 01.0  0.00234   +0.09096   +0.09790     +7.629727 
 388   44   38  1   0  0 0.020 01.0  0.00288   +0.17225   +0.17158     -0.388970 
 389   45   15  1   0  0 0.020 01.0  0.00354   -0.27137   -0.27152     +0.055275 
 390   46   14  1   0  0 0.020 01.0  0.00422   -0.37376   -0.37949     +1.533069 
 391   47   46  1   0  0 0.020 01.0  0.00420   -0.37004   -0.36613     -1.056643 
 392   48   47  1   0  0 0.020 01.0  0.00263   -0.13449   -0.13596     +1.093018 
 393   49   48  1   0  0 0.020 01.0  0.00181   -0.01089   -0.01306    +19.926538 
 394   50   49  1   0  0 0.020 01.0  0.00238   -0.09781   -0.09630     -1.543809 
 395   51   50  1   0  0 0.020 01.0  0.00219   +0.06884   +0.07267     +5.563626 
 396   51   10  1   0  0 0.020 01.0  0.00314   -0.21084   -0.20197     -4.206982 
 397   49   13  1   0  0 0.020 01.0  0.00344   -0.25608   -0.25044     -2.202437 
 398   52   29  1   0  0 0.020 01.0  0.00264   -0.13653   -0.13494     -1.164579 
 399   53   52  1   0  0 0.020 01.0  0.00238   -0.09679   -0.09751     +0.743878 
 400   54   53  1   0  0 0.020 01.0  0.00215   +0.06217   +0.05770     -7.189963 
 401   55   54  1   0  0 0.020 01.0  0.00237   +0.09603   +0.09192     -4.279913 
 402   43   11  1   0  0 0.020 01.0  0.00245   -0.10696   -0.10402     -2.748691 
 403   45   44  1   0  0 0.020 01.0  0.00354   +0.27137   +0.28107     +3.574456 
 404   56   40  1   0  0 0.020 01.0  0.00192   -0.02743   -0.02587     -5.687204 
 405   41   56  1   0  0 0.020 01.0  0.00202   +0.04261   +0.04735    +11.124149 
 406   42   56  1   0  0 0.020 01.0  0.00182   +0.01347   +0.01037    -23.014105 
 407   57   39  1   0  0 0.020 01.0  0.00194   -0.03075   -0.02862     -6.926829 
 408   56   57  1   0  0 0.020 01.0  0.00188   +0.02235   +0.02026     -9.351230 
 409   49   38  1   0  0 0.020 01.0  0.00191   +0.02621   +0.02078    -20.717283 
 410   48   38  1   0  0 0.020 01.0  0.00256   +0.12340   +0.12831     +3.978930 
 411   55    9  1   0  0 0.020 01.0  0.00273   -0.15003   -0.15113     +0.733187 
 412    2    1  4   0  0 0.020 01.0  0.00933   -1.14027   -1.16330     +2.019697 
 413    3    2  4   0  0 0.020 01.0  0.00327   -0.23083   -0.22229     -3.699692 
 414    4    3  4   0  0 0.020 01.0  0.00212   -0.05822   -0.05961     +2.387496 
 415    5    4  4   0  0 0.020 01.0  0.00189   -0.02401   -0.02301     -4.164931 
 416    6    4  4   0  0 0.020 01.0  0.00223   -0.07499   -0.07848     +4.653954 
 417    7    6  4   0  0 0.020 01.0  0.00193   -0.02884   -0.02706     -6.171983 
 418    8    6  4   0  0 0.020 01.0  0.00189   -0.02330   -0.02481     +6.480687 
 419    9    8  4   0  0 0.020 01.0  0.00230   +0.08542   +0.08516     -0.304378 
 420   10    9  4   0  0 0.020 01.0  0.00194   +0.03136   +0.03021     -3.667092 
 421   11    9  4   0  0 0.020 01.0  0.00184   +0.01566   +0.01382    -11.749681 
 422   12    9  4   0  0 0.020 01.0  0.00206   +0.04945   +0.04657     -5.824065 
 423   13    9  4   0  0 0.020 01.0  0.00185   +0.01804   +0.02102    +16.518847 
 424   14   13  4   0  0 0.020 01.0  0.00246   -0.10842   -0.11224     +3.523335 
 425   15   13  4   0  0 0.020 01.0  0.00208   +0.05204   +0.05780    +11.068409 
 426   15    1  4   0  0 0.020 01.0  0.00469   -0.44351   -0.43159     -2.687651 
 427   16    1  4   0  0 0.020 01.0  0.00246   -0.10914   -0.11247     +3.051127 
 428   17    1  4   0  0 0.020 01.0  0.00250   -0.11512   -0.11927     +3.604934 
 429   15    3  4   0  0 0.020 01.0  0.00311   +0.20577   +0.20115     -2.245225 
 430   18    4  4   0  0 0.020 01.0  0.00173   +0.00008   -0.00255  -3287.500000 
 431   18    4  4   0  0 0.020 01.0  0.00187   +0.02119   +0.01826    -13.827277 
 432    6    5  4   0  0 0.020 01.0  0.00175   -0.00278   -0.00354    +27.338129 
 433    8    7  4   0  0 0.020 01.0  0.00184   +0.01537   +0.01896    +23.357189 
 434   12   10  4   0  0 0.020 01.0  0.00255   +0.12197   +0.12376     +1.467574 
 435   13   11  4   0  0 0.020 01.0  0.00201   +0.04179   +0.03809     -8.853793 
 436   13   12  4   0  0 0.020 01.0  0.00437   -0.39532   -0.38724     -2.043914 
 437   16   12  4   0  0 0.020 01.0  0.00230   +0.08514   +0.09184     +7.869392 
 438   17   12  4   0  0 0.020 01.0  0.00208   +0.05212   +0.04773     -8.422870 
 439   15   14  4   0  0 0.020 01.0  0.00289   +0.17391   +0.18004     +3.524812 
 440   19   18  4   0  0 0.020 01.0  0.00180   -0.00960   -0.01242    +29.375000 
 441   20   19  4   0  0 0.020 01.0  0.00176   -0.00390   -0.00478    +22.564103 
 442   20   21  4   0  0 0.020 01.0  0.00176   -0.00410   -0.00598    +45.853659 
 443   22   21  4   0  0 0.020 01.0  0.00176   +0.00454   +0.00385    -15.198238 
 444   23   22  4   0  0 0.020 01.0  0.00193   -0.02909   -0.03108     +6.840839 
 445   24   23  4   0  0 0.020 01.0  0.00187   -0.02113   -0.02564    +21.344061 
 446   25   24  4   0  0 0.020 01.0  0.00174   +0.00080   +0.00259   +223.750000 
 447   25   24  4   0  0 0.020 01.0  0.00174   +0.00077   -0.00393   -610.389610 
 448   26   24  4   0  0 0.020 01.0  0.00184   -0.01537   -0.01867    +21.470397 
 449   27   26  4   0  0 0.020 01.0  0.00182   -0.01287   -0.01288     +0.077700 
 450   28   27  4   0  0 0.020 01.0  0.00177   -0.00608   -0.00847    +39.309211 
 451   29   28  4   0  0 0.020 01.0  0.00183   +0.01442   +0.01354     -6.102635 
 452   29    7  4   0  0 0.020 01.0  0.00197   -0.03527   -0.03412     -3.260561 
 453   30   25  4   0  0 0.020 01.0  0.00198   -0.03624   -0.04159    +14.762693 
 454   31   30  4   0  0 0.020 01.0  0.00188   -0.02152   -0.01716    -20.260223 
 455   32   31  4   0  0 0.020 01.0  0.00174   +0.00164   +0.00539   +228.658537 
 456   33   32  4   0  0 0.020 01.0  0.00183   -0.01500   -0.01956    +30.400000 
 457   32   34  4   0  0 0.020 01.0  0.00188   -0.02268   -0.02632    +16.049383 
 458   35   34  4   0  0 0.020 01.0  0.00189   +0.02324   +0.01773    -23.709122 
 459   36   35  4   0  0 0.020 01.0  0.00204   +0.04627   +0.04737     +2.377350 
 460   37   36  4   0  0 0.020 01.0  0.00235   +0.09183   +0.09476     +3.190678 
 461   38   37  4   0  0 0.020 01.0  0.00254   +0.12162   +0.12557     +3.247821 
 462   39   37  4   0  0 0.020 01.0  0.00192   -0.02796   -0.03125    +11.766810 
 463   40   36  4   0  0 0.020 01.0  0.00203   -0.04453   -0.03885    -12.755446 
 464   38   22  4   0  0 0.020 01.0  0.00196   +0.03377   +0.03359     -0.533017 
 465   41   11  4   0  0 0.020 01.0  0.00184   -0.01531   -0.02013    +31.482691 
 466   42   41  4   0  0 0.020 01.0  0.00183   -0.01501   -0.01854    +23.517655 
 467   43   41  4   0  0 0.020 01.0  0.00184   +0.01565   +0.01387    -11.373802 
 468   44   38  4   0  0 0.020 01.0  0.00209   -0.05286   -0.04810     -9.004919 
 469   45   15  4   0  0 0.020 01.0  0.00197   +0.03512   +0.02972    -15.375854 
 470   46   14  4   0  0 0.020 01.0  0.00324   -0.22607   -0.22888     +1.242978 
 471   47   46  4   0  0 0.020 01.0  0.00319   -0.21878   -0.21609     -1.229546 
 472   48   47  4   0  0 0.020 01.0  0.00257   -0.12608   -0.12101     -4.021256 
 473   49   48  4   0  0 0.020 01.0  0.00205   +0.04773   +0.04212    -11.753614 
 474   50   49  4   0  0 0.020 01.0  0.00213   -0.05960   -0.05588     -6.241611 
 475   51   50  4   0  0 0.020 01.0  0.00190   +0.02443   +0.01933    -20.875972 
 476   51   10  4   0  0 0.020 01.0  0.00218   -0.06643   -0.06909     +4.004215 
 477   49   13  4   0  0 0.020 01.0  0.00346   -0.25957   -0.26430     +1.822244 
 478   52   29  4   0  0 0.020 01.0  0.00176   +0.00358   +0.00794   +121.787709 
 479   53   52  4   0  0 0.020 01.0  0.00188   +0.02154   +0.02272     +5.478180 
 480   54   53  4   0  0 0.020 01.0  0.00199   +0.03815   +0.03817     +0.052425 
 481   55   54  4   0  0 0.020 01.0  0.00208   +0.05158   +0.05453     +5.719271 
 482   43   11  4   0  0 0.020 01.0  0.00189   -0.02365   -0.02806    +18.646934 
 483   45   44  4   0  0 0.020 01.0  0.00197   -0.03512   -0.03058    -12.927107 
 484   56   40  4   0  0 0.020 01.0  0.00201   -0.04164   -0.04128     -0.864553 
 485   41   56  4   0  0 0.020 01.0  0.00182   -0.01308   -0.01848    +41.284404 
 486   42   56  4   0  0 0.020 01.0  0.00187   -0.01999   -0.02377    +18.909455 
 487   57   39  4   0  0 0.020 01.0  0.00191   -0.02582   -0.02854    +10.534469 
 488   56   57  4   0  0 0.020 01.0  0.00180   -0.00967   -0.01464    +51.396070 
 489   49   38  4   0  0 0.020 01.0  0.00229   +0.08372   +0.08622     +2.986144 
 490   48   38  4   0  0 0.020 01.0  0.00293   +0.17894   +0.17065     -4.632838 
 491   55    9  4   0  0 0.020 01.0  0.00226   -0.07858   -0.07858     +0.000000 
----------------------------------------------------------------------------------
Número de medidores SCADA:     491
Número de PMUs:                0
Número de medidas das PMUs:    0
----------------------------------------------------------------------------------

Não há medidas de ângulo.
Não há medidores desabilitados.
============================== Estado Estimado ===================================
                 Barra     Mod(pu)    Ang(graus)              
----------------------------------------------------------------------------------
                    1            1.0402              0.00        
                    2            1.0193              2.31        
                    3            1.0348              8.46        
                    4            1.0234              6.77        
                    5            1.0047              4.82        
                    6            1.0000              4.23        
                    7            0.9976              4.00        
                    8            1.0051              5.77        
                    9            0.9969              2.25        
                   10            0.9952             -0.31        
                   11            0.9937              1.24        
                   12            1.0150              0.08        
                   13            0.9971              1.09        
                   14            0.9936              1.36        
                   15            1.0122              2.86        
                   16            1.0185             -1.04        
                   17            1.0237             -1.19        
                   18            1.0507              3.40        
                   19            1.0132              1.25        
                   20            0.9996              0.31        
                   21            1.0486             -0.85        
                   22            1.0477             -1.02        
                   23            1.0466             -1.05        
                   24            1.0402             -1.14        
                   25            1.0391             -4.72        
                   26            0.9966             -0.86        
                   27            1.0097              0.73        
                   28            1.0196              1.66        
                   29            1.0290              2.31        
                   30            1.0238             -5.10        
                   31            1.0029             -5.54        
                   32            1.0108             -4.94        
                   33            1.0091             -4.96        
                   34            1.0090             -1.94        
                   35            1.0138             -1.75        
                   36            1.0206             -1.55        
                   37            1.0274             -1.44        
                   38            1.0494             -0.99        
                   39            1.0256             -1.46        
                   40            1.0178             -1.55        
                   41            1.0273             -1.61        
                   42            1.0062             -2.77        
                   43            1.0336              0.37        
                   44            1.0513             -0.39        
                   45            1.0630              1.43        
                   46            1.0883              0.05        
                   47            1.0661             -0.92        
                   48            1.0611             -0.96        
                   49            1.0666             -1.25        
                   50            1.0520             -1.64        
                   51            1.0654             -1.04        
                   52            1.0094              0.88        
                   53            1.0043              0.25        
                   54            1.0246              0.65        
                   55            1.0514              1.32        
                   56            1.0111             -3.28        
                   57            1.0101             -3.69        
----------------------------------------------------------------------------------
Convergiu em:    2 iteraçoes. 
----------------------------------------------------------------------------------
--- RESIDUOS NORMALIZADOS --------------------------------------------------------
   N    D    P  TP      Real     Medido   Estimado      Med-Est        rn 
----------------------------------------------------------------------------------
 190    4   18  1    +0.1243    +0.1266    +0.1502  -2.3566e-02      0.497 
 350   18    4  1    -0.1243    -0.1272    -0.1502  +2.2946e-02      0.484 
 430   18    4  4    +0.0001    -0.0026    +0.0150  -1.7536e-02      0.450 
 132    0   18  5    -0.0770    -0.0714    -0.0868  +1.5362e-02      0.416 
 174    3    4  1    +0.8866    +0.9017    +0.8767  +2.5018e-02      0.323 
 351   18    4  1    -0.1592    -0.1656    -0.1502  -1.5424e-02      0.310 
 270    4   18  4    +0.0077    +0.0057    -0.0061  +1.1866e-02      0.299 
  59    0    2  2    -0.0240    -0.0248    -0.0191  -5.6859e-03      0.279 
  75    0   18  2    -0.2150    -0.2111    -0.2002  -1.0915e-02      0.255 
 336    6    4  1    -0.3201    -0.3085    -0.3233  +1.4743e-02      0.247 
 359   15   14  1    +0.5397    +0.5530    +0.5360  +1.6992e-02      0.245 
 339    9    8  1    -1.2008    -1.1767    -1.1976  +2.0928e-02      0.235 
  61    0    4  2    -0.0000    +0.0049    +0.0007  +4.1571e-03      0.226 
 346   15    1  1    +0.4988    +0.5139    +0.4993  +1.4641e-02      0.221 
  32    0   32  6    +1.0118    +1.0258    +1.0108  +1.4945e-02      0.218 
 116    0    2  5    -0.8650    -0.8669    -0.8816  +1.4710e-02      0.216 
   2    0    2  6    +1.0194    +1.0345    +1.0193  +1.5236e-02      0.215 
 310   14   46  4    +0.2379    +0.2290    +0.2401  -1.1085e-02      0.211 
  27    0   27  6    +1.0097    +1.0246    +1.0097  +1.4831e-02      0.211 
  29    0   29  6    +1.0289    +1.0438    +1.0290  +1.4751e-02      0.207 
  22    0   22  6    +1.0479    +1.0328    +1.0477  -1.4874e-02      0.207 
  58    0    1  2    -1.3328    -1.3482    -1.3315  -1.6687e-02      0.206 
 426   15    1  4    -0.4435    -0.4316    -0.4449  +1.3340e-02      0.205 
   6    0    6  6    +1.0000    +0.9859    +1.0000  -1.4126e-02      0.201 
  46    0   46  6    +1.0884    +1.1029    +1.0883  +1.4631e-02      0.200 
 403   45   44  1    +0.2714    +0.2811    +0.2700  +1.1114e-02      0.198 
  53    0   53  6    +1.0045    +0.9905    +1.0043  -1.3756e-02      0.197 
   8    0    8  6    +1.0050    +1.0188    +1.0051  +1.3777e-02      0.196 
 176    4    6  1    +0.3247    +0.3163    +0.3279  -1.1637e-02      0.195 
 131    0   17  5    -0.0630    -0.0607    -0.0671  +6.3998e-03      0.192 
 276   12   13  4    +0.3442    +0.3555    +0.3444  +1.1163e-02      0.191 
 387   43   41  1    +0.0910    +0.0979    +0.0893  +8.5593e-03      0.191 
  34    0   34  6    +1.0087    +1.0223    +1.0090  +1.3283e-02      0.189 
 332    2    1  1    +1.1997    +1.2194    +1.2020  +1.7386e-02      0.189 
  30    0   30  6    +1.0245    +1.0108    +1.0238  -1.2981e-02      0.188 
 307   41   43  4    -0.0124    -0.0070    -0.0143  +7.2500e-03      0.185 
  47    0   47  6    +1.0664    +1.0533    +1.0661  -1.2899e-02      0.178 
 364   23   22  1    -0.0632    -0.0696    -0.0626  -7.0160e-03      0.178 
 201   19   20  1    +0.0405    +0.0345    +0.0417  -7.1776e-03      0.177 
 192    5    6  1    +0.1628    +0.1702    +0.1619  +8.3026e-03      0.176 
 266    1   15  4    +0.3753    +0.3873    +0.3768  +1.0465e-02      0.172 
  35    0   35  6    +1.0136    +1.0258    +1.0138  +1.1981e-02      0.170 
  39    0   39  6    +1.0258    +1.0136    +1.0256  -1.2038e-02      0.170 
 110    0   53  2    -0.1580    -0.1503    -0.1574  +7.1372e-03      0.168 
 478   52   29  4    +0.0036    +0.0079    +0.0018  +6.1326e-03      0.168 
 224   22   38  1    -0.0412    -0.0355    -0.0417  +6.1613e-03      0.168 
  56    0   56  6    +1.0126    +0.9994    +1.0111  -1.1649e-02      0.167 
 113    0   56  2    -0.0600    -0.0556    -0.0608  +5.2406e-03      0.167 
 154    0   40  5    -0.0000    -0.0030    +0.0025  -5.5384e-03      0.166 
  72    0   15  2    -0.1740    -0.1819    -0.1778  -4.0304e-03      0.164 
 120    0    6  5    -0.0960    -0.0899    -0.0953  +5.4630e-03      0.163 
 206   24   25  1    +0.0566    +0.0620    +0.0549  +7.1287e-03      0.162 
 473   49   48  4    +0.0477    +0.0421    +0.0490  -6.8972e-03      0.161 
 187    1   16  1    +0.1132    +0.1200    +0.1124  +7.5805e-03      0.161 
  23    0   23  6    +1.0469    +1.0351    +1.0466  -1.1534e-02      0.161 
 238   29   52  1    +0.1392    +0.1471    +0.1399  +7.2806e-03      0.159 
 354   12   10  1    +0.0857    +0.0918    +0.0848  +6.9510e-03      0.159 
  82    0   25  2    -0.0500    -0.0460    -0.0512  +5.1664e-03      0.158 
 149    0   35  5    -0.0240    -0.0184    -0.0236  +5.1574e-03      0.157 
 182    9   12  1    +0.1121    +0.1195    +0.1118  +7.6865e-03      0.156 
 328   57   56  4    +0.0098    +0.0046    +0.0103  -5.7920e-03      0.156 
  21    0   21  6    +1.0490    +1.0374    +1.0486  -1.1180e-02      0.156 
 409   49   38  1    +0.0262    +0.0208    +0.0273  -6.5398e-03      0.156 
 261    9   11  4    -0.0338    -0.0381    -0.0318  -6.3139e-03      0.156 
  65    0    8  2    +1.8150    +1.8251    +1.8098  +1.5331e-02      0.155 
 314   49   50  4    +0.0611    +0.0671    +0.0607  +6.3882e-03      0.154 
 485   41   56  4    -0.0131    -0.0185    -0.0121  -6.3699e-03      0.154 
   4    0    4  6    +1.0233    +1.0124    +1.0234  -1.0931e-02      0.154 
   1    0    1  6    +1.0400    +1.0512    +1.0402  +1.0999e-02      0.154 
 437   16   12  4    +0.0851    +0.0918    +0.0853  +6.5382e-03      0.153 
  55    0   55  6    +1.0514    +1.0624    +1.0514  +1.0985e-02      0.153 
 186    1   15  1    -0.4918    -0.4822    -0.4923  +1.0037e-02      0.152 
 128    0   14  5    -0.0420    -0.0364    -0.0406  +4.2215e-03      0.150 
 173    2    3  1    -1.2237    -1.2068    -1.2211  +1.4238e-02      0.150 
  84    0   27  2    -0.0730    -0.0735    -0.0683  -5.2432e-03      0.148 
 333    3    2  1    +1.2695    +1.2525    +1.2667  -1.4212e-02      0.148 
 197   12   16  1    +0.2288    +0.2205    +0.2278  -7.3039e-03      0.145 
 274   10   12  4    -0.1519    -0.1468    -0.1539  +7.0833e-03      0.144 
 445   24   23  4    -0.0211    -0.0256    -0.0200  -5.6379e-03      0.143 
  50    0   50  6    +1.0519    +1.0622    +1.0520  +1.0274e-02      0.143 
 349   15    3  1    -1.8641    -1.8445    -1.8606  +1.6041e-02      0.143 
  15    0   15  6    +1.0122    +1.0223    +1.0122  +1.0102e-02      0.143 
  69    0   12  2    +0.1220    +0.1256    +0.1213  +4.2517e-03      0.143 
 471   47   46  4    -0.2188    -0.2161    -0.2235  +7.3862e-03      0.143 
 376   33   32  1    -0.0300    -0.0350    -0.0297  -5.3067e-03      0.142 
 155    0   41  5    -0.0240    -0.0269    -0.0228  -4.0981e-03      0.141 
  38    0   38  6    +1.0496    +1.0394    +1.0494  -1.0024e-02      0.140 
 329   38   49  4    -0.0858    -0.0927    -0.0862  -6.4794e-03      0.139 
 193    7    8  1    -0.4407    -0.4295    -0.4382  +8.6735e-03      0.139 
 115    0    1  5    +1.5945    +1.6265    +1.6140  +1.2495e-02      0.139 
  11    0   11  6    +0.9938    +0.9841    +0.9937  -9.6476e-03      0.138 
 229   15   45  1    +0.2714    +0.2618    +0.2693  -7.5074e-03      0.137 
 469   45   15  4    +0.0351    +0.0297    +0.0351  -5.3652e-03      0.136 
  16    0   16  6    +1.0185    +1.0281    +1.0185  +9.6252e-03      0.136 
  36    0   36  6    +1.0205    +1.0111    +1.0206  -9.4613e-03      0.134 
 436   13   12  4    -0.3953    -0.3872    -0.3955  +8.2357e-03      0.134 
 170    0   56  5    -0.0170    -0.0225    -0.0187  -3.7918e-03      0.133 
 189    3   15  1    +1.9199    +1.9310    +1.9162  +1.4849e-02      0.132 
  51    0   51  6    +1.0658    +1.0748    +1.0654  +9.4281e-03      0.130 
 490   48   38  4    +0.1789    +0.1706    +0.1769  -6.2738e-03      0.130 
 454   31   30  4    -0.0215    -0.0172    -0.0222  +5.0133e-03      0.130 
 353    8    7  1    +0.4434    +0.4488    +0.4409  +7.9728e-03      0.128 
 257    6    7  4    +0.0015    -0.0031    +0.0018  -4.8151e-03      0.126 
 217   34   32  1    +0.0573    +0.0521    +0.0573  -5.2141e-03      0.125 
 250   38   48  1    -0.1221    -0.1182    -0.1237  +5.5476e-03      0.125 
 102    0   45  2    +0.0000    -0.0026    +0.0007  -3.2687e-03      0.125 
 343   13    9  1    -0.1174    -0.1220    -0.1160  -6.0423e-03      0.124 
 400   54   53  1    +0.0622    +0.0577    +0.0629  -5.2089e-03      0.124 
 136    0   22  5    +0.0000    -0.0010    +0.0025  -3.4420e-03      0.123 
 237   13   49  1    +0.2561    +0.2464    +0.2533  -6.9511e-03      0.123 
 228   38   44  1    -0.1714    -0.1656    -0.1714  +5.7853e-03      0.123 
 163    0   49  5    -0.0670    -0.0625    -0.0660  +3.5707e-03      0.122 
 184   13   14  1    -0.0773    -0.0729    -0.0781  +5.1862e-03      0.122 
 463   40   36  4    -0.0445    -0.0389    -0.0436  +4.7103e-03      0.122 
 352    6    5  1    -0.1620    -0.1554    -0.1611  +5.6835e-03      0.120 
 395   51   50  1    +0.0688    +0.0727    +0.0675  +5.2193e-03      0.120 
 455   32   31  4    +0.0016    +0.0054    +0.0008  +4.5426e-03      0.119 
 319   52   53  4    -0.0206    -0.0255    -0.0210  -4.5044e-03      0.119 
 488   56   57  4    -0.0097    -0.0146    -0.0102  -4.4359e-03      0.119 
 412    2    1  4    -1.1403    -1.1633    -1.1530  -1.0341e-02      0.119 
 370   28   27  1    +0.1742    +0.1662    +0.1719  -5.7009e-03      0.119 
 207   24   25  1    +0.0544    +0.0601    +0.0549  +5.2087e-03      0.119 
 167    0   53  5    -0.0790    -0.0841    -0.0796  -4.5073e-03      0.118 
 362   20   21  1    +0.0220    +0.0215    +0.0262  -4.6449e-03      0.118 
 447   25   24  4    +0.0008    -0.0039    +0.0008  -4.7174e-03      0.118 
 262    9   12  4    -0.1218    -0.1156    -0.1215  +5.8533e-03      0.117 
 101    0   44  2    -0.0950    -0.0895    -0.0936  +4.1334e-03      0.116 
 111    0   54  2    -0.0320    -0.0264    -0.0301  +3.7397e-03      0.116 
  60    0    3  2    +4.0760    +4.0424    +4.0595  -1.7165e-02      0.116 
 365   24   23  1    -0.0131    -0.0119    -0.0162  +4.3704e-03      0.115 
  24    0   24  6    +1.0407    +1.0321    +1.0402  -8.1792e-03      0.115 
 435   13   11  4    +0.0418    +0.0381    +0.0427  -4.6098e-03      0.114 
 425   15   13  4    +0.0520    +0.0578    +0.0528  +4.9889e-03      0.114 
 212    7   29  1    +0.4852    +0.4911    +0.4840  +7.1691e-03      0.114 
 267    1   16  4    +0.0551    +0.0510    +0.0559  -4.9260e-03      0.113 
 144    0   30  5    -0.0140    -0.0110    -0.0146  +3.6487e-03      0.113 
 126    0   12  5    +0.3143    +0.3218    +0.3171  +4.6571e-03      0.113 
   3    0    3  6    +1.0347    +1.0428    +1.0348  +8.0258e-03      0.112 
 303   36   40  4    +0.0447    +0.0393    +0.0437  -4.3361e-03      0.112 
 344   14   13  1    +0.0775    +0.0830    +0.0783  +4.7209e-03      0.111 
  94    0   37  2    +0.0000    -0.0051    -0.0023  -2.8608e-03      0.110 
  19    0   19  6    +1.0155    +1.0208    +1.0132  +7.5864e-03      0.109 
 295   31   32  4    -0.0015    +0.0035    -0.0007  +4.1553e-03      0.109 
 226   41   42  1    +0.0705    +0.0760    +0.0713  +4.6860e-03      0.109 
 246   56   42  1    -0.0134    -0.0168    -0.0126  -4.2200e-03      0.109 
 216   32   33  1    +0.0300    +0.0257    +0.0297  -3.9994e-03      0.107 
 482   43   11  4    -0.0237    -0.0281    -0.0240  -4.0418e-03      0.107 
 453   30   25  4    -0.0362    -0.0416    -0.0375  -4.0857e-03      0.106 
 304   22   38  4    -0.0337    -0.0301    -0.0340  +3.8369e-03      0.105 
 223   36   40  1    +0.0275    +0.0300    +0.0261  +3.9233e-03      0.105 
  10    0   10  6    +0.9954    +1.0025    +0.9952  +7.3247e-03      0.105 
 312   47   48  4    +0.1268    +0.1300    +0.1254  +4.5906e-03      0.104 
 390   46   14  1    -0.3738    -0.3795    -0.3733  -6.1517e-03      0.103 
  37    0   37  6    +1.0275    +1.0347    +1.0274  +7.2792e-03      0.103 
 439   15   14  4    +0.1739    +0.1800    +0.1749  +5.1561e-03      0.103 
 405   41   56  1    +0.0426    +0.0474    +0.0429  +4.4387e-03      0.102 
 413    3    2  4    -0.2308    -0.2223    -0.2276  +5.2825e-03      0.102 
 458   35   34  4    +0.0232    +0.0177    +0.0215  -3.7670e-03      0.102 
 322   11   43  4    +0.0254    +0.0219    +0.0257  -3.8380e-03      0.101 
 142    0   28  5    -0.0180    -0.0136    -0.0169  +3.3117e-03      0.101 
 280   18   19  4    +0.0126    +0.0094    +0.0133  -3.9577e-03      0.101 
 298   34   35  4    -0.0262    -0.0207    -0.0245  +3.7574e-03      0.100 
 380   37   36  1    +0.1333    +0.1323    +0.1279  +4.3642e-03      0.100 
 200   18   19  1    +0.0685    +0.0715    +0.0672  +4.2615e-03      0.099 
 357   16   12  1    -0.2277    -0.2217    -0.2267  +4.9803e-03      0.099 
 123    0    9  5    -0.1080    -0.1008    -0.1038  +2.9543e-03      0.098 
  79    0   22  2    -0.0000    -0.0051    -0.0024  -2.6781e-03      0.098 
 326   56   42  4    +0.0202    +0.0253    +0.0215  +3.8662e-03      0.098 
 450   28   27  4    -0.0061    -0.0085    -0.0049  -3.5706e-03      0.097 
   9    0    9  6    +0.9969    +1.0037    +0.9969  +6.8012e-03      0.097 
 177    6    7  1    +0.0446    +0.0457    +0.0418  +3.8520e-03      0.096 
  45    0   45  6    +1.0630    +1.0699    +1.0630  +6.9266e-03      0.096 
 293   25   30  4    +0.0372    +0.0348    +0.0385  -3.6850e-03      0.095 
 247   39   57  1    +0.0307    +0.0343    +0.0303  +4.0715e-03      0.095 
  88    0   31  2    -0.0460    -0.0485    -0.0452  -3.3133e-03      0.095 
  28    0   28  6    +1.0196    +1.0262    +1.0196  +6.6420e-03      0.094 
  48    0   48  6    +1.0614    +1.0543    +1.0611  -6.7667e-03      0.094 
 256    4    6  4    +0.0550    +0.0507    +0.0547  -4.0754e-03      0.093 
 263    9   13  4    -0.0560    -0.0595    -0.0553  -4.1657e-03      0.093 
 460   37   36  4    +0.0918    +0.0948    +0.0910  +3.8008e-03      0.093 
  43    0   43  6    +1.0337    +1.0270    +1.0336  -6.5882e-03      0.093 
 384   38   22  1    +0.0413    +0.0451    +0.0417  +3.3982e-03      0.093 
 360   19   18  1    -0.0665    -0.0693    -0.0653  -3.9837e-03      0.092 
 424   14   13  4    -0.1084    -0.1122    -0.1081  -4.1410e-03      0.091 
 127    0   13  5    -0.0180    -0.0170    -0.0190  +1.9690e-03      0.091 
 139    0   25  5    -0.0250    -0.0207    -0.0236  +2.9482e-03      0.091 
 467   43   41  4    +0.0157    +0.0139    +0.0175  -3.5856e-03      0.091 
 325   56   41  4    +0.0141    +0.0094    +0.0131  -3.7444e-03      0.090 
 416    6    4  4    -0.0750    -0.0785    -0.0744  -4.0816e-03      0.090 
  99    0   42  2    -0.0560    -0.0543    -0.0574  +3.1099e-03      0.089 
 465   41   11  4    -0.0153    -0.0201    -0.0164  -3.6995e-03      0.089 
 227   41   43  1    -0.0910    -0.0854    -0.0893  +3.9607e-03      0.088 
 423   13    9  4    +0.0180    +0.0210    +0.0174  +3.6695e-03      0.088 
 242   11   43  1    +0.1070    +0.1104    +0.1066  +3.8196e-03      0.087 
 475   51   50  4    +0.0244    +0.0193    +0.0228  -3.5193e-03      0.087 
 283   21   22  4    -0.0045    -0.0093    -0.0063  -3.0871e-03      0.087 
 158    0   44  5    -0.0140    -0.0101    -0.0128  +2.7283e-03      0.087 
 294   30   31  4    +0.0222    +0.0262    +0.0229  +3.3343e-03      0.087 
 459   36   35  4    +0.0463    +0.0474    +0.0441  +3.2934e-03      0.086 
  33    0   33  6    +1.0101    +1.0031    +1.0091  -5.9084e-03      0.086 
 281   19   20  4    +0.0046    +0.0081    +0.0049  +3.2762e-03      0.086 
 330   38   48  4    -0.1769    -0.1707    -0.1749  +4.1745e-03      0.086 
 178    6    8  1    -0.1555    -0.1517    -0.1561  +4.3167e-03      0.086 
 153    0   39  5    -0.0000    +0.0026    -0.0003  +2.8754e-03      0.086 
 279   14   15  4    -0.1715    -0.1684    -0.1727  +4.2770e-03      0.085 
 122    0    8  5    -0.0743    -0.0699    -0.0727  +2.8268e-03      0.084 
 114    0   57  2    -0.0530    -0.0480    -0.0511  +3.0855e-03      0.084 
 461   38   37  4    +0.1216    +0.1256    +0.1220  +3.5598e-03      0.084 
 374   31   30  1    -0.0318    -0.0272    -0.0305  +3.2879e-03      0.084 
 180    9   10  1    +0.2564    +0.2504    +0.2551  -4.6815e-03      0.084 
  40    0   40  6    +1.0176    +1.0120    +1.0178  -5.8705e-03      0.083 
   7    0    7  6    +0.9976    +1.0034    +0.9976  +5.8003e-03      0.083 
  74    0   17  2    -0.3320    -0.3436    -0.3396  -4.0742e-03      0.083 
 472   48   47  4    -0.1261    -0.1210    -0.1247  +3.6541e-03      0.083 
 148    0   34  5    -0.0000    +0.0005    +0.0032  -2.6625e-03      0.082 
 300   36   37  4    -0.0909    -0.0867    -0.0901  +3.3748e-03      0.082 
 291   28   29  4    -0.0119    -0.0150    -0.0120  -2.9676e-03      0.082 
 438   17   12  4    +0.0521    +0.0477    +0.0512  -3.4968e-03      0.081 
 474   50   49  4    -0.0596    -0.0559    -0.0593  +3.3719e-03      0.081 
  20    0   20  6    +1.0024    +1.0052    +0.9996  +5.6092e-03      0.081 
 151    0   37  5    +0.0000    +0.0019    -0.0002  +2.1564e-03      0.081 
  44    0   44  6    +1.0514    +1.0455    +1.0513  -5.8039e-03      0.081 
 431   18    4  4    +0.0212    +0.0183    +0.0150  +3.2741e-03      0.080 
 162    0   48  5    -0.0000    +0.0002    -0.0019  +2.0950e-03      0.080 
 150    0   36  5    -0.0000    -0.0002    -0.0024  +2.1821e-03      0.080 
 375   32   31  1    +0.0143    +0.0117    +0.0148  -3.0676e-03      0.079 
  67    0   10  2    -0.1280    -0.1302    -0.1329  +2.6796e-03      0.079 
 235   50   51  1    -0.0682    -0.0634    -0.0668  +3.4314e-03      0.079 
 106    0   49  2    -0.1420    -0.1356    -0.1383  +2.6742e-03      0.078 
 393   49   48  1    -0.0109    -0.0131    -0.0100  -3.0650e-03      0.077 
 297   34   32  4    +0.0262    +0.0307    +0.0276  +3.0701e-03      0.077 
  71    0   14  2    -0.0830    -0.0767    -0.0790  +2.2500e-03      0.077 
 233   48   49  1    +0.0111    +0.0071    +0.0102  -3.0587e-03      0.077 
 119    0    5  5    -0.0320    -0.0284    -0.0310  +2.6081e-03      0.077 
 477   49   13  4    -0.2596    -0.2643    -0.2599  -4.3858e-03      0.077 
 164    0   50  5    -0.0830    -0.0783    -0.0811  +2.8282e-03      0.077 
 324   40   56  4    +0.0445    +0.0494    +0.0461  +3.3213e-03      0.076 
 483   45   44  4    -0.0351    -0.0306    -0.0336  +3.0676e-03      0.075 
 137    0   23  5    -0.0170    -0.0216    -0.0191  -2.5090e-03      0.075 
 219   35   36  1    -0.1045    -0.1072    -0.1040  -3.1445e-03      0.075 
 109    0   52  2    -0.0390    -0.0386    -0.0409  +2.3785e-03      0.074 
   5    0    5  6    +1.0047    +0.9995    +1.0047  -5.1920e-03      0.074 
 410   48   38  1    +0.1234    +0.1283    +0.1250  +3.2718e-03      0.074 
 105    0   48  2    -0.0000    +0.0028    +0.0009  +1.9133e-03      0.073 
  17    0   17  6    +1.0240    +1.0186    +1.0237  -5.1035e-03      0.072 
  54    0   54  6    +1.0245    +1.0297    +1.0246  +5.0548e-03      0.072 
 125    0   11  5    +0.0000    -0.0034    -0.0016  -1.8572e-03      0.071 
 433    8    7  4    +0.0154    +0.0190    +0.0162  +2.7252e-03      0.071 
 361   20   19  1    -0.0400    -0.0441    -0.0412  -2.8873e-03      0.071 
  78    0   21  2    -0.0000    -0.0050    -0.0027  -2.2628e-03      0.071 
 382   39   37  1    -0.0307    -0.0335    -0.0308  -2.6497e-03      0.071 
  73    0   16  2    -0.3400    -0.3418    -0.3383  -3.5666e-03      0.070 
  63    0    6  2    -0.5930    -0.6026    -0.5986  -4.0651e-03      0.070 
  31    0   31  6    +1.0035    +1.0076    +1.0029  +4.7590e-03      0.070 
  77    0   20  2    -0.0180    -0.0173    -0.0150  -2.2922e-03      0.070 
 443   22   21  4    +0.0045    +0.0039    +0.0063  -2.4657e-03      0.069 
 356   13   12  1    +0.1938    +0.1996    +0.1961  +3.4266e-03      0.069 
 130    0   16  5    -0.0240    -0.0268    -0.0247  -2.0965e-03      0.068 
 211   28   29  1    -0.2102    -0.2085    -0.2118  +3.2941e-03      0.067 
 401   55   54  1    +0.0960    +0.0919    +0.0949  -2.9705e-03      0.067 
 255    4    5  4    +0.0067    +0.0085    +0.0059  +2.6420e-03      0.067 
 311   46   47  4    +0.2261    +0.2341    +0.2307  +3.4652e-03      0.067 
  80    0   23  2    -0.0500    -0.0439    -0.0463  +2.3665e-03      0.067 
 286   24   25  4    +0.0027    +0.0053    +0.0026  +2.6421e-03      0.066 
 337    7    6  1    -0.0445    -0.0392    -0.0418  +2.6281e-03      0.066 
 239   52   53  1    +0.0975    +0.0990    +0.0962  +2.7833e-03      0.065 
 165    0   51  5    -0.0420    -0.0435    -0.0457  +2.2277e-03      0.065 
 305   11   41  4    +0.0192    +0.0175    +0.0202  -2.7164e-03      0.065 
 481   55   54  4    +0.0516    +0.0545    +0.0518  +2.6946e-03      0.065 
 308   38   44  4    +0.0524    +0.0522    +0.0496  +2.5553e-03      0.064 
 253    2    3  4    +0.2753    +0.2679    +0.2713  -3.4788e-03      0.064 
 140    0   26  5    +0.0000    +0.0006    -0.0015  +2.0322e-03      0.064 
 486   42   56  4    -0.0200    -0.0238    -0.0212  -2.5209e-03      0.063 
 323   44   45  4    +0.0389    +0.0347    +0.0373  -2.6056e-03      0.063 
 429   15    3  4    +0.2058    +0.2011    +0.2043  -3.1573e-03      0.063 
 290   27   28  4    +0.0089    +0.0099    +0.0076  +2.3062e-03      0.062 
  12    0   12  6    +1.0150    +1.0106    +1.0150  -4.3814e-03      0.062 
 278   12   17  4    -0.0986    -0.0947    -0.0976  +2.8699e-03      0.062 
 213   25   30  1    +0.0609    +0.0584    +0.0609  -2.4562e-03      0.062 
 406   42   56  1    +0.0135    +0.0104    +0.0127  -2.3788e-03      0.061 
 448   26   24  4    -0.0154    -0.0187    -0.0164  -2.2525e-03      0.061 
 240   53   54  1    -0.0612    -0.0645    -0.0619  -2.5737e-03      0.061 
 198   12   17  1    +0.1092    +0.1095    +0.1123  -2.8066e-03      0.061 
  89    0   32  2    -0.0130    -0.0146    -0.0128  -1.7830e-03      0.061 
 378   35   34  1    +0.0575    +0.0612    +0.0588  +2.3814e-03      0.060 
 373   30   25  1    -0.0603    -0.0579    -0.0602  +2.3875e-03      0.060 
 402   43   11  1    -0.1070    -0.1040    -0.1066  +2.5704e-03      0.059 
 288   24   26  4    +0.0158    +0.0191    +0.0169  +2.1665e-03      0.059 
 318   29   52  4    -0.0002    +0.0038    +0.0016  +2.1224e-03      0.059 
 462   39   37  4    -0.0280    -0.0313    -0.0291  -2.1835e-03      0.058 
 367   25   24  1    -0.0544    -0.0524    -0.0549  +2.5613e-03      0.058 
  93    0   36  2    +0.0000    +0.0018    +0.0034  -1.5580e-03      0.058 
 248   57   56  1    -0.0222    -0.0186    -0.0208  +2.1970e-03      0.058 
 381   38   37  1    +0.1666    +0.1610    +0.1636  -2.6138e-03      0.058 
 369   27   26  1    +0.0994    +0.1045    +0.1019  +2.6043e-03      0.058 
 195   11   13  1    +0.0210    +0.0188    +0.0210  -2.1921e-03      0.057 
 377   32   34  1    -0.0573    -0.0597    -0.0573  -2.3959e-03      0.057 
 457   32   34  4    -0.0227    -0.0263    -0.0240  -2.2902e-03      0.057 
  70    0   13  2    -0.1420    -0.1383    -0.1399  +1.6724e-03      0.057 
 422   12    9  4    +0.0495    +0.0466    +0.0491  -2.5565e-03      0.057 
 133    0   19  5    -0.0050    -0.0038    -0.0056  +1.7983e-03      0.056 
 121    0    7  5    -0.0000    -0.0006    -0.0021  +1.5453e-03      0.056 
 220   36   37  1    -0.1326    -0.1248    -0.1273  +2.4288e-03      0.056 
 347   16    1  1    -0.1123    -0.1141    -0.1115  -2.6070e-03      0.055 
 209   26   27  1    -0.0978    -0.1027    -0.1002  -2.5084e-03      0.055 
 334    4    3  1    -0.8783    -0.8644    -0.8686  +4.2258e-03      0.055 
 208   24   26  1    -0.0978    -0.1020    -0.0997  -2.3294e-03      0.054 
  41    0   41  6    +1.0281    +1.0234    +1.0273  -3.8178e-03      0.054 
 230   14   46  1    +0.3738    +0.3702    +0.3733  -3.1483e-03      0.053 
 107    0   50  2    -0.1660    -0.1615    -0.1636  +2.1811e-03      0.052 
 159    0   45  5    +0.0000    +0.0030    +0.0014  +1.5723e-03      0.052 
 427   16    1  4    -0.1091    -0.1125    -0.1100  -2.4647e-03      0.052 
 397   49   13  1    -0.2561    -0.2504    -0.2533  +2.8811e-03      0.051 
 440   19   18  4    -0.0096    -0.0124    -0.0104  -1.9979e-03      0.051 
 203   21   22  1    +0.0220    +0.0216    +0.0235  -1.8677e-03      0.051 
 468   44   38  4    -0.0529    -0.0481    -0.0501  +2.0239e-03      0.051 
 417    7    6  4    -0.0288    -0.0271    -0.0291  +2.0355e-03      0.050 
 456   33   32  4    -0.0150    -0.0196    -0.0177  -1.8279e-03      0.050 
 398   52   29  1    -0.1365    -0.1349    -0.1372  +2.2552e-03      0.049 
 321   54   55  4    -0.0491    -0.0515    -0.0494  -2.0402e-03      0.049 
 341   11    9  1    -0.2001    -0.1949    -0.1974  +2.5016e-03      0.049 
 232   47   48  1    +0.1350    +0.1371    +0.1349  +2.1567e-03      0.049 
  97    0   40  2    +0.0000    +0.0029    +0.0013  +1.6317e-03      0.049 
 218   34   35  1    -0.0573    -0.0567    -0.0586  +1.9165e-03      0.049 
 135    0   21  5    +0.0000    -0.0001    +0.0015  -1.5648e-03      0.048 
 205   23   24  1    +0.0132    +0.0181    +0.0163  +1.8226e-03      0.048 
 138    0   24  5    -0.0000    +0.0010    +0.0023  -1.3447e-03      0.048 
 236   10   51  1    +0.2108    +0.2061    +0.2038  +2.3508e-03      0.048 
 399   53   52  1    -0.0968    -0.0975    -0.0955  -1.9891e-03      0.046 
 129    0   15  5    -0.0400    -0.0401    -0.0412  +1.0830e-03      0.046 
 487   57   39  4    -0.0258    -0.0285    -0.0266  -1.9449e-03      0.046 
 489   49   38  4    +0.0837    +0.0862    +0.0841  +2.1055e-03      0.045 
 446   25   24  4    +0.0008    +0.0026    +0.0008  +1.8026e-03      0.045 
 241   54   55  1    -0.0942    -0.0950    -0.0931  -1.9814e-03      0.045 
 112    0   55  2    -0.0540    -0.0537    -0.0552  +1.4615e-03      0.044 
 141    0   27  5    -0.0040    -0.0061    -0.0047  -1.4219e-03      0.044 
  57    0   57  6    +1.0113    +1.0071    +1.0101  -3.0462e-03      0.044 
 268    1   17  4    +0.0908    +0.0962    +0.0943  +1.8756e-03      0.044 
 254    3    4  4    +0.0450    +0.0451    +0.0467  -1.6197e-03      0.043 
  49    0   49  6    +1.0666    +1.0697    +1.0666  +3.1091e-03      0.043 
 418    8    6  4    -0.0233    -0.0248    -0.0230  -1.7649e-03      0.042 
 168    0   54  5    -0.0110    -0.0089    -0.0102  +1.3191e-03      0.042 
 134    0   20  5    -0.0080    -0.0099    -0.0113  +1.3652e-03      0.042 
 194   10   12  1    -0.0850    -0.0823    -0.0841  +1.8015e-03      0.041 
 389   45   15  1    -0.2714    -0.2715    -0.2693  -2.2426e-03      0.041 
 309   15   45  4    -0.0282    -0.0299    -0.0283  -1.5849e-03      0.041 
 484   56   40  4    -0.0416    -0.0413    -0.0431  +1.7823e-03      0.041 
 386   42   41  1    -0.0695    -0.0685    -0.0702  +1.7388e-03      0.040 
 118    0    4  5    -0.0000    +0.0046    +0.0056  -1.0075e-03      0.040 
 363   22   21  1    -0.0220    -0.0249    -0.0234  -1.4618e-03      0.040 
 407   57   39  1    -0.0307    -0.0286    -0.0303  +1.6485e-03      0.039 
 108    0   51  2    -0.1420    -0.1348    -0.1363  +1.5185e-03      0.038 
 385   41   11  1    -0.0722    -0.0694    -0.0712  +1.7421e-03      0.038 
 258    6    8  4    -0.0198    -0.0216    -0.0200  -1.5920e-03      0.038 
 296   32   33  4    +0.0150    +0.0164    +0.0178  -1.3744e-03      0.038 
 371   29   28  1    +0.2120    +0.2154    +0.2136  +1.8364e-03      0.038 
 345   15   13  1    +0.3802    +0.3806    +0.3782  +2.3732e-03      0.037 
 396   51   10  1    -0.2108    -0.2020    -0.2038  +1.8092e-03      0.037 
 251    9   55  1    +0.1500    +0.1485    +0.1501  -1.6119e-03      0.036 
 392   48   47  1    -0.1345    -0.1360    -0.1344  -1.5798e-03      0.036 
 245   56   41  1    -0.0416    -0.0403    -0.0419  +1.5495e-03      0.036 
 327   39   57  4    +0.0280    +0.0303    +0.0288  +1.5089e-03      0.035 
 285   23   24  4    +0.0121    +0.0096    +0.0110  -1.3551e-03      0.035 
 302   37   39  4    +0.0280    +0.0278    +0.0291  -1.3112e-03      0.035 
 191    4   18  1    +0.1592    +0.1518    +0.1502  +1.6736e-03      0.034 
 215   31   32  1    -0.0142    -0.0160    -0.0147  -1.2912e-03      0.033 
 175    4    5  1    +0.2701    +0.2720    +0.2739  -1.8789e-03      0.033 
 404   56   40  1    -0.0274    -0.0259    -0.0273  +1.3905e-03      0.033 
 188    1   17  1    +0.2248    +0.2278    +0.2294  -1.6234e-03      0.032 
 181    9   11  1    +0.2011    +0.1968    +0.1985  -1.6455e-03      0.032 
 264   13   14  4    +0.0983    +0.0965    +0.0979  -1.4243e-03      0.032 
  13    0   13  6    +0.9970    +0.9993    +0.9971  +2.2242e-03      0.032 
  83    0   26  2    +0.0000    -0.0014    -0.0005  -9.5901e-04      0.032 
 259    8    9  4    -0.0664    -0.0671    -0.0659  -1.2334e-03      0.031 
 204   22   23  1    +0.0632    +0.0614    +0.0627  -1.2076e-03      0.031 
 260    9   10  4    -0.0636    -0.0603    -0.0616  +1.3374e-03      0.030 
 442   20   21  4    -0.0041    -0.0060    -0.0071  +1.1650e-03      0.030 
  52    0   52  6    +1.0098    +1.0115    +1.0094  +2.0857e-03      0.030 
  95    0   38  2    -0.1110    -0.1172    -0.1164  -8.8298e-04      0.029 
 145    0   31  5    -0.0230    -0.0219    -0.0229  +9.7865e-04      0.029 
 335    5    4  1    -0.2657    -0.2710    -0.2694  -1.6211e-03      0.029 
  81    0   24  2    -0.0000    -0.0031    -0.0039  +7.5841e-04      0.029 
 451   29   28  4    +0.0144    +0.0135    +0.0145  -1.0035e-03      0.028 
  86    0   29  2    -0.1340    -0.1296    -0.1305  +9.1783e-04      0.027 
 340   10    9  1    -0.2539    -0.2511    -0.2526  +1.5174e-03      0.027 
 444   23   22  4    -0.0291    -0.0311    -0.0301  -1.0038e-03      0.027 
 391   47   46  1    -0.3700    -0.3661    -0.3646  -1.5170e-03      0.025 
  76    0   19  2    -0.0260    -0.0228    -0.0236  +8.2868e-04      0.025 
 157    0   43  5    -0.0080    -0.0058    -0.0066  +8.0262e-04      0.025 
 480   54   53  4    +0.0382    +0.0382    +0.0392  -1.0208e-03      0.025 
 315   50   51  4    -0.0234    -0.0209    -0.0219  +1.0063e-03      0.025 
 414    4    3  4    -0.0582    -0.0596    -0.0605  +9.3629e-04      0.024 
  85    0   28  2    -0.0360    -0.0406    -0.0399  -7.3680e-04      0.024 
 348   17    1  1    -0.2235    -0.2292    -0.2280  -1.2093e-03      0.024 
 420   10    9  4    +0.0314    +0.0302    +0.0292  +9.8747e-04      0.024 
 411   55    9  1    -0.1500    -0.1511    -0.1501  -1.0581e-03      0.024 
  62    0    5  2    -0.1030    -0.1084    -0.1076  -8.1846e-04      0.023 
  87    0   30  2    -0.0280    -0.0285    -0.0293  +7.5887e-04      0.023 
 301   37   38  4    -0.1198    -0.1213    -0.1203  -9.7323e-04      0.023 
 183    9   13  1    +0.1181    +0.1178    +0.1167  +1.1131e-03      0.023 
 355   13   11  1    -0.0209    -0.0218    -0.0210  -8.6856e-04      0.023 
 277   12   16  4    -0.1027    -0.1019    -0.1029  +1.0022e-03      0.023 
 249   38   49  1    -0.0254    -0.0255    -0.0265  +9.4979e-04      0.023 
 292    7   29  4    +0.0498    +0.0481    +0.0489  -8.6948e-04      0.022 
 358   17   12  1    -0.1085    -0.1106    -0.1116  +1.0251e-03      0.022 
 432    6    5  4    -0.0028    -0.0035    -0.0027  -8.1831e-04      0.022 
  26    0   26  6    +0.9971    +0.9981    +0.9966  +1.5278e-03      0.022 
 210   27   28  1    -0.1724    -0.1712    -0.1702  -1.0475e-03      0.022 
 143    0   29  5    -0.0210    -0.0177    -0.0183  +6.5237e-04      0.022 
 428   17    1  4    -0.1151    -0.1193    -0.1183  -9.4345e-04      0.021 
 275   11   13  4    -0.0602    -0.0620    -0.0611  -8.7488e-04      0.021 
 103    0   46  2    +0.0000    -0.0045    -0.0050  +5.3111e-04      0.021 
 479   53   52  4    +0.0215    +0.0227    +0.0219  +7.7720e-04      0.021 
 222   37   39  1    +0.0308    +0.0316    +0.0309  +7.4891e-04      0.020 
 169    0   55  5    -0.0270    -0.0264    -0.0270  +6.4687e-04      0.020 
 171    0   57  5    -0.0160    -0.0169    -0.0163  -6.7686e-04      0.020 
  92    0   35  2    -0.0470    -0.0446    -0.0452  +6.5689e-04      0.019 
  91    0   34  2    -0.0000    -0.0007    -0.0013  +6.0239e-04      0.019 
 252    1    2  4    +1.0733    +1.0853    +1.0869  -1.5697e-03      0.019 
 124    0   10  5    -0.0510    -0.0526    -0.0532  +5.6418e-04      0.019 
 383   40   36  1    -0.0274    -0.0253    -0.0260  +6.9214e-04      0.019 
 271    4   18  4    -0.0112    -0.0069    -0.0061  -7.3370e-04      0.018 
 104    0   47  2    -0.2350    -0.2305    -0.2297  -8.1030e-04      0.018 
 289   26   27  4    +0.0154    +0.0156    +0.0149  +7.0477e-04      0.018 
 234   49   50  1    +0.0988    +0.0970    +0.0977  -7.7205e-04      0.018 
 408   56   57  1    +0.0223    +0.0203    +0.0209  -6.6931e-04      0.018 
 331    9   55  4    +0.0817    +0.0813    +0.0820  -7.2518e-04      0.018 
 221   37   38  1    -0.1641    -0.1603    -0.1611  +7.9612e-04      0.018 
  14    0   14  6    +0.9936    +0.9924    +0.9936  -1.2302e-03      0.018 
 441   20   19  4    -0.0039    -0.0048    -0.0041  -6.5982e-04      0.017 
 368   26   24  1    +0.0978    +0.1004    +0.0997  +7.1938e-04      0.017 
 282   21   20  4    +0.0045    +0.0084    +0.0077  +6.4237e-04      0.017 
 172    1    2  1    -1.1790    -1.1825    -1.1810  -1.5008e-03      0.016 
 419    9    8  4    +0.0854    +0.0852    +0.0845  +6.7835e-04      0.016 
 320   53   54  4    -0.0370    -0.0373    -0.0380  +6.6684e-04      0.016 
  25    0   25  6    +1.0396    +1.0380    +1.0391  -1.0987e-03      0.016 
 273    7    8  4    -0.0209    -0.0213    -0.0219  +6.0937e-04      0.016 
 161    0   47  5    -0.0920    -0.0976    -0.0981  +5.4678e-04      0.015 
 306   41   42  4    +0.0168    +0.0206    +0.0200  +5.8126e-04      0.015 
 147    0   33  5    -0.0150    -0.0172    -0.0177  +5.3209e-04      0.015 
 449   27   26  4    -0.0129    -0.0129    -0.0123  -5.6811e-04      0.014 
  18    0   18  6    +1.0529    +1.0517    +1.0507  +1.0319e-03      0.014 
 272    5    6  4    -0.0080    -0.0075    -0.0081  +5.3302e-04      0.014 
 388   44   38  1    +0.1722    +0.1716    +0.1722  -6.6383e-04      0.014 
 372   29    7  1    -0.4852    -0.4831    -0.4840  +8.7087e-04      0.014 
  90    0   33  2    -0.0300    -0.0302    -0.0297  -5.0665e-04      0.014 
 342   12    9  1    -0.1109    -0.1099    -0.1105  +6.5800e-04      0.013 
 476   51   10  4    -0.0664    -0.0691    -0.0686  -5.3305e-04      0.013 
  42    0   42  6    +1.0084    +1.0053    +1.0062  -9.0582e-04      0.013 
 464   38   22  4    +0.0338    +0.0336    +0.0341  -4.6450e-04      0.013 
 244   40   56  1    +0.0274    +0.0267    +0.0273  -5.4045e-04      0.013 
 470   46   14  4    -0.2261    -0.2289    -0.2282  -6.4732e-04      0.012 
 394   50   49  1    -0.0978    -0.0963    -0.0968  +4.9970e-04      0.011 
 313   48   49  4    -0.0529    -0.0536    -0.0541  +4.9467e-04      0.011 
 379   36   35  1    +0.1051    +0.1051    +0.1046  +4.7983e-04      0.011 
 452   29    7  4    -0.0353    -0.0341    -0.0345  +4.1342e-04      0.011 
 196   12   13  1    -0.1908    -0.1936    -0.1931  -5.3668e-04      0.011 
 202   21   20  1    -0.0220    -0.0258    -0.0262  +4.2489e-04      0.011 
 179    8    9  1    +1.2153    +1.2111    +1.2120  -9.5945e-04      0.011 
 185   13   15  1    -0.3763    -0.3737    -0.3743  +6.7158e-04      0.011 
 166    0   52  5    -0.0170    -0.0195    -0.0192  -3.3181e-04      0.010 
 299   35   36  4    -0.0472    -0.0454    -0.0451  -3.6558e-04      0.010 
 284   22   23  4    +0.0291    +0.0305    +0.0301  +3.2688e-04      0.009 
 366   25   24  1    -0.0566    -0.0545    -0.0549  +3.8134e-04      0.009 
 156    0   42  5    -0.0350    -0.0398    -0.0395  -2.9060e-04      0.009 
 466   42   41  4    -0.0150    -0.0185    -0.0182  -3.2969e-04      0.008 
  98    0   41  2    -0.0500    -0.0461    -0.0463  +2.4756e-04      0.008 
 100    0   43  2    -0.0160    -0.0175    -0.0172  -2.4035e-04      0.008 
 152    0   38  5    -0.0550    -0.0553    -0.0554  +1.9575e-04      0.007 
 491   55    9  4    -0.0786    -0.0786    -0.0789  +2.7227e-04      0.007 
 338    8    6  1    +0.1563    +0.1572    +0.1569  +3.2732e-04      0.007 
 117    0    3  5    -0.2660    -0.2606    -0.2603  -2.7864e-04      0.007 
  68    0   11  2    +0.0000    +0.0015    +0.0014  +1.5700e-04      0.006 
 434   12   10  4    +0.1220    +0.1238    +0.1240  -2.8117e-04      0.006 
 421   11    9  4    +0.0157    +0.0138    +0.0136  +2.3205e-04      0.006 
  64    0    7  2    +0.0000    +0.0041    +0.0040  +1.2068e-04      0.005 
  96    0   39  2    +0.0000    -0.0004    -0.0006  +1.6177e-04      0.005 
 231   46   47  1    +0.3738    +0.3686    +0.3683  +2.8284e-04      0.005 
 287   24   25  4    +0.0026    +0.0025    +0.0026  -1.7790e-04      0.004 
 160    0   46  5    +0.0000    +0.0025    +0.0024  +1.0786e-04      0.004 
 199   14   15  1    -0.5343    -0.5309    -0.5306  -2.4257e-04      0.004 
 317   13   49  4    +0.2819    +0.2822    +0.2820  +1.7866e-04      0.003 
 214   30   31  1    +0.0323    +0.0311    +0.0309  +1.1138e-04      0.003 
 415    5    4  4    -0.0240    -0.0230    -0.0229  -1.0491e-04      0.003 
 243   44   45  1    -0.2672    -0.2660    -0.2659  -1.4274e-04      0.003 
 316   10   51  4    +0.0695    +0.0716    +0.0715  +1.0344e-04      0.003 
 265   13   15  4    -0.0626    -0.0636    -0.0635  -1.1077e-04      0.002 
 269    3   15  4    -0.0802    -0.0795    -0.0794  -4.1447e-05      0.001 
  66    0    9  2    -0.3630    -0.3655    -0.3655  -3.1444e-05      0.001 
 146    0   32  5    -0.0060    -0.0054    -0.0054  +1.7973e-05      0.001 
 225   11   41  1    +0.0722    +0.0712    +0.0712  +1.7862e-05      0.000 
----------------------------------------------------------------------------------
Não foram identificados erros grosseiros.
Não foram identificadas medidas críticas.
Possíveis conjuntos críticos:
Conjunto 1: 316 243
Conjunto 2: 243 415
Conjunto 3: 117 338
Conjunto 4: 98 466
Conjunto 5: 179 202 196
Conjunto 6: 202 196
Conjunto 7: 379 313 394
Conjunto 8: 313 394
Conjunto 9: 244 464
Conjunto 10: 42 476
Conjunto 11: 388 272
Conjunto 12: 18 449
Conjunto 13: 449 147
Conjunto 14: 273 25
Conjunto 15: 320 419 172
Conjunto 16: 419 172
Conjunto 17: 282 368
Conjunto 18: 14 221 331 408
Conjunto 19: 221 331 408 234
Conjunto 20: 331 408 234 289
Conjunto 21: 408 234 289
Conjunto 22: 234 289 104
Conjunto 23: 289 104
Conjunto 24: 271 383
Conjunto 25: 252 91
Conjunto 26: 171 169 222
Conjunto 27: 169 222
Conjunto 28: 479 103
Conjunto 29: 103 275 428
Conjunto 30: 275 428
Conjunto 31: 143 210 26
Conjunto 32: 210 26
Conjunto 33: 26 432
Conjunto 34: 432 358
Conjunto 35: 249 277 355 183 301
Conjunto 36: 277 355 183 301
Conjunto 37: 355 183 301
Conjunto 38: 183 301
Conjunto 39: 301 87
Conjunto 40: 87 62
Conjunto 41: 420 348 85 414
Conjunto 42: 348 85 414
Conjunto 43: 85 414
Conjunto 44: 315 480
Conjunto 45: 480 157
Conjunto 46: 76 391
Conjunto 47: 444 340
Conjunto 48: 340 86
Conjunto 49: 81 335
Conjunto 50: 145 95
Conjunto 51: 442 260 204
Conjunto 52: 260 204 259
Conjunto 53: 204 259
Conjunto 54: 83 13
Conjunto 55: 13 264
Conjunto 56: 264 181 188
Conjunto 57: 181 188
Conjunto 58: 175 215 191
Conjunto 59: 215 191
Conjunto 60: 302 285 327
Conjunto 61: 285 327
Conjunto 62: 327 245 392
Conjunto 63: 245 392
Conjunto 64: 392 251
Conjunto 65: 345 371 296
Conjunto 66: 371 296
Conjunto 67: 258 385 108
Conjunto 68: 385 108
Conjunto 69: 108 407
Conjunto 70: 363 118
Conjunto 71: 386 484 309
Conjunto 72: 484 309 389
Conjunto 73: 309 389
Conjunto 74: 389 194
Conjunto 75: 194 134
Conjunto 76: 134 168 418
Conjunto 77: 168 418
Conjunto 78: 49 254
Conjunto 79: 268 57
Conjunto 80: 57 141 112
Conjunto 81: 141 112
Conjunto 82: 112 241
Conjunto 83: 241 446
Conjunto 84: 446 489
Conjunto 85: 489 487 129
Conjunto 86: 487 129
Conjunto 87: 129 399
Conjunto 88: 138 205 135 218
Conjunto 89: 205 135 218
Conjunto 90: 135 218 97
Conjunto 91: 218 97 232 341 321
Conjunto 92: 97 232 341 321 398
Conjunto 93: 232 341 321 398
Conjunto 94: 341 321 398
Conjunto 95: 321 398
Conjunto 96: 456 417
Conjunto 97: 417 468 203
Conjunto 98: 468 203 440 397
Conjunto 99: 203 440 397
Conjunto 100: 440 397 427
Conjunto 101: 397 427
Conjunto 102: 427 159 107
Conjunto 103: 159 107
Conjunto 104: 41 208 334
Conjunto 105: 208 334
Conjunto 106: 209 347 220 121
Conjunto 107: 347 220 121
Conjunto 108: 220 121 133
Conjunto 109: 121 133
Conjunto 110: 422 70 457 377 195
Conjunto 111: 70 457 377 195 369
Conjunto 112: 457 377 195 369
Conjunto 113: 377 195 369
Conjunto 114: 195 369
Conjunto 115: 369 381 248 93
Conjunto 116: 381 248 93 367 462 318 288
Conjunto 117: 248 93 367 462 318 288
Conjunto 118: 93 367 462 318 288
Conjunto 119: 367 462 318 288 402
Conjunto 120: 462 318 288 402
Conjunto 121: 318 288 402
Conjunto 122: 288 402
Conjunto 123: 378 89 198 240 448
Conjunto 124: 89 198 240 448
Conjunto 125: 198 240 448
Conjunto 126: 240 448 406 213
Conjunto 127: 448 406 213
Conjunto 128: 406 213 278
Conjunto 129: 213 278 12
Conjunto 130: 278 12
Conjunto 131: 12 290
Conjunto 132: 290 429
Conjunto 133: 429 323
Conjunto 134: 323 486 140
Conjunto 135: 486 140
Conjunto 136: 140 253 308
Conjunto 137: 253 308 481 305 165
Conjunto 138: 308 481 305 165
Conjunto 139: 481 305 165 239
Conjunto 140: 305 165 239
Conjunto 141: 165 239
Conjunto 142: 337 286
Conjunto 143: 80 311 255 401
Conjunto 144: 311 255 401 211
Conjunto 145: 255 401 211
Conjunto 146: 401 211 130
Conjunto 147: 211 130
Conjunto 148: 356 443
Conjunto 149: 443 77
Conjunto 150: 77 31 63
Conjunto 151: 31 63 73 382 78
Conjunto 152: 63 73 382 78
Conjunto 153: 73 382 78 361 433
Conjunto 154: 382 78 361 433
Conjunto 155: 78 361 433
Conjunto 156: 361 433 125 54
Conjunto 157: 433 125 54
Conjunto 158: 125 54 17
Conjunto 159: 54 17
Conjunto 160: 105 410 5
Conjunto 161: 410 5
Conjunto 162: 5 109
Conjunto 163: 109 219 137
Conjunto 164: 219 137 483
Conjunto 165: 137 483
Conjunto 166: 483 324
Conjunto 167: 164 477 119 233 71 297 393
Conjunto 168: 477 119 233 71 297 393
Conjunto 169: 119 233 71 297 393 106
Conjunto 170: 233 71 297 393 106
Conjunto 171: 71 297 393 106
Conjunto 172: 297 393 106
Conjunto 173: 393 106
Conjunto 174: 235 67 375
Conjunto 175: 67 375 150
Conjunto 176: 375 150
Conjunto 177: 150 162 431
Conjunto 178: 162 431 44 151
Conjunto 179: 431 44 151
Conjunto 180: 44 151 20 474 438
Conjunto 181: 151 20 474 438
Conjunto 182: 20 474 438
Conjunto 183: 474 438 291
Conjunto 184: 438 291
Conjunto 185: 291 300 148 472 74 7
Conjunto 186: 300 148 472 74 7
Conjunto 187: 148 472 74 7
Conjunto 188: 472 74 7 40
Conjunto 189: 74 7 40
Conjunto 190: 7 40 180
Conjunto 191: 40 180 374 461
Conjunto 192: 180 374 461 114
Conjunto 193: 374 461 114 122
Conjunto 194: 461 114 122
Conjunto 195: 114 122
Conjunto 196: 122 279
Conjunto 197: 279 153 178
Conjunto 198: 153 178 330 281 33
Conjunto 199: 178 330 281 33 459 294 158 283
Conjunto 200: 330 281 33 459 294 158 283 475
Conjunto 201: 281 33 459 294 158 283 475
Conjunto 202: 33 459 294 158 283 475
Conjunto 203: 459 294 158 283 475
Conjunto 204: 294 158 283 475
Conjunto 205: 158 283 475 242
Conjunto 206: 283 475 242 423
Conjunto 207: 475 242 423
Conjunto 208: 242 423 227
Conjunto 209: 423 227
Conjunto 210: 227 465 99
Conjunto 211: 465 99
Conjunto 212: 416 325
Conjunto 213: 325 467 139 127 424
Conjunto 214: 467 139 127 424 360
Conjunto 215: 139 127 424 360
Conjunto 216: 127 424 360
Conjunto 217: 424 360
Conjunto 218: 360 384 43
Conjunto 219: 384 43 460 263 256
Conjunto 220: 43 460 263 256
Conjunto 221: 460 263 256
Conjunto 222: 263 256 48
Conjunto 223: 256 48 28
Conjunto 224: 48 28 88
Conjunto 225: 28 88
Conjunto 226: 88 247 293
Conjunto 227: 247 293 45
Conjunto 228: 293 45 177
Conjunto 229: 45 177
Conjunto 230: 177 9
Conjunto 231: 9 450 326 79
Conjunto 232: 450 326 79
Conjunto 233: 326 79 123
Conjunto 234: 79 123 357 200
Conjunto 235: 123 357 200
Conjunto 236: 357 200
Conjunto 237: 380 298 280 142 322
Conjunto 238: 298 280 142 322
Conjunto 239: 280 142 322 458 413
Conjunto 240: 142 322 458 413
Conjunto 241: 322 458 413 405
Conjunto 242: 458 413 405 439
Conjunto 243: 413 405 439 37
Conjunto 244: 405 439 37 390
Conjunto 245: 439 37 390
Conjunto 246: 37 390
Conjunto 247: 390 312
Conjunto 248: 312 10
Conjunto 249: 10 223 304 453
Conjunto 250: 223 304 453
Conjunto 251: 304 453
Conjunto 252: 482 216
Conjunto 253: 246 226 295 19
Conjunto 254: 226 295 19 94
Conjunto 255: 295 19 94
Conjunto 256: 19 94
Conjunto 257: 94 344
Conjunto 258: 344 303
Conjunto 259: 303 3 126 144 267
Conjunto 260: 3 126 144 267
Conjunto 261: 126 144 267 212
Conjunto 262: 144 267 212
Conjunto 263: 267 212
Conjunto 264: 212 425 435 24
Conjunto 265: 425 435 24
Conjunto 266: 435 24 365
Conjunto 267: 24 365 60 111
Conjunto 268: 365 60 111 101
Conjunto 269: 60 111 101
Conjunto 270: 111 101
Conjunto 271: 101 262
Conjunto 272: 262 447 362
Conjunto 273: 447 362 167 207 370 412
Conjunto 274: 362 167 207 370 412
Conjunto 275: 167 207 370 412 488 319 455
Conjunto 276: 207 370 412 488 319 455
Conjunto 277: 370 412 488 319 455
Conjunto 278: 412 488 319 455 395
Conjunto 279: 488 319 455 395 352
Conjunto 280: 319 455 395 352
Conjunto 281: 455 395 352
Conjunto 282: 395 352
Conjunto 283: 352 463
Conjunto 284: 463 184 163 228
Conjunto 285: 184 163 228
Conjunto 286: 163 228 237 136
Conjunto 287: 228 237 136 400
Conjunto 288: 237 136 400 343
Conjunto 289: 136 400 343
Conjunto 290: 400 343 102 250
Conjunto 291: 343 102 250 217
Conjunto 292: 102 250 217
Conjunto 293: 250 217
Conjunto 294: 454 490 51
Conjunto 295: 490 51
Conjunto 296: 51 189
Conjunto 297: 189 170
Conjunto 298: 170 436 36
Conjunto 299: 436 36
Conjunto 300: 16 469 229
Conjunto 301: 469 229
Conjunto 302: 229 11
Conjunto 303: 11 115 193 329
Conjunto 304: 115 193 329 38
Conjunto 305: 193 329 38
Conjunto 306: 329 38
Conjunto 307: 155 376
Conjunto 308: 376 471 69 15 349 50
Conjunto 309: 471 69 15 349 50 445
Conjunto 310: 69 15 349 50 445 274
Conjunto 311: 15 349 50 445 274
Conjunto 312: 349 50 445 274
Conjunto 313: 50 445 274
Conjunto 314: 445 274 197
Conjunto 315: 274 197
Conjunto 316: 333 84
Conjunto 317: 84 173
Conjunto 318: 173 128
Conjunto 319: 128 186
Conjunto 320: 186 55
Conjunto 321: 55 437 1 4 485 314
Conjunto 322: 437 1 4 485 314
Conjunto 323: 1 4 485 314 65
Conjunto 324: 4 485 314 65
Conjunto 325: 485 314 65
Conjunto 326: 314 65 261
Conjunto 327: 65 261 409 21 328 182
Conjunto 328: 261 409 21 328 182 149
Conjunto 329: 409 21 328 182 149
Conjunto 330: 21 328 182 149
Conjunto 331: 328 182 149
Conjunto 332: 182 149
Conjunto 333: 149 82
Conjunto 334: 82 354 238
Conjunto 335: 354 238
Conjunto 336: 238 23 187
Conjunto 337: 23 187 473 206
Conjunto 338: 187 473 206 120
Conjunto 339: 473 206 120
Conjunto 340: 206 120
Conjunto 341: 120 72
Conjunto 342: 154 113 56 224 478
Conjunto 343: 113 56 224 478 110
Conjunto 344: 56 224 478 110
Conjunto 345: 224 478 110
Conjunto 346: 478 110
Conjunto 347: 110 39
Conjunto 348: 39 35
Conjunto 349: 35 266
Conjunto 350: 192 201 364
Conjunto 351: 201 364 47
Conjunto 352: 364 47
Conjunto 353: 30 332 34
Conjunto 354: 332 34 387
Conjunto 355: 34 387 276
Conjunto 356: 387 276 131
Conjunto 357: 276 131
Conjunto 358: 176 8
Conjunto 359: 8 53
Conjunto 360: 53 403
Conjunto 361: 46 6
Conjunto 362: 426 58
Conjunto 363: 58 22 29
Conjunto 364: 22 29
Conjunto 365: 27 310
Conjunto 366: 2 116
Conjunto 367: 359 336
