================================================================================= 
=== UFF - Doutorado em Computação - Aplicaçoes em Sistemas de Potencia        === 
=== ESTIMADOR DE ESTADO MÍNIMOS QUADRADOS PONDERADOS INCLUINDO MEDIDAS DE PMU === 
=== Desenvolvido por: Rui Menezes de Moraes - 2009                            === 
================================================================================= 
Arquivo de medidores:          F:\Documents\Uff\Artigos\SimSEP\VERSAO WELDAN V2\Codigos\Med\ieee57_14_1400.med
Arquivo do sistema:            F:\Documents\Uff\Artigos\SimSEP\VERSAO WELDAN V2\Codigos\Carga\ieee57_14_1400.txt
Tolerância entre iteraçoes:     1.00e-04
Limite de iteraçoes:           100

--- DADOS DA REDE --------------------------------------------------------------- 
Data do caso:                  08/25/93
Origem:                        UW ARCHIVE          
MVA base:                      100
Ano:                           1961
Estação:                       W
Identificação:                 IEEE 57 Bus Test Case
Número de barras:              57 
Número de ramos:               80 
Referência na barra:           1

--- TELEMEDIDAS ------------------------------------------------------------------
    Tipo 1 = Fluxo de potencia ativa        Tipo  6 = Módulo da tensão            
    Tipo 2 = Injeção de potencia ativa      Tipo  7 = Corrente de ramo (real)     
    Tipo 3 = Ângulo de fase da tensão       Tipo  8 = Corrente de ramo (imag)     
    Tipo 4 = Fluxo de potencia reativa      Tipo  9 = Injeção de corrente (real)  
    Tipo 5 = Injeção de potencia reativa    Tipo 10 = Injeção de corrente (imag)  
----------------------------------------------------------------------------------
   N    D    P TP  PN ST   Exa   FS       DP      V_Ref      V_Med          E(%) 
----------------------------------------------------------------------------------
   1    0    1  6   0  0 0.015 01.1  0.00520   +1.04000   +1.04597     +0.574038 
   2    0    2  6   0  0 0.015 01.1  0.00505   +1.01000   +1.00309     -0.684158 
   3    0    3  6   0  0 0.015 01.1  0.00491   +0.98199   +0.98946     +0.760700 
   4    0    4  6   0  0 0.015 01.1  0.00487   +0.97476   +0.97939     +0.474989 
   5    0    5  6   0  0 0.015 01.1  0.00486   +0.97138   +0.96508     -0.648562 
   6    0    6  6   0  0 0.015 01.1  0.00489   +0.97807   +0.97912     +0.107354 
   7    0    7  6   0  0 0.015 01.1  0.00488   +0.97566   +0.96279     -1.319107 
   8    0    8  6   0  0 0.015 01.1  0.00502   +1.00500   +1.01035     +0.532338 
   9    0    9  6   0  0 0.015 01.1  0.00487   +0.97302   +0.98536     +1.268216 
  10    0   10  6   0  0 0.015 01.1  0.00477   +0.95429   +0.95333     -0.100598 
  11    0   11  6   0  0 0.015 01.1  0.00476   +0.95164   +0.94790     -0.393006 
  12    0   12  6   0  0 0.015 01.1  0.00492   +0.98294   +0.99525     +1.252365 
  13    0   13  6   0  0 0.015 01.1  0.00475   +0.95090   +0.93696     -1.465980 
  14    0   14  6   0  0 0.015 01.1  0.00470   +0.94073   +0.95285     +1.288361 
  15    0   15  6   0  0 0.015 01.1  0.00484   +0.96795   +0.97357     +0.580609 
  16    0   16  6   0  0 0.015 01.1  0.00490   +0.97983   +0.98927     +0.963432 
  17    0   17  6   0  0 0.015 01.1  0.00496   +0.99245   +1.00310     +1.073102 
  18    0   18  6   0  0 0.015 01.1  0.00490   +0.98000   +0.96856     -1.167347 
  19    0   19  6   0  0 0.015 01.1  0.00466   +0.93160   +0.93733     +0.615071 
  20    0   20  6   0  0 0.015 01.1  0.00460   +0.91901   +0.92044     +0.155602 
  21    0   21  6   0  0 0.015 01.1  0.00478   +0.95674   +0.95733     +0.061668 
  22    0   22  6   0  0 0.015 01.1  0.00479   +0.95745   +0.95210     -0.558776 
  23    0   23  6   0  0 0.015 01.1  0.00478   +0.95533   +0.94562     -1.016403 
  24    0   24  6   0  0 0.015 01.1  0.00470   +0.94081   +0.93572     -0.541023 
  25    0   25  6   0  0 0.015 01.1  0.00447   +0.89474   +0.89933     +0.512998 
  26    0   26  6   0  0 0.015 01.1  0.00453   +0.90594   +0.90659     +0.071749 
  27    0   27  6   0  0 0.015 01.1  0.00474   +0.94716   +0.95023     +0.324127 
  28    0   28  6   0  0 0.015 01.1  0.00486   +0.97158   +0.97917     +0.781202 
  29    0   29  6   0  0 0.015 01.1  0.00496   +0.99216   +0.98215     -1.008910 
  30    0   30  6   0  0 0.015 01.1  0.00433   +0.86598   +0.86583     -0.017321 
  31    0   31  6   0  0 0.015 01.1  0.00414   +0.82814   +0.83471     +0.793344 
  32    0   32  6   0  0 0.015 01.1  0.00426   +0.85230   +0.84721     -0.597208 
  33    0   33  6   0  0 0.015 01.1  0.00424   +0.84893   +0.85756     +1.016574 
  34    0   34  6   0  0 0.015 01.1  0.00443   +0.88512   +0.88990     +0.540040 
  35    0   35  6   0  0 0.015 01.1  0.00448   +0.89623   +0.89162     -0.514377 
  36    0   36  6   0  0 0.015 01.1  0.00455   +0.91081   +0.91185     +0.114184 
  37    0   37  6   0  0 0.015 01.1  0.00462   +0.92348   +0.93284     +1.013557 
  38    0   38  6   0  0 0.015 01.1  0.00481   +0.96177   +0.95435     -0.771494 
  39    0   39  6   0  0 0.015 01.1  0.00460   +0.92092   +0.90764     -1.442036 
  40    0   40  6   0  0 0.015 01.1  0.00454   +0.90757   +0.91049     +0.321738 
  41    0   41  6   0  0 0.015 01.1  0.00477   +0.95319   +0.95430     +0.116451 
  42    0   42  6   0  0 0.015 01.1  0.00453   +0.90606   +0.89863     -0.820034 
  43    0   43  6   0  0 0.015 01.1  0.00490   +0.98007   +0.99242     +1.260114 
  44    0   44  6   0  0 0.015 01.1  0.00486   +0.97146   +0.98417     +1.308340 
  45    0   45  6   0  0 0.015 01.1  0.00504   +1.00825   +1.00791     -0.033722 
  46    0   46  6   0  0 0.015 01.1  0.00511   +1.02174   +1.02780     +0.593106 
  47    0   47  6   0  0 0.015 01.1  0.00494   +0.98698   +0.98747     +0.049646 
  48    0   48  6   0  0 0.015 01.1  0.00490   +0.97950   +0.97319     -0.644206 
  49    0   49  6   0  0 0.015 01.1  0.00495   +0.98954   +0.97497     -1.472401 
  50    0   50  6   0  0 0.015 01.1  0.00486   +0.97213   +0.96609     -0.621316 
  51    0   51  6   0  0 0.015 01.1  0.00507   +1.01336   +1.01842     +0.499329 
  52    0   52  6   0  0 0.015 01.1  0.00474   +0.94835   +0.93853     -1.035483 
  53    0   53  6   0  0 0.015 01.1  0.00467   +0.93376   +0.92607     -0.823552 
  54    0   54  6   0  0 0.015 01.1  0.00485   +0.97088   +0.98188     +1.132993 
  55    0   55  6   0  0 0.015 01.1  0.00510   +1.02033   +1.02356     +0.316564 
  56    0   56  6   0  0 0.015 01.1  0.00452   +0.90348   +0.90746     +0.440519 
  57    0   57  6   0  0 0.015 01.1  0.00448   +0.89591   +0.88434     -1.291424 
  58    0    1  2   0  0 0.020 01.0  0.04906   +7.09979   +7.01693     -1.167077 
  59    0    2  2   0  0 0.020 01.0  0.00200   -0.04000   -0.03664     -8.400000 
  60    0    3  2   0  0 0.020 01.0  0.00267   -0.14100   -0.13893     -1.468085 
  61    0    4  2   0  0 0.020 01.0  0.00173   +0.00000   -0.00447     +0.000000 
  62    0    5  2   0  0 0.020 01.0  0.00288   -0.17200   -0.16928     -1.581395 
  63    0    6  2   0  0 0.020 01.0  0.00833   -0.99000   -0.98902     -0.098990 
  64    0    7  2   0  0 0.020 01.0  0.00173   -0.00000   +0.00465     +0.000000 
  65    0    8  2   0  0 0.020 01.0  0.01853   +2.52000   +2.46672     -2.114286 
  66    0    9  2   0  0 0.020 01.0  0.00319   -0.21800   -0.21363     -2.004587 
  67    0   10  2   0  0 0.020 01.0  0.00257   -0.12600   -0.12757     +1.246032 
  68    0   11  2   0  0 0.020 01.0  0.00173   +0.00000   +0.00195     +0.000000 
  69    0   12  2   0  0 0.020 01.0  0.01424   -1.87600   -1.91248     +1.944563 
  70    0   13  2   0  0 0.020 01.0  0.00332   -0.23800   -0.23286     -2.159664 
  71    0   14  2   0  0 0.020 01.0  0.00266   -0.13900   -0.14617     +5.158273 
  72    0   15  2   0  0 0.020 01.0  0.00367   -0.29000   -0.28687     -1.079310 
  73    0   16  2   0  0 0.020 01.0  0.00552   -0.56800   -0.56797     -0.005282 
  74    0   17  2   0  0 0.020 01.0  0.00543   -0.55400   -0.55302     -0.176895 
  75    0   18  2   0  0 0.020 01.0  0.00413   -0.35900   -0.35310     -1.643454 
  76    0   19  2   0  0 0.020 01.0  0.00203   -0.04400   -0.04674     +6.227273 
  77    0   20  2   0  0 0.020 01.0  0.00193   -0.03000   -0.03304    +10.133333 
  78    0   21  2   0  0 0.020 01.0  0.00173   +0.00000   +0.00270     +0.000000 
  79    0   22  2   0  0 0.020 01.0  0.00173   +0.00000   +0.00478     +0.000000 
  80    0   23  2   0  0 0.020 01.0  0.00229   -0.08300   -0.08758     +5.518072 
  81    0   24  2   0  0 0.020 01.0  0.00173   -0.00000   -0.00126     +0.000000 
  82    0   25  2   0  0 0.020 01.0  0.00229   -0.08300   -0.08853     +6.662651 
  83    0   26  2   0  0 0.020 01.0  0.00173   -0.00000   +0.00452     +0.000000 
  84    0   27  2   0  0 0.020 01.0  0.00255   -0.12300   -0.11836     -3.772358 
  85    0   28  2   0  0 0.020 01.0  0.00214   -0.06100   -0.05804     -4.852459 
  86    0   29  2   0  0 0.020 01.0  0.00323   -0.22400   -0.21829     -2.549107 
  87    0   30  2   0  0 0.020 01.0  0.00205   -0.04800   -0.04709     -1.895833 
  88    0   31  2   0  0 0.020 01.0  0.00225   -0.07700   -0.07886     +2.415584 
  89    0   32  2   0  0 0.020 01.0  0.00187   -0.02100   -0.02481    +18.142857 
  90    0   33  2   0  0 0.020 01.0  0.00207   -0.05000   -0.04521     -9.580000 
  91    0   34  2   0  0 0.020 01.0  0.00173   -0.00000   +0.00418     +0.000000 
  92    0   35  2   0  0 0.020 01.0  0.00226   -0.07900   -0.07549     -4.443038 
  93    0   36  2   0  0 0.020 01.0  0.00173   -0.00000   -0.00144     +0.000000 
  94    0   37  2   0  0 0.020 01.0  0.00173   +0.00000   -0.00004     +0.000000 
  95    0   38  2   0  0 0.020 01.0  0.00297   -0.18500   -0.18218     -1.524324 
  96    0   39  2   0  0 0.020 01.0  0.00173   -0.00000   -0.00219     +0.000000 
  97    0   40  2   0  0 0.020 01.0  0.00173   -0.00000   -0.00371     +0.000000 
  98    0   41  2   0  0 0.020 01.0  0.00229   -0.08300   -0.08563     +3.168675 
  99    0   42  2   0  0 0.020 01.0  0.00236   -0.09400   -0.09616     +2.297872 
 100    0   43  2   0  0 0.020 01.0  0.00191   -0.02600   -0.03012    +15.846154 
 101    0   44  2   0  0 0.020 01.0  0.00279   -0.15800   -0.16274     +3.000000 
 102    0   45  2   0  0 0.020 01.0  0.00173   +0.00000   +0.00058     +0.000000 
 103    0   46  2   0  0 0.020 01.0  0.00173   +0.00000   -0.00467     +0.000000 
 104    0   47  2   0  0 0.020 01.0  0.00435   -0.39200   -0.39416     +0.551020 
 105    0   48  2   0  0 0.020 01.0  0.00173   -0.00000   +0.00220     +0.000000 
 106    0   49  2   0  0 0.020 01.0  0.00332   -0.23800   -0.23044     -3.176471 
 107    0   50  2   0  0 0.020 01.0  0.00358   -0.27700   -0.27482     -0.787004 
 108    0   51  2   0  0 0.020 01.0  0.00332   -0.23800   -0.23870     +0.294118 
 109    0   52  2   0  0 0.020 01.0  0.00217   -0.06500   -0.06090     -6.307692 
 110    0   53  2   0  0 0.020 01.0  0.00349   -0.26400   -0.26773     +1.412879 
 111    0   54  2   0  0 0.020 01.0  0.00209   -0.05400   -0.05555     +2.870370 
 112    0   55  2   0  0 0.020 01.0  0.00233   -0.09000   -0.09507     +5.633333 
 113    0   56  2   0  0 0.020 01.0  0.00240   -0.10000   -0.09779     -2.210000 
 114    0   57  2   0  0 0.020 01.0  0.00232   -0.08800   -0.09461     +7.511364 
 115    0    1  5   0  0 0.020 01.0  0.01150   +1.46418   +1.44581     -1.254627 
 116    0    2  5   0  0 0.020 01.0  0.00687   -0.77042   -0.75068     -2.562239 
 117    0    3  5   0  0 0.020 01.0  0.00389   +0.32300   +0.33333     +3.198142 
 118    0    4  5   0  0 0.020 01.0  0.00173   +0.00000   +0.00500     +0.000000 
 119    0    5  5   0  0 0.020 01.0  0.00209   -0.05300   -0.05842    +10.226415 
 120    0    6  5   0  0 0.020 01.0  0.00323   +0.22400   +0.21810     -2.633929 
 121    0    7  5   0  0 0.020 01.0  0.00173   +0.00000   -0.00080     +0.000000 
 122    0    8  5   0  0 0.020 01.0  0.00657   +0.72505   +0.72651     +0.201365 
 123    0    9  5   0  0 0.020 01.0  0.00196   -0.03400   -0.03443     +1.264706 
 124    0   10  5   0  0 0.020 01.0  0.00207   -0.05000   -0.04844     -3.120000 
 125    0   11  5   0  0 0.020 01.0  0.00173   -0.00000   +0.00003     +0.000000 
 126    0   12  5   0  0 0.020 01.0  0.00995   +1.23300   +1.25042     +1.412814 
 127    0   13  5   0  0 0.020 01.0  0.00193   -0.03000   -0.02756     -8.133333 
 128    0   14  5   0  0 0.020 01.0  0.00220   -0.07000   -0.06908     -1.314286 
 129    0   15  5   0  0 0.020 01.0  0.00217   -0.06600   -0.07047     +6.772727 
 130    0   16  5   0  0 0.020 01.0  0.00200   -0.04000   -0.03849     -3.775000 
 131    0   17  5   0  0 0.020 01.0  0.00244   -0.10600   -0.09977     -5.877358 
 132    0   18  5   0  0 0.020 01.0  0.00259   -0.12900   -0.12148     -5.829457 
 133    0   19  5   0  0 0.020 01.0  0.00179   -0.00800   -0.00561    -29.875000 
 134    0   20  5   0  0 0.020 01.0  0.00182   -0.01300   -0.01641    +26.230769 
 135    0   21  5   0  0 0.020 01.0  0.00173   -0.00000   +0.00375     +0.000000 
 136    0   22  5   0  0 0.020 01.0  0.00173   -0.00000   -0.00386     +0.000000 
 137    0   23  5   0  0 0.020 01.0  0.00192   -0.02800   -0.02520    -10.000000 
 138    0   24  5   0  0 0.020 01.0  0.00173   -0.00000   -0.00470     +0.000000 
 139    0   25  5   0  0 0.020 01.0  0.00201   -0.04200   -0.04019     -4.309524 
 140    0   26  5   0  0 0.020 01.0  0.00173   +0.00000   -0.00458     +0.000000 
 141    0   27  5   0  0 0.020 01.0  0.00178   -0.00700   -0.00252    -64.000000 
 142    0   28  5   0  0 0.020 01.0  0.00193   -0.03000   -0.03381    +12.700000 
 143    0   29  5   0  0 0.020 01.0  0.00196   -0.03400   -0.03884    +14.235294 
 144    0   30  5   0  0 0.020 01.0  0.00189   -0.02400   -0.02622     +9.250000 
 145    0   31  5   0  0 0.020 01.0  0.00199   -0.03800   -0.03595     -5.394737 
 146    0   32  5   0  0 0.020 01.0  0.00181   -0.01100   -0.01420    +29.090909 
 147    0   33  5   0  0 0.020 01.0  0.00190   -0.02500   -0.01959    -21.640000 
 148    0   34  5   0  0 0.020 01.0  0.00173   -0.00000   -0.00479     +0.000000 
 149    0   35  5   0  0 0.020 01.0  0.00200   -0.04000   -0.04010     +0.250000 
 150    0   36  5   0  0 0.020 01.0  0.00173   +0.00000   +0.00147     +0.000000 
 151    0   37  5   0  0 0.020 01.0  0.00173   +0.00000   -0.00099     +0.000000 
 152    0   38  5   0  0 0.020 01.0  0.00235   -0.09200   -0.09824     +6.782609 
 153    0   39  5   0  0 0.020 01.0  0.00173   +0.00000   +0.00136     +0.000000 
 154    0   40  5   0  0 0.020 01.0  0.00173   +0.00000   -0.00297     +0.000000 
 155    0   41  5   0  0 0.020 01.0  0.00200   -0.04000   -0.03844     -3.900000 
 156    0   42  5   0  0 0.020 01.0  0.00212   -0.05800   -0.05934     +2.310345 
 157    0   43  5   0  0 0.020 01.0  0.00182   -0.01300   -0.00977    -24.846154 
 158    0   44  5   0  0 0.020 01.0  0.00189   -0.02400   -0.01969    -17.958333 
 159    0   45  5   0  0 0.020 01.0  0.00173   +0.00000   +0.00291     +0.000000 
 160    0   46  5   0  0 0.020 01.0  0.00173   +0.00000   +0.00211     +0.000000 
 161    0   47  5   0  0 0.020 01.0  0.00275   -0.15300   -0.15431     +0.856209 
 162    0   48  5   0  0 0.020 01.0  0.00173   +0.00000   +0.00150     +0.000000 
 163    0   49  5   0  0 0.020 01.0  0.00248   -0.11200   -0.11827     +5.598214 
 164    0   50  5   0  0 0.020 01.0  0.00266   -0.13900   -0.14090     +1.366906 
 165    0   51  5   0  0 0.020 01.0  0.00220   -0.07000   -0.07082     +1.171429 
 166    0   52  5   0  0 0.020 01.0  0.00193   -0.02900   -0.03008     +3.724138 
 167    0   53  5   0  0 0.020 01.0  0.00261   -0.13200   -0.13555     +2.689394 
 168    0   54  5   0  0 0.020 01.0  0.00185   -0.01800   -0.02099    +16.611111 
 169    0   55  5   0  0 0.020 01.0  0.00203   -0.04500   -0.04210     -6.444444 
 170    0   56  5   0  0 0.020 01.0  0.00193   -0.02900   -0.02461    -15.137931 
 171    0   57  5   0  0 0.020 01.0  0.00191   -0.02600   -0.02288    -12.000000 
 172    1    2  1   0  0 0.020 01.0  0.01359   +1.77895   +1.74110     -2.127660 
 173    2    3  1   0  0 0.020 01.0  0.01315   +1.71171   +1.71599     +0.250042 
 174    3    4  1   0  0 0.020 01.0  0.00901   +1.09204   +1.09681     +0.436797 
 175    4    5  1   0  0 0.020 01.0  0.00370   +0.29523   +0.28959     -1.910375 
 176    4    6  1   0  0 0.020 01.0  0.00413   +0.35960   +0.35708     -0.700779 
 177    6    7  1   0  0 0.020 01.0  0.00245   -0.10767   -0.10316     -4.188725 
 178    6    8  1   0  0 0.020 01.0  0.00449   -0.41363   -0.41897     +1.291009 
 179    8    9  1   0  0 0.020 01.0  0.01002   +1.24303   +1.24241     -0.049878 
 180    9   10  1   0  0 0.020 01.0  0.00393   +0.33006   +0.33670     +2.011755 
 181    9   11  1   0  0 0.020 01.0  0.00314   +0.21032   +0.20938     -0.446938 
 182    9   12  1   0  0 0.020 01.0  0.00252   +0.11793   +0.12296     +4.265242 
 183    9   13  1   0  0 0.020 01.0  0.00216   +0.06459   +0.06689     +3.560923 
 184   13   14  1   0  0 0.020 01.0  0.00351   -0.26678   -0.27549     +3.264862 
 185   13   15  1   0  0 0.020 01.0  0.00709   -0.80309   -0.78265     -2.545169 
 186    1   15  1   0  0 0.020 01.0  0.01812   +2.45749   +2.46471     +0.293796 
 187    1   16  1   0  0 0.020 01.0  0.01065   +1.33785   +1.31916     -1.397018 
 188    1   17  1   0  0 0.020 01.0  0.01190   +1.52550   +1.49661     -1.893805 
 189    3   15  1   0  0 0.020 01.0  0.00435   +0.39255   +0.38113     -2.909184 
 190    4   18  1   0  0 0.020 01.0  0.00297   +0.18560   +0.17715     -4.552802 
 191    4   18  1   0  0 0.020 01.0  0.00332   +0.23760   +0.23430     -1.388889 
 192    5    6  1   0  0 0.020 01.0  0.00251   +0.11675   +0.11761     +0.736617 
 193    7    8  1   0  0 0.020 01.0  0.00737   -0.84605   -0.83074     -1.809586 
 194   10   12  1   0  0 0.020 01.0  0.00287   -0.17088   -0.16870     -1.275749 
 195   11   13  1   0  0 0.020 01.0  0.00241   -0.10137   -0.09992     -1.430403 
 196   12   13  1   0  0 0.020 01.0  0.00416   -0.36337   -0.37059     +1.986955 
 197   12   16  1   0  0 0.020 01.0  0.00629   -0.68378   -0.69307     +1.358624 
 198   12   17  1   0  0 0.020 01.0  0.00763   -0.88482   -0.87786     -0.786601 
 199   14   15  1   0  0 0.020 01.0  0.00875   -1.05192   -1.06089     +0.852726 
 200   18   19  1   0  0 0.020 01.0  0.00216   +0.06420   +0.06450     +0.467290 
 201   19   20  1   0  0 0.020 01.0  0.00185   +0.01788   +0.01371    -23.322148 
 202   21   20  1   0  0 0.020 01.0  0.00181   +0.01230   +0.01179     -4.146341 
 203   21   22  1   0  0 0.020 01.0  0.00181   -0.01230   -0.00694    -43.577236 
 204   22   23  1   0  0 0.020 01.0  0.00278   +0.15667   +0.15499     -1.072318 
 205   23   24  1   0  0 0.020 01.0  0.00222   +0.07340   +0.06755     -7.970027 
 206   24   25  1   0  0 0.020 01.0  0.00235   +0.09277   +0.08985     -3.147569 
 207   24   25  1   0  0 0.020 01.0  0.00233   +0.08915   +0.08988     +0.818845 
 208   24   26  1   0  0 0.020 01.0  0.00246   -0.10952   -0.10597     -3.241417 
 209   26   27  1   0  0 0.020 01.0  0.00246   -0.10952   -0.11220     +2.447042 
 210   27   28  1   0  0 0.020 01.0  0.00331   -0.23607   -0.23619     +0.050832 
 211   28   29  1   0  0 0.020 01.0  0.00374   -0.30144   -0.29855     -0.958731 
 212    7   29  1   0  0 0.020 01.0  0.00665   +0.73809   +0.74820     +1.369752 
 213   25   30  1   0  0 0.020 01.0  0.00239   +0.09892   +0.10171     +2.820461 
 214   30   31  1   0  0 0.020 01.0  0.00206   +0.04863   +0.04415     -9.212420 
 215   31   32  1   0  0 0.020 01.0  0.00193   -0.02991   -0.02519    -15.780675 
 216   32   33  1   0  0 0.020 01.0  0.00207   +0.05017   +0.04867     -2.989835 
 217   34   32  1   0  0 0.020 01.0  0.00241   +0.10177   +0.10219     +0.412695 
 218   34   35  1   0  0 0.020 01.0  0.00241   -0.10177   -0.09469     -6.956864 
 219   35   36  1   0  0 0.020 01.0  0.00295   -0.18168   -0.17358     -4.458388 
 220   36   37  1   0  0 0.020 01.0  0.00324   -0.22620   -0.22002     -2.732095 
 221   37   38  1   0  0 0.020 01.0  0.00358   -0.27653   -0.27817     +0.593064 
 222   37   39  1   0  0 0.020 01.0  0.00205   +0.04790   +0.05182     +8.183716 
 223   36   40  1   0  0 0.020 01.0  0.00201   +0.04225   +0.04158     -1.585799 
 224   22   38  1   0  0 0.020 01.0  0.00286   -0.16899   -0.17104     +1.213090 
 225   11   41  1   0  0 0.020 01.0  0.00257   +0.12519   +0.12839     +2.556115 
 226   41   42  1   0  0 0.020 01.0  0.00254   +0.12040   +0.11643     -3.297342 
 227   41   43  1   0  0 0.020 01.0  0.00279   -0.15838   -0.16380     +3.422149 
 228   38   44  1   0  0 0.020 01.0  0.00423   -0.37439   -0.38104     +1.776223 
 229   15   45  1   0  0 0.020 01.0  0.00544   +0.55585   +0.54879     -1.270127 
 230   14   46  1   0  0 0.020 01.0  0.00602   +0.64372   +0.62712     -2.578761 
 231   46   47  1   0  0 0.020 01.0  0.00602   +0.64372   +0.64558     +0.288946 
 232   47   48  1   0  0 0.020 01.0  0.00334   +0.24042   +0.24928     +3.685218 
 233   48   49  1   0  0 0.020 01.0  0.00185   +0.01800   +0.02121    +17.833333 
 234   49   50  1   0  0 0.020 01.0  0.00274   +0.15029   +0.14605     -2.821212 
 235   50   51  1   0  0 0.020 01.0  0.00259   -0.12870   -0.12565     -2.369852 
 236   10   51  1   0  0 0.020 01.0  0.00420   +0.37061   +0.35838     -3.299965 
 237   13   49  1   0  0 0.020 01.0  0.00453   +0.41995   +0.42726     +1.740683 
 238   29   52  1   0  0 0.020 01.0  0.00312   +0.20794   +0.20480     -1.510051 
 239   52   53  1   0  0 0.020 01.0  0.00264   +0.13580   +0.13299     -2.069219 
 240   53   54  1   0  0 0.020 01.0  0.00260   -0.12987   -0.12573     -3.187803 
 241   54   55  1   0  0 0.020 01.0  0.00299   -0.18791   -0.18998     +1.101591 
 242   11   43  1   0  0 0.020 01.0  0.00296   +0.18438   +0.17937     -2.717214 
 243   44   45  1   0  0 0.020 01.0  0.00531   -0.53680   -0.53478     -0.376304 
 244   40   56  1   0  0 0.020 01.0  0.00201   +0.04214   +0.03876     -8.020883 
 245   56   41  1   0  0 0.020 01.0  0.00224   -0.07623   -0.08077     +5.955661 
 246   56   42  1   0  0 0.020 01.0  0.00188   -0.02218   -0.02331     +5.094680 
 247   39   57  1   0  0 0.020 01.0  0.00205   +0.04781   +0.04190    -12.361431 
 248   57   56  1   0  0 0.020 01.0  0.00200   -0.04019   -0.04112     +2.314008 
 249   38   49  1   0  0 0.020 01.0  0.00205   -0.04690   -0.05300    +13.006397 
 250   38   48  1   0  0 0.020 01.0  0.00319   -0.21790   -0.22660     +3.992657 
 251    9   55  1   0  0 0.020 01.0  0.00364   +0.28520   +0.27842     -2.377279 
 252    1    2  4   0  0 0.020 01.0  0.00541   +0.55111   +0.54142     -1.758270 
 253    2    3  4   0  0 0.020 01.0  0.00290   -0.17565   -0.17390     -0.996299 
 254    3    4  4   0  0 0.020 01.0  0.00263   -0.13427   -0.13851     +3.157816 
 255    4    5  4   0  0 0.020 01.0  0.00252   -0.11877   -0.11777     -0.841963 
 256    4    6  4   0  0 0.020 01.0  0.00261   -0.13085   -0.13005     -0.611387 
 257    6    7  4   0  0 0.020 01.0  0.00194   +0.03174   +0.02985     -5.954631 
 258    6    8  4   0  0 0.020 01.0  0.00226   -0.07940   -0.07275     -8.375315 
 259    8    9  4   0  0 0.020 01.0  0.00440   +0.39986   +0.39058     -2.320812 
 260    9   10  4   0  0 0.020 01.0  0.00190   +0.02443   +0.02843    +16.373312 
 261    9   11  4   0  0 0.020 01.0  0.00288   +0.17207   +0.17703     +2.882548 
 262    9   12  4   0  0 0.020 01.0  0.00235   -0.09257   -0.09223     -0.367290 
 263    9   13  4   0  0 0.020 01.0  0.00238   +0.09740   +0.09053     -7.053388 
 264   13   14  4   0  0 0.020 01.0  0.00375   +0.30206   +0.29674     -1.761239 
 265   13   15  4   0  0 0.020 01.0  0.00230   +0.08433   +0.09119     +8.134709 
 266    1   15  4   0  0 0.020 01.0  0.00533   +0.53989   +0.54662     +1.246550 
 267    1   16  4   0  0 0.020 01.0  0.00275   +0.15264   +0.14799     -3.046384 
 268    1   17  4   0  0 0.020 01.0  0.00320   +0.22054   +0.22327     +1.237871 
 269    3   15  4   0  0 0.020 01.0  0.00251   +0.11715   +0.11143     -4.882629 
 270    4   18  4   0  0 0.020 01.0  0.00210   +0.05482   +0.05553     +1.295148 
 271    4   18  4   0  0 0.020 01.0  0.00207   +0.05113   +0.05471     +7.001760 
 272    5    6  4   0  0 0.020 01.0  0.00281   -0.16103   -0.16247     +0.894243 
 273    7    8  4   0  0 0.020 01.0  0.00322   -0.22257   -0.23061     +3.612347 
 274   10   12  4   0  0 0.020 01.0  0.00302   -0.19293   -0.19135     -0.818950 
 275   11   13  4   0  0 0.020 01.0  0.00195   +0.03254   +0.03417     +5.009219 
 276   12   13  4   0  0 0.020 01.0  0.00597   +0.63542   +0.62199     -2.113563 
 277   12   16  4   0  0 0.020 01.0  0.00307   +0.20114   +0.20788     +3.350900 
 278   12   17  4   0  0 0.020 01.0  0.00308   +0.20181   +0.20158     -0.113969 
 279   14   15  4   0  0 0.020 01.0  0.00250   -0.11471   -0.11807     +2.929126 
 280   18   19  4   0  0 0.020 01.0  0.00191   +0.02683   +0.02467     -8.050690 
 281   19   20  4   0  0 0.020 01.0  0.00184   +0.01538   +0.01722    +11.963589 
 282   21   20  4   0  0 0.020 01.0  0.00175   -0.00196   -0.00196     +0.000000 
 283   21   22  4   0  0 0.020 01.0  0.00175   +0.00196   +0.00137    -30.102041 
 284   22   23  4   0  0 0.020 01.0  0.00195   +0.03185   +0.02982     -6.373626 
 285   23   24  4   0  0 0.020 01.0  0.00176   +0.00343   +0.00412    +20.116618 
 286   24   25  4   0  0 0.020 01.0  0.00202   +0.04273   +0.03686    -13.737421 
 287   24   25  4   0  0 0.020 01.0  0.00201   +0.04107   +0.04170     +1.533966 
 288   24   26  4   0  0 0.020 01.0  0.00223   -0.07434   -0.06851     -7.842346 
 289   26   27  4   0  0 0.020 01.0  0.00224   -0.07536   -0.07561     +0.331741 
 290   27   28  4   0  0 0.020 01.0  0.00232   -0.08783   -0.09022     +2.721166 
 291   28   29  4   0  0 0.020 01.0  0.00256   -0.12458   -0.11992     -3.740568 
 292    7   29  4   0  0 0.020 01.0  0.00360   +0.27920   +0.27151     -2.754298 
 293   25   30  4   0  0 0.020 01.0  0.00215   +0.06171   +0.05629     -8.783017 
 294   30   31  4   0  0 0.020 01.0  0.00196   +0.03428   +0.03364     -1.866978 
 295   31   32  4   0  0 0.020 01.0  0.00177   -0.00607   -0.00643     +5.930807 
 296   32   33  4   0  0 0.020 01.0  0.00190   +0.02516   +0.02786    +10.731320 
 297   34   32  4   0  0 0.020 01.0  0.00213   +0.05929   +0.06183     +4.284028 
 298   34   35  4   0  0 0.020 01.0  0.00213   -0.05929   -0.05886     -0.725249 
 299   35   36  4   0  0 0.020 01.0  0.00239   -0.09811   -0.10232     +4.291102 
 300   36   37  4   0  0 0.020 01.0  0.00264   -0.13585   -0.14128     +3.997056 
 301   37   38  4   0  0 0.020 01.0  0.00287   -0.17128   -0.17297     +0.986688 
 302   37   39  4   0  0 0.020 01.0  0.00195   +0.03236   +0.03163     -2.255871 
 303   36   40  4   0  0 0.020 01.0  0.00198   +0.03620   +0.04183    +15.552486 
 304   22   38  4   0  0 0.020 01.0  0.00193   -0.02991   -0.02497    -16.516215 
 305   11   41  4   0  0 0.020 01.0  0.00216   +0.06380   +0.06131     -3.902821 
 306   41   42  4   0  0 0.020 01.0  0.00212   +0.05831   +0.06293     +7.923169 
 307   41   43  4   0  0 0.020 01.0  0.00211   -0.05665   -0.05589     -1.341571 
 308   38   44  4   0  0 0.020 01.0  0.00193   +0.02941   +0.02993     +1.768106 
 309   15   45  4   0  0 0.020 01.0  0.00218   +0.06744   +0.07193     +6.657770 
 310   14   46  4   0  0 0.020 01.0  0.00406   +0.34867   +0.35569     +2.013365 
 311   46   47  4   0  0 0.020 01.0  0.00382   +0.31262   +0.31345     +0.265498 
 312   47   48  4   0  0 0.020 01.0  0.00260   +0.12942   +0.12166     -5.995982 
 313   48   49  4   0  0 0.020 01.0  0.00233   -0.08977   -0.09158     +2.016264 
 314   49   50  4   0  0 0.020 01.0  0.00201   +0.04154   +0.04077     -1.853635 
 315   50   51  4   0  0 0.020 01.0  0.00240   -0.10064   -0.09872     -1.907790 
 316   10   51  4   0  0 0.020 01.0  0.00299   +0.18855   +0.18221     -3.362503 
 317   13   49  4   0  0 0.020 01.0  0.00454   +0.42167   +0.42346     +0.424503 
 318   29   52  4   0  0 0.020 01.0  0.00223   +0.07436   +0.07307     -1.734804 
 319   52   53  4   0  0 0.020 01.0  0.00197   +0.03610   +0.03082    -14.626039 
 320   53   54  4   0  0 0.020 01.0  0.00202   -0.04313   -0.04754    +10.224901 
 321   54   55  4   0  0 0.020 01.0  0.00217   -0.06611   -0.06754     +2.163062 
 322   11   43  4   0  0 0.020 01.0  0.00233   +0.08898   +0.08839     -0.663070 
 323   44   45  4   0  0 0.020 01.0  0.00174   -0.00164   -0.00340   +107.317073 
 324   40   56  4   0  0 0.020 01.0  0.00197   +0.03603   +0.04026    +11.740216 
 325   56   41  4   0  0 0.020 01.0  0.00176   -0.00333   -0.00220    -33.933934 
 326   56   42  4   0  0 0.020 01.0  0.00178   +0.00686   +0.00362    -47.230321 
 327   39   57  4   0  0 0.020 01.0  0.00195   +0.03221   +0.02805    -12.915244 
 328   57   56  4   0  0 0.020 01.0  0.00174   +0.00111   +0.00391   +252.252252 
 329   38   49  4   0  0 0.020 01.0  0.00254   -0.12169   -0.11936     -1.914701 
 330   38   48  4   0  0 0.020 01.0  0.00315   -0.21258   -0.21556     +1.401825 
 331    9   55  4   0  0 0.020 01.0  0.00261   +0.13175   +0.12480     -5.275142 
 332    2    1  1   0  0 0.020 01.0  0.01341   -1.75171   -1.75812     +0.365928 
 333    3    2  1   0  0 0.020 01.0  0.01257   -1.62559   -1.62855     +0.182088 
 334    4    3  1   0  0 0.020 01.0  0.00892   -1.07804   -1.07614     -0.176246 
 335    5    4  1   0  0 0.020 01.0  0.00366   -0.28875   -0.28154     -2.496970 
 336    6    4  1   0  0 0.020 01.0  0.00409   -0.35316   -0.34094     -3.460188 
 337    7    6  1   0  0 0.020 01.0  0.00245   +0.10795   +0.10622     -1.602594 
 338    8    6  1   0  0 0.020 01.0  0.00453   +0.41980   +0.41138     -2.005717 
 339    9    8  1   0  0 0.020 01.0  0.00991   -1.22609   -1.19682     -2.387264 
 340   10    9  1   0  0 0.020 01.0  0.00391   -0.32573   -0.32152     -1.292482 
 341   11    9  1   0  0 0.020 01.0  0.00312   -0.20820   -0.20006     -3.909702 
 342   12    9  1   0  0 0.020 01.0  0.00251   -0.11676   -0.11470     -1.764303 
 343   13    9  1   0  0 0.020 01.0  0.00216   -0.06369   -0.06177     -3.014602 
 344   14   13  1   0  0 0.020 01.0  0.00353   +0.26919   +0.26671     -0.921282 
 345   15   13  1   0  0 0.020 01.0  0.00722   +0.82254   +0.80210     -2.484986 
 346   15    1  1   0  0 0.020 01.0  0.01741   -2.35231   -2.34258     -0.413636 
 347   16    1  1   0  0 0.020 01.0  0.01014   -1.26133   -1.24725     -1.116282 
 348   17    1  1   0  0 0.020 01.0  0.01155   -1.47306   -1.46245     -0.720269 
 349   15    3  1   0  0 0.020 01.0  0.00433   -0.38961   -0.40100     +2.923436 
 350   18    4  1   0  0 0.020 01.0  0.00297   -0.18560   -0.19179     +3.335129 
 351   18    4  1   0  0 0.020 01.0  0.00332   -0.23760   -0.23251     -2.142256 
 352    6    5  1   0  0 0.020 01.0  0.00250   -0.11554   -0.11561     +0.060585 
 353    8    7  1   0  0 0.020 01.0  0.00745   +0.85717   +0.85200     -0.603148 
 354   12   10  1   0  0 0.020 01.0  0.00288   +0.17273   +0.16907     -2.118914 
 355   13   11  1   0  0 0.020 01.0  0.00241   +0.10166   +0.09712     -4.465867 
 356   13   12  1   0  0 0.020 01.0  0.00423   +0.37394   +0.38529     +3.035246 
 357   16   12  1   0  0 0.020 01.0  0.00636   +0.69333   +0.68944     -0.561060 
 358   17   12  1   0  0 0.020 01.0  0.00786   +0.91906   +0.90204     -1.851892 
 359   15   14  1   0  0 0.020 01.0  0.00889   +1.07352   +1.07573     +0.205865 
 360   19   18  1   0  0 0.020 01.0  0.00215   -0.06188   -0.06792     +9.760827 
 361   20   19  1   0  0 0.020 01.0  0.00185   -0.01770   -0.01716     -3.050847 
 362   20   21  1   0  0 0.020 01.0  0.00181   -0.01230   -0.01343     +9.186992 
 363   22   21  1   0  0 0.020 01.0  0.00181   +0.01231   +0.01516    +23.151909 
 364   23   22  1   0  0 0.020 01.0  0.00278   -0.15640   -0.16201     +3.586957 
 365   24   23  1   0  0 0.020 01.0  0.00222   -0.07241   -0.07283     +0.580030 
 366   25   24  1   0  0 0.020 01.0  0.00235   -0.09277   -0.09145     -1.422874 
 367   25   24  1   0  0 0.020 01.0  0.00233   -0.08915   -0.09494     +6.494672 
 368   26   24  1   0  0 0.020 01.0  0.00246   +0.10952   +0.10947     -0.045654 
 369   27   26  1   0  0 0.020 01.0  0.00249   +0.11307   +0.11720     +3.652605 
 370   28   27  1   0  0 0.020 01.0  0.00334   +0.24044   +0.23311     -3.048578 
 371   29   28  1   0  0 0.020 01.0  0.00377   +0.30615   +0.31069     +1.482933 
 372   29    7  1   0  0 0.020 01.0  0.00665   -0.73809   -0.72489     -1.788400 
 373   30   25  1   0  0 0.020 01.0  0.00238   -0.09663   -0.09644     -0.196626 
 374   31   30  1   0  0 0.020 01.0  0.00205   -0.04709   -0.05318    +12.932682 
 375   32   31  1   0  0 0.020 01.0  0.00194   +0.03060   +0.02893     -5.457516 
 376   33   32  1   0  0 0.020 01.0  0.00207   -0.05000   -0.04413    -11.740000 
 377   32   34  1   0  0 0.020 01.0  0.00241   -0.10177   -0.10691     +5.050604 
 378   35   34  1   0  0 0.020 01.0  0.00242   +0.10268   +0.10666     +3.876120 
 379   36   35  1   0  0 0.020 01.0  0.00296   +0.18395   +0.18148     -1.342756 
 380   37   36  1   0  0 0.020 01.0  0.00326   +0.22863   +0.22436     -1.867646 
 381   38   37  1   0  0 0.020 01.0  0.00363   +0.28459   +0.28553     +0.330300 
 382   39   37  1   0  0 0.020 01.0  0.00205   -0.04781   -0.04895     +2.384438 
 383   40   36  1   0  0 0.020 01.0  0.00201   -0.04214   -0.03706    -12.055055 
 384   38   22  1   0  0 0.020 01.0  0.00286   +0.16960   +0.16715     -1.444575 
 385   41   11  1   0  0 0.020 01.0  0.00257   -0.12519   -0.13116     +4.768751 
 386   42   41  1   0  0 0.020 01.0  0.00251   -0.11632   -0.12001     +3.172283 
 387   43   41  1   0  0 0.020 01.0  0.00279   +0.15838   +0.15261     -3.643137 
 388   44   38  1   0  0 0.020 01.0  0.00426   +0.37880   +0.38680     +2.111932 
 389   45   15  1   0  0 0.020 01.0  0.00544   -0.55585   -0.55162     -0.760997 
 390   46   14  1   0  0 0.020 01.0  0.00602   -0.64372   -0.63796     -0.894799 
 391   47   46  1   0  0 0.020 01.0  0.00595   -0.63242   -0.62656     -0.926599 
 392   48   47  1   0  0 0.020 01.0  0.00333   -0.23903   -0.23808     -0.397440 
 393   49   48  1   0  0 0.020 01.0  0.00185   -0.01731   -0.01969    +13.749278 
 394   50   49  1   0  0 0.020 01.0  0.00272   -0.14830   -0.15488     +4.436952 
 395   51   50  1   0  0 0.020 01.0  0.00262   +0.13261   +0.13781     +3.921273 
 396   51   10  1   0  0 0.020 01.0  0.00420   -0.37061   -0.37528     +1.260085 
 397   49   13  1   0  0 0.020 01.0  0.00453   -0.41995   -0.41727     -0.638171 
 398   52   29  1   0  0 0.020 01.0  0.00307   -0.20080   -0.20137     +0.283865 
 399   53   52  1   0  0 0.020 01.0  0.00263   -0.13413   -0.13163     -1.863863 
 400   54   53  1   0  0 0.020 01.0  0.00263   +0.13391   +0.13014     -2.815324 
 401   55   54  1   0  0 0.020 01.0  0.00303   +0.19520   +0.19128     -2.008197 
 402   43   11  1   0  0 0.020 01.0  0.00296   -0.18438   -0.18098     -1.844018 
 403   45   44  1   0  0 0.020 01.0  0.00544   +0.55585   +0.57131     +2.781326 
 404   56   40  1   0  0 0.020 01.0  0.00201   -0.04214   -0.04476     +6.217371 
 405   41   56  1   0  0 0.020 01.0  0.00227   +0.08017   +0.08499     +6.012224 
 406   42   56  1   0  0 0.020 01.0  0.00188   +0.02232   +0.02685    +20.295699 
 407   57   39  1   0  0 0.020 01.0  0.00205   -0.04781   -0.04365     -8.701109 
 408   56   57  1   0  0 0.020 01.0  0.00200   +0.04055   +0.04358     +7.472256 
 409   49   38  1   0  0 0.020 01.0  0.00206   +0.04897   +0.04600     -6.064938 
 410   48   38  1   0  0 0.020 01.0  0.00321   +0.22102   +0.22962     +3.891051 
 411   55    9  1   0  0 0.020 01.0  0.00364   -0.28520   -0.27763     -2.654278 
 412    2    1  4   0  0 0.020 01.0  0.00570   -0.59476   -0.58306     -1.967180 
 413    3    2  4   0  0 0.020 01.0  0.00400   +0.34013   +0.34678     +1.955135 
 414    4    3  4   0  0 0.020 01.0  0.00269   +0.14367   +0.14325     -0.292337 
 415    5    4  4   0  0 0.020 01.0  0.00245   +0.10803   +0.11320     +4.785708 
 416    6    4  4   0  0 0.020 01.0  0.00253   +0.11985   +0.12637     +5.440134 
 417    7    6  4   0  0 0.020 01.0  0.00211   -0.05663   -0.06265    +10.630408 
 418    8    6  4   0  0 0.020 01.0  0.00216   +0.06471   +0.06768     +4.589708 
 419    9    8  4   0  0 0.020 01.0  0.00418   -0.36708   -0.36793     +0.231557 
 420   10    9  4   0  0 0.020 01.0  0.00204   -0.04561   -0.04450     -2.433677 
 421   11    9  4   0  0 0.020 01.0  0.00297   -0.18532   -0.17669     -4.656810 
 422   12    9  4   0  0 0.020 01.0  0.00189   +0.02405   +0.02799    +16.382536 
 423   13    9  4   0  0 0.020 01.0  0.00261   -0.13201   -0.12454     -5.658662 
 424   14   13  4   0  0 0.020 01.0  0.00376   -0.30396   -0.30746     +1.151467 
 425   15   13  4   0  0 0.020 01.0  0.00202   -0.04265   -0.04535     +6.330598 
 426   15    1  4   0  0 0.020 01.0  0.00241   -0.10187   -0.10453     +2.611171 
 427   16    1  4   0  0 0.020 01.0  0.00266   +0.13883   +0.13622     -1.879997 
 428   17    1  4   0  0 0.020 01.0  0.00181   -0.01216   -0.01164     -4.276316 
 429   15    3  4   0  0 0.020 01.0  0.00280   -0.15926   -0.16287     +2.266734 
 430   18    4  4   0  0 0.020 01.0  0.00196   -0.03424   -0.02934    -14.310748 
 431   18    4  4   0  0 0.020 01.0  0.00190   -0.02556   -0.02361     -7.629108 
 432    6    5  4   0  0 0.020 01.0  0.00275   +0.15181   +0.15651     +3.095975 
 433    8    7  4   0  0 0.020 01.0  0.00347   +0.26048   +0.25388     -2.533784 
 434   12   10  4   0  0 0.020 01.0  0.00287   +0.17059   +0.16440     -3.628583 
 435   13   11  4   0  0 0.020 01.0  0.00206   -0.04859   -0.05407    +11.278041 
 436   13   12  4   0  0 0.020 01.0  0.00612   -0.65746   -0.65312     -0.660116 
 437   16   12  4   0  0 0.020 01.0  0.00293   -0.17883   -0.17725     -0.883521 
 438   17   12  4   0  0 0.020 01.0  0.00236   -0.09384   -0.09561     +1.886189 
 439   15   14  4   0  0 0.020 01.0  0.00287   +0.17035   +0.16213     -4.825360 
 440   19   18  4   0  0 0.020 01.0  0.00189   -0.02338   -0.02724    +16.509837 
 441   20   19  4   0  0 0.020 01.0  0.00183   -0.01510   -0.01503     -0.463576 
 442   20   21  4   0  0 0.020 01.0  0.00175   +0.00210   +0.00511   +143.333333 
 443   22   21  4   0  0 0.020 01.0  0.00175   -0.00194   +0.00081   -141.752577 
 444   23   22  4   0  0 0.020 01.0  0.00194   -0.03143   -0.02637    -16.099268 
 445   24   23  4   0  0 0.020 01.0  0.00180   -0.00945   -0.00627    -33.650794 
 446   25   24  4   0  0 0.020 01.0  0.00193   -0.02880   -0.02933     +1.840278 
 447   25   24  4   0  0 0.020 01.0  0.00192   -0.02768   -0.02947     +6.466763 
 448   26   24  4   0  0 0.020 01.0  0.00224   +0.07536   +0.07044     -6.528662 
 449   27   26  4   0  0 0.020 01.0  0.00227   +0.08083   +0.08167     +1.039218 
 450   28   27  4   0  0 0.020 01.0  0.00236   +0.09458   +0.09043     -4.387820 
 451   29   28  4   0  0 0.020 01.0  0.00261   +0.13119   +0.12522     -4.550652 
 452   29    7  4   0  0 0.020 01.0  0.00333   -0.23956   -0.23421     -2.233261 
 453   30   25  4   0  0 0.020 01.0  0.00212   -0.05828   -0.05882     +0.926561 
 454   31   30  4   0  0 0.020 01.0  0.00195   -0.03193   -0.02930     -8.236768 
 455   32   31  4   0  0 0.020 01.0  0.00178   +0.00709   +0.00289    -59.238364 
 456   33   32  4   0  0 0.020 01.0  0.00190   -0.02500   -0.02569     +2.760000 
 457   32   34  4   0  0 0.020 01.0  0.00202   -0.04325   -0.04255     -1.618497 
 458   35   34  4   0  0 0.020 01.0  0.00212   +0.05811   +0.06264     +7.795560 
 459   36   35  4   0  0 0.020 01.0  0.00240   +0.09965   +0.10558     +5.950828 
 460   37   36  4   0  0 0.020 01.0  0.00266   +0.13892   +0.13655     -1.706018 
 461   38   37  4   0  0 0.020 01.0  0.00295   +0.18199   +0.17973     -1.241826 
 462   39   37  4   0  0 0.020 01.0  0.00195   -0.03221   -0.03686    +14.436510 
 463   40   36  4   0  0 0.020 01.0  0.00197   -0.03603   -0.03416     -5.190119 
 464   38   22  4   0  0 0.020 01.0  0.00194   +0.03086   +0.02759    -10.596241 
 465   41   11  4   0  0 0.020 01.0  0.00206   -0.04890   -0.04438     -9.243354 
 466   42   41  4   0  0 0.020 01.0  0.00208   -0.05138   -0.05271     +2.588556 
 467   43   41  4   0  0 0.020 01.0  0.00220   +0.06948   +0.06888     -0.863558 
 468   44   38  4   0  0 0.020 01.0  0.00188   -0.02236   -0.02595    +16.055456 
 469   45   15  4   0  0 0.020 01.0  0.00197   -0.03564   -0.04076    +14.365881 
 470   46   14  4   0  0 0.020 01.0  0.00382   -0.31262   -0.30610     -2.085599 
 471   47   46  4   0  0 0.020 01.0  0.00362   -0.28242   -0.27587     -2.319241 
 472   48   47  4   0  0 0.020 01.0  0.00258   -0.12764   -0.12821     +0.446568 
 473   49   48  4   0  0 0.020 01.0  0.00231   +0.08619   +0.09107     +5.661910 
 474   50   49  4   0  0 0.020 01.0  0.00199   -0.03836   -0.03686     -3.910323 
 475   51   50  4   0  0 0.020 01.0  0.00245   +0.10685   +0.10217     -4.379972 
 476   51   10  4   0  0 0.020 01.0  0.00291   -0.17685   -0.18507     +4.648007 
 477   49   13  4   0  0 0.020 01.0  0.00415   -0.36175   -0.37095     +2.543193 
 478   52   29  4   0  0 0.020 01.0  0.00217   -0.06510   -0.06750     +3.686636 
 479   53   52  4   0  0 0.020 01.0  0.00196   -0.03394   -0.03122     -8.014143 
 480   54   53  4   0  0 0.020 01.0  0.00205   +0.04811   +0.05148     +7.004781 
 481   55   54  4   0  0 0.020 01.0  0.00224   +0.07565   +0.07093     -6.239260 
 482   43   11  4   0  0 0.020 01.0  0.00228   -0.08248   -0.07843     -4.910281 
 483   45   44  4   0  0 0.020 01.0  0.00197   +0.03564   +0.03168    -11.111111 
 484   56   40  4   0  0 0.020 01.0  0.00195   -0.03193   -0.02940     -7.923583 
 485   41   56  4   0  0 0.020 01.0  0.00178   +0.00725   +0.00274    -62.206897 
 486   42   56  4   0  0 0.020 01.0  0.00178   -0.00662   -0.00775    +17.069486 
 487   57   39  4   0  0 0.020 01.0  0.00191   -0.02711   -0.02349    -13.353006 
 488   56   57  4   0  0 0.020 01.0  0.00174   -0.00059   -0.00028    -52.542373 
 489   49   38  4   0  0 0.020 01.0  0.00255   +0.12202   +0.12886     +5.605638 
 490   48   38  4   0  0 0.020 01.0  0.00318   +0.21741   +0.21390     -1.614461 
 491   55    9  4   0  0 0.020 01.0  0.00254   -0.12065   -0.11946     -0.986324 
----------------------------------------------------------------------------------
Número de medidores SCADA:     491
Número de PMUs:                0
Número de medidas das PMUs:    0
----------------------------------------------------------------------------------

Não há medidas de ângulo.
Não há medidores desabilitados.
============================== Estado Estimado ===================================
                 Barra     Mod(pu)    Ang(graus)              
----------------------------------------------------------------------------------
                    1            1.0389              0.00        
                    2            1.0093             -2.42        
                    3            0.9815            -11.06        
                    4            0.9744            -13.51        
                    5            0.9707            -16.27        
                    6            0.9774            -17.01        
                    7            0.9750            -16.31        
                    8            1.0042            -13.01        
                    9            0.9725            -16.40        
                   10            0.9537            -19.72        
                   11            0.9515            -17.20        
                   12            0.9823            -18.73        
                   13            0.9505            -16.68        
                   14            0.9402            -15.68        
                   15            0.9673            -12.18        
                   16            0.9791            -15.17        
                   17            0.9917             -8.84        
                   18            0.9795            -19.18        
                   19            0.9304            -21.32        
                   20            0.9173            -21.61        
                   21            0.9561            -21.08        
                   22            0.9567            -21.00        
                   23            0.9546            -21.14        
                   24            0.9403            -22.24        
                   25            0.8970            -29.81        
                   26            0.9053            -21.87        
                   27            0.9473            -20.84        
                   28            0.9713            -19.77        
                   29            0.9916            -19.02        
                   30            0.8686            -30.68        
                   31            0.8314            -31.79        
                   32            0.8524            -30.17        
                   33            0.8492            -30.23        
                   34            0.8840            -22.81        
                   35            0.8952            -22.47        
                   36            0.9098            -22.11        
                   37            0.9224            -21.83        
                   38            0.9609            -20.72        
                   39            0.9197            -21.91        
                   40            0.9065            -22.17        
                   41            0.9538            -22.84        
                   42            0.9063            -24.83        
                   43            0.9804            -18.84        
                   44            0.9706            -19.33        
                   45            1.0074            -15.41        
                   46            1.0211            -18.21        
                   47            0.9863            -20.27        
                   48            0.9788            -20.47        
                   49            0.9888            -21.04        
                   50            0.9715            -22.01        
                   51            1.0126            -21.17        
                   52            0.9481            -20.70        
                   53            0.9338            -21.39        
                   54            0.9711            -20.03        
                   55            1.0202            -18.25        
                   56            0.9038            -25.52        
                   57            0.8958            -26.34        
----------------------------------------------------------------------------------
Convergiu em:    3 iteraçoes. 
----------------------------------------------------------------------------------
--- RESIDUOS NORMALIZADOS --------------------------------------------------------
   N    D    P  TP      Real     Medido   Estimado      Med-Est        rn 
----------------------------------------------------------------------------------
 190    4   18  1    +0.1856    +0.1772    +0.2243  -4.7108e-02      0.922 
 350   18    4  1    -0.1856    -0.1918    -0.2243  +3.2468e-02      0.635 
  75    0   18  2    -0.3590    -0.3531    -0.3323  -2.0827e-02      0.410 
  61    0    4  2    +0.0000    -0.0045    -0.0117  +7.2266e-03      0.388 
 132    0   18  5    -0.1290    -0.1215    -0.1329  +1.1405e-02      0.283 
 103    0   46  2    +0.0000    -0.0047    +0.0008  -5.4788e-03      0.239 
 212    7   29  1    +0.7381    +0.7482    +0.7313  +1.6944e-02      0.231 
 185   13   15  1    -0.8031    -0.7826    -0.8008  +1.8191e-02      0.221 
 345   15   13  1    +0.8225    +0.8021    +0.8202  -1.8118e-02      0.219 
 117    0    3  5    +0.3230    +0.3333    +0.3236  +9.7277e-03      0.216 
 403   45   44  1    +0.5558    +0.5713    +0.5561  +1.5197e-02      0.216 
 336    6    4  1    -0.3532    -0.3409    -0.3542  +1.3233e-02      0.216 
 189    3   15  1    +0.3926    +0.3811    +0.3940  -1.2842e-02      0.215 
 172    1    2  1    +1.7790    +1.7411    +1.7640  -2.2923e-02      0.210 
 126    0   12  5    +1.2330    +1.2504    +1.2340  +1.6453e-02      0.210 
 188    1   17  1    +1.5255    +1.4966    +1.5179  -2.1278e-02      0.209 
  58    0    1  2    +7.0998    +7.0169    +7.0578  -4.0907e-02      0.207 
  69    0   12  2    -1.8760    -1.9125    -1.8924  -2.0086e-02      0.206 
  49    0   49  6    +0.9895    +0.9750    +0.9888  -1.3828e-02      0.198 
  13    0   13  6    +0.9509    +0.9370    +0.9505  -1.3498e-02      0.197 
 358   17   12  1    +0.9191    +0.9020    +0.9186  -1.6573e-02      0.197 
  44    0   44  6    +0.9715    +0.9842    +0.9706  +1.3586e-02      0.197 
 184   13   14  1    -0.2668    -0.2755    -0.2650  -1.0464e-02      0.194 
 269    3   15  4    +0.1172    +0.1114    +0.1200  -8.5707e-03      0.193 
 332    2    1  1    -1.7517    -1.7581    -1.7372  -2.0876e-02      0.192 
 112    0   55  2    -0.0900    -0.0951    -0.0887  -6.3563e-03      0.188 
  12    0   12  6    +0.9829    +0.9952    +0.9823  +1.2975e-02      0.186 
  14    0   14  6    +0.9407    +0.9528    +0.9402  +1.2648e-02      0.186 
   9    0    9  6    +0.9730    +0.9854    +0.9725  +1.2825e-02      0.185 
 191    4   18  1    +0.2376    +0.2343    +0.2243  +1.0042e-02      0.185 
  39    0   39  6    +0.9209    +0.9076    +0.9197  -1.2107e-02      0.181 
  73    0   16  2    -0.5680    -0.5680    -0.5582  -9.7375e-03      0.179 
 174    3    4  1    +1.0920    +1.0968    +1.0813  +1.5513e-02      0.177 
  57    0   57  6    +0.8959    +0.8843    +0.8958  -1.1411e-02      0.176 
   7    0    7  6    +0.9757    +0.9628    +0.9750  -1.2205e-02      0.176 
 100    0   43  2    -0.0260    -0.0301    -0.0247  -5.3996e-03      0.176 
  65    0    8  2    +2.5200    +2.4667    +2.4870  -2.0277e-02      0.175 
  43    0   43  6    +0.9801    +0.9924    +0.9804  +1.1998e-02      0.173 
 266    1   15  4    +0.5399    +0.5466    +0.5348  +1.1869e-02      0.172 
 178    6    8  1    -0.4136    -0.4190    -0.4079  -1.1021e-02      0.171 
 276   12   13  4    +0.6354    +0.6220    +0.6341  -1.2120e-02      0.171 
 339    9    8  1    -1.2261    -1.1968    -1.2121  +1.5233e-02      0.170 
  95    0   38  2    -0.1850    -0.1822    -0.1877  +5.5295e-03      0.169 
 416    6    4  4    +0.1198    +0.1264    +0.1183  +8.1178e-03      0.169 
 230   14   46  1    +0.6437    +0.6271    +0.6393  -1.2151e-02      0.168 
 349   15    3  1    -0.3896    -0.4010    -0.3910  -9.9980e-03      0.168 
  17    0   17  6    +0.9925    +1.0031    +0.9917  +1.1432e-02      0.164 
 236   10   51  1    +0.3706    +0.3584    +0.3678  -9.4052e-03      0.163 
 104    0   47  2    -0.3920    -0.3942    -0.3857  -8.4646e-03      0.161 
 258    6    8  4    -0.0794    -0.0727    -0.0801  +7.3559e-03      0.161 
 159    0   45  5    +0.0000    +0.0029    -0.0019  +4.8141e-03      0.160 
 415    5    4  4    +0.1080    +0.1132    +0.1058  +7.4389e-03      0.159 
 131    0   17  5    -0.1060    -0.0998    -0.1055  +5.7636e-03      0.159 
  18    0   18  6    +0.9800    +0.9686    +0.9795  -1.0892e-02      0.158 
 186    1   15  1    +2.4575    +2.4647    +2.4443  +2.0390e-02      0.157 
  54    0   54  6    +0.9709    +0.9819    +0.9711  +1.0797e-02      0.157 
 388   44   38  1    +0.3788    +0.3868    +0.3777  +9.0700e-03      0.156 
  37    0   37  6    +0.9235    +0.9328    +0.9224  +1.0438e-02      0.155 
 316   10   51  4    +0.1885    +0.1822    +0.1897  -7.5360e-03      0.155 
 179    8    9  1    +1.2430    +1.2424    +1.2286  +1.3781e-02      0.154 
 201   19   20  1    +0.0179    +0.0137    +0.0196  -5.8722e-03      0.152 
 351   18    4  1    -0.2376    -0.2325    -0.2243  -8.2522e-03      0.152 
 261    9   11  4    +0.1721    +0.1770    +0.1695  +7.5084e-03      0.150 
 417    7    6  4    -0.0566    -0.0626    -0.0564  -6.2676e-03      0.149 
 168    0   54  5    -0.0180    -0.0210    -0.0163  -4.6982e-03      0.148 
 423   13    9  4    -0.1320    -0.1245    -0.1319  +7.3326e-03      0.146 
  16    0   16  6    +0.9798    +0.9893    +0.9791  +1.0172e-02      0.146 
 476   51   10  4    -0.1769    -0.1851    -0.1781  -6.9200e-03      0.144 
 138    0   24  5    -0.0000    -0.0047    -0.0008  -3.8874e-03      0.144 
 263    9   13  4    +0.0974    +0.0905    +0.0973  -6.7544e-03      0.142 
  52    0   52  6    +0.9484    +0.9385    +0.9481  -9.6139e-03      0.141 
 116    0    2  5    -0.7704    -0.7507    -0.7602  +9.5468e-03      0.141 
 413    3    2  4    +0.3401    +0.3468    +0.3386  +8.1873e-03      0.141 
 142    0   28  5    -0.0300    -0.0338    -0.0293  -4.4611e-03      0.140 
 363   22   21  1    +0.0123    +0.0152    +0.0102  +4.9954e-03      0.139 
 312   47   48  4    +0.1294    +0.1217    +0.1278  -6.1305e-03      0.139 
 214   30   31  1    +0.0486    +0.0442    +0.0497  -5.5268e-03      0.139 
 247   39   57  1    +0.0478    +0.0419    +0.0480  -6.1036e-03      0.139 
 471   47   46  4    -0.2824    -0.2759    -0.2835  +7.6626e-03      0.139 
 237   13   49  1    +0.4199    +0.4273    +0.4183  +8.9705e-03      0.138 
 489   49   38  4    +0.1220    +0.1289    +0.1221  +6.7391e-03      0.138 
  33    0   33  6    +0.8489    +0.8576    +0.8492  +8.3190e-03      0.135 
 378   35   34  1    +0.1027    +0.1067    +0.1009  +5.7219e-03      0.135 
  29    0   29  6    +0.9922    +0.9821    +0.9916  -9.4217e-03      0.135 
 208   24   26  1    -0.1095    -0.1060    -0.1118  +5.8583e-03      0.135 
 335    5    4  1    -0.2888    -0.2815    -0.2893  +7.7554e-03      0.134 
  98    0   41  2    -0.0830    -0.0856    -0.0815  -4.0823e-03      0.133 
  66    0    9  2    -0.2180    -0.2136    -0.2098  -3.8055e-03      0.133 
 273    7    8  4    -0.2226    -0.2306    -0.2238  -6.8478e-03      0.133 
 385   41   11  1    -0.1252    -0.1312    -0.1246  -6.5222e-03      0.132 
 228   38   44  1    -0.3744    -0.3810    -0.3733  -7.7007e-03      0.132 
  23    0   23  6    +0.9553    +0.9456    +0.9546  -8.9456e-03      0.131 
 102    0   45  2    +0.0000    +0.0006    +0.0036  -3.0373e-03      0.130 
 396   51   10  1    -0.3706    -0.3753    -0.3678  -7.4948e-03      0.130 
 477   49   13  4    -0.3618    -0.3710    -0.3628  -8.1105e-03      0.129 
 462   39   37  4    -0.0322    -0.0369    -0.0320  -4.8242e-03      0.128 
 470   46   14  4    -0.3126    -0.3061    -0.3134  +7.2605e-03      0.128 
 290   27   28  4    -0.0878    -0.0902    -0.0848  -5.4255e-03      0.127 
 440   19   18  4    -0.0234    -0.0272    -0.0222  -5.0703e-03      0.126 
 324   40   56  4    +0.0360    +0.0403    +0.0348  +5.4297e-03      0.126 
 218   34   35  1    -0.1018    -0.0947    -0.1000  +5.3369e-03      0.126 
 270    4   18  4    +0.0548    +0.0555    +0.0501  +5.3884e-03      0.125 
 374   31   30  1    -0.0471    -0.0532    -0.0481  -5.0347e-03      0.125 
 204   22   23  1    +0.1567    +0.1550    +0.1607  -5.6702e-03      0.125 
 199   14   15  1    -1.0519    -1.0609    -1.0497  -1.1196e-02      0.124 
 434   12   10  4    +0.1706    +0.1644    +0.1705  -6.1184e-03      0.124 
 187    1   16  1    +1.3378    +1.3192    +1.3316  -1.2445e-02      0.124 
 383   40   36  1    -0.0421    -0.0371    -0.0418  +4.7573e-03      0.124 
 421   11    9  4    -0.1853    -0.1767    -0.1830  +6.2848e-03      0.123 
 279   14   15  4    -0.1147    -0.1181    -0.1124  -5.6508e-03      0.123 
 120    0    6  5    +0.2240    +0.2181    +0.2230  -4.8624e-03      0.123 
 232   47   48  1    +0.2404    +0.2493    +0.2432  +6.1248e-03      0.123 
  85    0   28  2    -0.0610    -0.0580    -0.0619  +3.8361e-03      0.123 
  83    0   26  2    -0.0000    +0.0045    +0.0009  +3.6390e-03      0.121 
 163    0   49  5    -0.1120    -0.1183    -0.1144  -3.8284e-03      0.121 
  74    0   17  2    -0.5540    -0.5530    -0.5473  -5.7498e-03      0.121 
 118    0    4  5    +0.0000    +0.0050    +0.0021  +2.8597e-03      0.121 
 394   50   49  1    -0.1483    -0.1549    -0.1493  -5.5388e-03      0.120 
  60    0    3  2    -0.1410    -0.1389    -0.1422  +3.2767e-03      0.120 
 106    0   49  2    -0.2380    -0.2304    -0.2351  +4.6818e-03      0.119 
 249   38   49  1    -0.0469    -0.0530    -0.0478  -5.1704e-03      0.119 
 173    2    3  1    +1.7117    +1.7160    +1.7028  +1.3161e-02      0.119 
 303   36   40  4    +0.0362    +0.0418    +0.0373  +4.5319e-03      0.119 
 433    8    7  4    +0.2605    +0.2539    +0.2602  -6.3687e-03      0.119 
 147    0   33  5    -0.0250    -0.0196    -0.0240  +4.3870e-03      0.118 
 227   41   43  1    -0.1584    -0.1638    -0.1580  -5.7742e-03      0.117 
  59    0    2  2    -0.0400    -0.0366    -0.0344  -2.2253e-03      0.117 
  42    0   42  6    +0.9061    +0.8986    +0.9063  -7.6307e-03      0.117 
 264   13   14  4    +0.3021    +0.2967    +0.3034  -6.6177e-03      0.116 
 234   49   50  1    +0.1503    +0.1461    +0.1513  -5.3000e-03      0.115 
   3    0    3  6    +0.9820    +0.9895    +0.9815  +7.9826e-03      0.115 
  28    0   28  6    +0.9716    +0.9792    +0.9713  +7.9124e-03      0.115 
 439   15   14  4    +0.1704    +0.1621    +0.1678  -5.7000e-03      0.114 
  53    0   53  6    +0.9338    +0.9261    +0.9338  -7.7015e-03      0.114 
  97    0   40  2    -0.0000    -0.0037    +0.0001  -3.7802e-03      0.114 
 357   16   12  1    +0.6933    +0.6894    +0.6974  -7.9811e-03      0.114 
 442   20   21  4    +0.0021    +0.0051    +0.0008  +4.3304e-03      0.113 
 205   23   24  1    +0.0734    +0.0675    +0.0723  -4.7836e-03      0.113 
 310   14   46  4    +0.3487    +0.3557    +0.3491  +6.5988e-03      0.113 
 326   56   42  4    +0.0069    +0.0036    +0.0079  -4.3012e-03      0.112 
  77    0   20  2    -0.0300    -0.0330    -0.0293  -3.7896e-03      0.111 
 395   51   50  1    +0.1326    +0.1378    +0.1326  +5.2556e-03      0.111 
 387   43   41  1    +0.1584    +0.1526    +0.1580  -5.4158e-03      0.110 
 130    0   16  5    -0.0400    -0.0385    -0.0418  +3.3081e-03      0.110 
  79    0   22  2    +0.0000    +0.0048    +0.0019  +2.8325e-03      0.110 
  68    0   11  2    +0.0000    +0.0019    +0.0045  -2.5544e-03      0.109 
 180    9   10  1    +0.3301    +0.3367    +0.3302  +6.5470e-03      0.109 
 473   49   48  4    +0.0862    +0.0911    +0.0861  +4.9501e-03      0.109 
 485   41   56  4    +0.0073    +0.0027    +0.0072  -4.4176e-03      0.108 
 268    1   17  4    +0.2205    +0.2233    +0.2177  +5.5402e-03      0.108 
 468   44   38  4    -0.0224    -0.0260    -0.0219  -4.0446e-03      0.108 
 110    0   53  2    -0.2640    -0.2677    -0.2625  -5.2403e-03      0.108 
  71    0   14  2    -0.1390    -0.1462    -0.1430  -3.1885e-03      0.108 
  70    0   13  2    -0.2380    -0.2329    -0.2295  -3.3750e-03      0.108 
 271    4   18  4    +0.0511    +0.0547    +0.0501  +4.5684e-03      0.107 
 370   28   27  1    +0.2404    +0.2331    +0.2386  -5.4967e-03      0.107 
 175    4    5  1    +0.2952    +0.2896    +0.2958  -6.1795e-03      0.107 
 292    7   29  4    +0.2792    +0.2715    +0.2771  -5.6146e-03      0.106 
 158    0   44  5    -0.0240    -0.0197    -0.0231  +3.4487e-03      0.105 
  19    0   19  6    +0.9316    +0.9373    +0.9304  +6.9325e-03      0.105 
 265   13   15  4    +0.0843    +0.0912    +0.0864  +4.8167e-03      0.105 
 371   29   28  1    +0.3061    +0.3107    +0.3051  +5.5604e-03      0.104 
 333    3    2  1    -1.6256    -1.6285    -1.6175  -1.1075e-02      0.102 
  94    0   37  2    +0.0000    -0.0000    -0.0025  +2.4910e-03      0.101 
 296   32   33  4    +0.0252    +0.0279    +0.0241  +3.7446e-03      0.101 
 300   36   37  4    -0.1358    -0.1413    -0.1369  -4.4114e-03      0.100 
 481   55   54  4    +0.0756    +0.0709    +0.0753  -4.3300e-03      0.100 
 367   25   24  1    -0.0891    -0.0949    -0.0903  -4.6429e-03      0.100 
 293   25   30  4    +0.0617    +0.0563    +0.0603  -4.0107e-03      0.100 
 407   57   39  1    -0.0478    -0.0437    -0.0480  +4.3536e-03      0.099 
   1    0    1  6    +1.0400    +1.0460    +1.0389  +7.0789e-03      0.099 
 334    4    3  1    -1.0780    -1.0761    -1.0675  -8.5957e-03      0.098 
 422   12    9  4    +0.0240    +0.0280    +0.0238  +4.1849e-03      0.098 
 277   12   16  4    +0.2011    +0.2079    +0.2031  +4.7864e-03      0.096 
 319   52   53  4    +0.0361    +0.0308    +0.0345  -3.6920e-03      0.096 
 122    0    8  5    +0.7250    +0.7265    +0.7203  +6.1989e-03      0.096 
 353    8    7  1    +0.8572    +0.8520    +0.8444  +7.6036e-03      0.095 
  38    0   38  6    +0.9618    +0.9544    +0.9609  -6.5353e-03      0.095 
  46    0   46  6    +1.0217    +1.0278    +1.0211  +6.7006e-03      0.095 
  99    0   42  2    -0.0940    -0.0962    -0.0926  -3.5260e-03      0.094 
  78    0   21  2    +0.0000    +0.0027    -0.0003  +2.9865e-03      0.093 
 101    0   44  2    -0.1580    -0.1627    -0.1593  -3.4595e-03      0.093 
 164    0   50  5    -0.1390    -0.1409    -0.1371  -3.7837e-03      0.093 
 362   20   21  1    -0.0123    -0.0134    -0.0099  -3.5606e-03      0.092 
 121    0    7  5    +0.0000    -0.0008    -0.0030  +2.2200e-03      0.092 
 136    0   22  5    -0.0000    -0.0039    -0.0013  -2.5463e-03      0.091 
  15    0   15  6    +0.9679    +0.9736    +0.9673  +6.3064e-03      0.091 
 475   51   50  4    +0.1069    +0.1022    +0.1064  -4.1964e-03      0.091 
 215   31   32  1    -0.0299    -0.0252    -0.0288  +3.6245e-03      0.090 
 447   25   24  4    -0.0277    -0.0295    -0.0256  -3.8307e-03      0.090 
 405   41   56  1    +0.0802    +0.0850    +0.0808  +4.1603e-03      0.090 
  34    0   34  6    +0.8851    +0.8899    +0.8840  +5.9220e-03      0.090 
 409   49   38  1    +0.0490    +0.0460    +0.0499  -3.9192e-03      0.090 
 483   45   44  4    +0.0356    +0.0317    +0.0353  -3.6605e-03      0.090 
  89    0   32  2    -0.0210    -0.0248    -0.0275  +2.6455e-03      0.090 
 469   45   15  4    -0.0356    -0.0408    -0.0372  -3.5154e-03      0.090 
 203   21   22  1    -0.0123    -0.0069    -0.0102  +3.2160e-03      0.090 
  81    0   24  2    -0.0000    -0.0013    +0.0011  -2.3210e-03      0.090 
 431   18    4  4    -0.0256    -0.0236    -0.0273  +3.6561e-03      0.089 
 411   55    9  1    -0.2852    -0.2776    -0.2822  +4.6199e-03      0.088 
   2    0    2  6    +1.0100    +1.0031    +1.0093  -6.2060e-03      0.088 
   8    0    8  6    +1.0050    +1.0104    +1.0042  +6.1387e-03      0.087 
 446   25   24  4    -0.0288    -0.0293    -0.0256  -3.6907e-03      0.087 
 143    0   29  5    -0.0340    -0.0388    -0.0364  -2.4781e-03      0.087 
 167    0   53  5    -0.1320    -0.1356    -0.1319  -3.6105e-03      0.087 
 372   29    7  1    -0.7381    -0.7249    -0.7313  +6.3664e-03      0.087 
  82    0   25  2    -0.0830    -0.0885    -0.0856  -2.9594e-03      0.086 
 341   11    9  1    -0.2082    -0.2001    -0.2045  +4.4325e-03      0.086 
 245   56   41  1    -0.0762    -0.0808    -0.0768  -3.9430e-03      0.086 
 170    0   56  5    -0.0290    -0.0246    -0.0271  +2.5392e-03      0.085 
 347   16    1  1    -1.2613    -1.2472    -1.2557  +8.4036e-03      0.085 
  32    0   32  6    +0.8523    +0.8472    +0.8524  -5.2116e-03      0.084 
 297   34   32  4    +0.0593    +0.0618    +0.0583  +3.5597e-03      0.084 
 406   42   56  1    +0.0223    +0.0268    +0.0236  +3.2963e-03      0.084 
 226   41   42  1    +0.1204    +0.1164    +0.1203  -3.8561e-03      0.084 
 443   22   21  4    -0.0019    +0.0008    -0.0021  +2.9593e-03      0.084 
 331    9   55  4    +0.1318    +0.1248    +0.1285  -3.6574e-03      0.083 
 260    9   10  4    +0.0244    +0.0284    +0.0251  +3.3782e-03      0.083 
 114    0   57  2    -0.0880    -0.0946    -0.0914  -3.2358e-03      0.083 
 386   42   41  1    -0.1163    -0.1200    -0.1162  -3.8223e-03      0.083 
 177    6    7  1    -0.1077    -0.1032    -0.1068  +3.6183e-03      0.083 
 151    0   37  5    +0.0000    -0.0010    +0.0011  -2.1363e-03      0.082 
  51    0   51  6    +1.0134    +1.0184    +1.0126  +5.7954e-03      0.082 
 259    8    9  4    +0.3999    +0.3906    +0.3954  -4.7848e-03      0.082 
 465   41   11  4    -0.0489    -0.0444    -0.0480  +3.6224e-03      0.082 
  86    0   29  2    -0.2240    -0.2183    -0.2213  +3.0376e-03      0.082 
 490   48   38  4    +0.2174    +0.2139    +0.2180  -4.1290e-03      0.082 
  48    0   48  6    +0.9795    +0.9732    +0.9788  -5.6431e-03      0.081 
 306   41   42  4    +0.0583    +0.0629    +0.0595  +3.4091e-03      0.081 
 254    3    4  4    -0.1343    -0.1385    -0.1350  -3.5190e-03      0.081 
   5    0    5  6    +0.9714    +0.9651    +0.9707  -5.5773e-03      0.081 
 123    0    9  5    -0.0340    -0.0344    -0.0362  +1.7655e-03      0.080 
 327   39   57  4    +0.0322    +0.0280    +0.0315  -3.4310e-03      0.080 
 108    0   51  2    -0.2380    -0.2387    -0.2352  -3.4693e-03      0.079 
 298   34   35  4    -0.0593    -0.0589    -0.0620  +3.1190e-03      0.078 
  50    0   50  6    +0.9721    +0.9661    +0.9715  -5.3871e-03      0.078 
 463   40   36  4    -0.0360    -0.0342    -0.0371  +2.9608e-03      0.078 
 198   12   17  1    -0.8848    -0.8779    -0.8843  +6.4838e-03      0.078 
 452   29    7  4    -0.2396    -0.2342    -0.2381  +3.9344e-03      0.077 
 295   31   32  4    -0.0061    -0.0064    -0.0035  -2.9678e-03      0.077 
 309   15   45  4    +0.0674    +0.0719    +0.0687  +3.1999e-03      0.077 
 231   46   47  1    +0.6437    +0.6456    +0.6401  +5.5004e-03      0.076 
 225   11   41  1    +0.1252    +0.1284    +0.1246  +3.7522e-03      0.076 
 460   37   36  4    +0.1389    +0.1366    +0.1399  -3.3408e-03      0.076 
 197   12   16  1    -0.6838    -0.6931    -0.6877  -5.3233e-03      0.076 
 360   19   18  1    -0.0619    -0.0679    -0.0647  -3.2422e-03      0.076 
 445   24   23  4    -0.0095    -0.0063    -0.0091  +2.8677e-03      0.075 
 160    0   46  5    +0.0000    +0.0021    +0.0001  +1.9639e-03      0.075 
 182    9   12  1    +0.1179    +0.1230    +0.1193  +3.6537e-03      0.074 
 392   48   47  1    -0.2390    -0.2381    -0.2417  +3.6636e-03      0.073 
 251    9   55  1    +0.2852    +0.2784    +0.2822  -3.8299e-03      0.073 
 426   15    1  4    -0.1019    -0.1045    -0.1014  -3.1540e-03      0.073 
   4    0    4  6    +0.9748    +0.9794    +0.9744  +5.0095e-03      0.072 
 288   24   26  4    -0.0743    -0.0685    -0.0715  +2.9724e-03      0.072 
 340   10    9  1    -0.3257    -0.3215    -0.3258  +4.2984e-03      0.072 
 244   40   56  1    +0.0421    +0.0388    +0.0419  -3.1275e-03      0.072 
 435   13   11  4    -0.0486    -0.0541    -0.0512  -2.9085e-03      0.072 
 241   54   55  1    -0.1879    -0.1900    -0.1864  -3.6197e-03      0.072 
 213   25   30  1    +0.0989    +0.1017    +0.0987  +3.0195e-03      0.072 
 398   52   29  1    -0.2008    -0.2014    -0.1978  -3.5364e-03      0.071 
 376   33   32  1    -0.0500    -0.0441    -0.0469  +2.7460e-03      0.071 
 320   53   54  4    -0.0431    -0.0475    -0.0446  -2.9156e-03      0.071 
 240   53   54  1    -0.1299    -0.1257    -0.1290  +3.2989e-03      0.070 
 135    0   21  5    -0.0000    +0.0037    +0.0015  +2.2760e-03      0.070 
 242   11   43  1    +0.1844    +0.1794    +0.1827  -3.3763e-03      0.070 
 150    0   36  5    +0.0000    +0.0015    +0.0033  -1.8597e-03      0.069 
 342   12    9  1    -0.1168    -0.1147    -0.1181  +3.4190e-03      0.069 
 322   11   43  4    +0.0890    +0.0884    +0.0855  +2.9374e-03      0.069 
 111    0   54  2    -0.0540    -0.0556    -0.0533  -2.2333e-03      0.069 
 487   57   39  4    -0.0271    -0.0235    -0.0264  +2.9215e-03      0.068 
 134    0   20  5    -0.0130    -0.0164    -0.0141  -2.2664e-03      0.068 
  24    0   24  6    +0.9408    +0.9357    +0.9403  -4.5903e-03      0.068 
 432    6    5  4    +0.1518    +0.1565    +0.1533  +3.2052e-03      0.068 
 377   32   34  1    -0.1018    -0.1069    -0.1039  -2.9956e-03      0.067 
 418    8    6  4    +0.0647    +0.0677    +0.0647  +2.9824e-03      0.067 
  22    0   22  6    +0.9575    +0.9521    +0.9567  -4.5624e-03      0.067 
 107    0   50  2    -0.2770    -0.2748    -0.2780  +3.1715e-03      0.066 
 404   56   40  1    -0.0421    -0.0448    -0.0419  -2.8725e-03      0.066 
 250   38   48  1    -0.2179    -0.2266    -0.2233  -3.2850e-03      0.066 
 219   35   36  1    -0.1817    -0.1736    -0.1766  +3.0553e-03      0.065 
 183    9   13  1    +0.0646    +0.0669    +0.0640  +2.9091e-03      0.065 
 459   36   35  4    +0.0997    +0.1056    +0.1029  +2.6798e-03      0.064 
 144    0   30  5    -0.0240    -0.0262    -0.0241  -2.0919e-03      0.064 
 235   50   51  1    -0.1287    -0.1257    -0.1287  +3.0003e-03      0.063 
 328   57   56  4    +0.0011    +0.0039    +0.0016  +2.2825e-03      0.063 
 419    9    8  4    -0.3671    -0.3679    -0.3644  -3.5716e-03      0.063 
 200   18   19  1    +0.0642    +0.0645    +0.0672  -2.6673e-03      0.063 
 400   54   53  1    +0.1339    +0.1301    +0.1330  -2.9036e-03      0.062 
 284   22   23  4    +0.0319    +0.0298    +0.0275  +2.3206e-03      0.062 
 382   39   37  1    -0.0478    -0.0490    -0.0513  +2.3914e-03      0.062 
 152    0   38  5    -0.0920    -0.0982    -0.0964  -1.8013e-03      0.062 
 410   48   38  1    +0.2210    +0.2296    +0.2265  +3.0860e-03      0.062 
 233   48   49  1    +0.0180    +0.0212    +0.0188  +2.4130e-03      0.061 
 287   24   25  4    +0.0411    +0.0417    +0.0391  +2.5904e-03      0.060 
  40    0   40  6    +0.9076    +0.9105    +0.9065  +3.9984e-03      0.060 
 437   16   12  4    -0.1788    -0.1772    -0.1802  +2.9212e-03      0.060 
 127    0   13  5    -0.0300    -0.0276    -0.0263  -1.2189e-03      0.059 
 248   57   56  1    -0.0402    -0.0411    -0.0434  +2.2506e-03      0.058 
 176    4    6  1    +0.3596    +0.3571    +0.3606  -3.5581e-03      0.058 
 145    0   31  5    -0.0380    -0.0360    -0.0339  -2.0083e-03      0.057 
 153    0   39  5    +0.0000    +0.0014    -0.0006  +1.9149e-03      0.057 
 361   20   19  1    -0.0177    -0.0172    -0.0194  +2.2210e-03      0.057 
 323   44   45  4    -0.0016    -0.0034    -0.0012  -2.1666e-03      0.057 
 105    0   48  2    -0.0000    +0.0022    +0.0036  -1.3875e-03      0.057 
 369   27   26  1    +0.1131    +0.1172    +0.1146  +2.5844e-03      0.056 
 379   36   35  1    +0.1840    +0.1815    +0.1789  +2.6257e-03      0.056 
  56    0   56  6    +0.9035    +0.9075    +0.9038  +3.6644e-03      0.056 
  31    0   31  6    +0.8281    +0.8347    +0.8314  +3.3444e-03      0.056 
 109    0   52  2    -0.0650    -0.0609    -0.0627  +1.8245e-03      0.055 
 220   36   37  1    -0.2262    -0.2200    -0.2227  +2.7191e-03      0.055 
 181    9   11  1    +0.2103    +0.2094    +0.2065  +2.8418e-03      0.055 
  35    0   35  6    +0.8962    +0.8916    +0.8952  -3.6161e-03      0.055 
  67    0   10  2    -0.1260    -0.1276    -0.1259  -1.7076e-03      0.054 
 368   26   24  1    +0.1095    +0.1095    +0.1118  -2.3583e-03      0.054 
 171    0   57  5    -0.0260    -0.0229    -0.0248  +1.9040e-03      0.054 
 229   15   45  1    +0.5558    +0.5488    +0.5525  -3.7053e-03      0.054 
 119    0    5  5    -0.0530    -0.0584    -0.0567  -1.7332e-03      0.053 
 267    1   16  4    +0.1526    +0.1480    +0.1506  -2.6285e-03      0.053 
 384   38   22  1    +0.1696    +0.1671    +0.1695  -2.3406e-03      0.052 
  11    0   11  6    +0.9516    +0.9479    +0.9515  -3.5679e-03      0.052 
 286   24   25  4    +0.0427    +0.0369    +0.0391  -2.2496e-03      0.052 
 281   19   20  4    +0.0154    +0.0172    +0.0152  +1.9883e-03      0.051 
  88    0   31  2    -0.0770    -0.0789    -0.0770  -1.9003e-03      0.051 
 472   48   47  4    -0.1276    -0.1282    -0.1260  -2.2267e-03      0.051 
 448   26   24  4    +0.0754    +0.0704    +0.0725  -2.0675e-03      0.050 
 430   18    4  4    -0.0342    -0.0293    -0.0273  -2.0739e-03      0.050 
 359   15   14  1    +1.0735    +1.0757    +1.0712  +4.5049e-03      0.050 
 202   21   20  1    +0.0123    +0.0118    +0.0099  +1.9206e-03      0.050 
 330   38   48  4    -0.2126    -0.2156    -0.2131  -2.5041e-03      0.050 
 356   13   12  1    +0.3739    +0.3853    +0.3825  +2.7871e-03      0.049 
 478   52   29  4    -0.0651    -0.0675    -0.0655  -2.0221e-03      0.049 
 329   38   49  4    -0.1217    -0.1194    -0.1218  +2.3962e-03      0.049 
 224   22   38  1    -0.1690    -0.1710    -0.1689  -2.1627e-03      0.048 
  76    0   19  2    -0.0440    -0.0467    -0.0451  -1.6444e-03      0.048 
  55    0   55  6    +1.0203    +1.0236    +1.0202  +3.3795e-03      0.048 
 129    0   15  5    -0.0660    -0.0705    -0.0717  +1.2070e-03      0.048 
 239   52   53  1    +0.1358    +0.1330    +0.1351  -2.1191e-03      0.047 
 253    2    3  4    -0.1757    -0.1739    -0.1762  +2.2963e-03      0.047 
  20    0   20  6    +0.9190    +0.9204    +0.9173  +3.0929e-03      0.047 
 304   22   38  4    -0.0299    -0.0250    -0.0267  +1.6938e-03      0.047 
 453   30   25  4    -0.0583    -0.0588    -0.0569  -1.8776e-03      0.046 
 451   29   28  4    +0.1312    +0.1252    +0.1273  -2.0514e-03      0.046 
 458   35   34  4    +0.0581    +0.0626    +0.0608  +1.8267e-03      0.046 
 456   33   32  4    -0.0250    -0.0257    -0.0240  -1.7130e-03      0.046 
 461   38   37  4    +0.1820    +0.1797    +0.1818  -2.1097e-03      0.046 
 480   54   53  4    +0.0481    +0.0515    +0.0496  +1.8959e-03      0.046 
 401   55   54  1    +0.1952    +0.1913    +0.1935  -2.2562e-03      0.045 
  30    0   30  6    +0.8660    +0.8658    +0.8686  -2.7987e-03      0.045 
 301   37   38  4    -0.1713    -0.1730    -0.1709  -2.0257e-03      0.044 
 427   16    1  4    +0.1388    +0.1362    +0.1384  -2.1532e-03      0.044 
  27    0   27  6    +0.9472    +0.9502    +0.9473  +2.9681e-03      0.044 
  90    0   33  2    -0.0500    -0.0452    -0.0469  +1.6660e-03      0.043 
 216   32   33  1    +0.0502    +0.0487    +0.0470  +1.6434e-03      0.043 
 491   55    9  4    -0.1206    -0.1195    -0.1176  -1.8283e-03      0.042 
 115    0    1  5    +1.4642    +1.4458    +1.4422  +3.6598e-03      0.042 
 257    6    7  4    +0.0317    +0.0299    +0.0315  -1.6613e-03      0.042 
 133    0   19  5    -0.0080    -0.0056    -0.0069  +1.3280e-03      0.041 
  62    0    5  2    -0.1720    -0.1693    -0.1710  +1.6761e-03      0.041 
 313   48   49  4    -0.0898    -0.0916    -0.0897  -1.8899e-03      0.041 
  63    0    6  2    -0.9900    -0.9890    -0.9860  -3.0156e-03      0.041 
 399   53   52  1    -0.1341    -0.1316    -0.1335  +1.8308e-03      0.041 
 338    8    6  1    +0.4198    +0.4114    +0.4140  -2.5924e-03      0.040 
 393   49   48  1    -0.0173    -0.0197    -0.0181  -1.5885e-03      0.040 
 321   54   55  4    -0.0661    -0.0675    -0.0659  -1.6642e-03      0.039 
 420   10    9  4    -0.0456    -0.0445    -0.0461  +1.6467e-03      0.039 
 455   32   31  4    +0.0071    +0.0029    +0.0044  -1.4923e-03      0.039 
 424   14   13  4    -0.3040    -0.3075    -0.3052  -2.2135e-03      0.039 
 217   34   32  1    +0.1018    +0.1022    +0.1039  -1.7244e-03      0.038 
 252    1    2  4    +0.5511    +0.5414    +0.5391  +2.3692e-03      0.038 
  25    0   25  6    +0.8947    +0.8993    +0.8970  +2.3672e-03      0.037 
 436   13   12  4    -0.6575    -0.6531    -0.6558  +2.6560e-03      0.036 
 402   43   11  1    -0.1844    -0.1810    -0.1827  +1.7663e-03      0.036 
 210   27   28  1    -0.2361    -0.2362    -0.2343  -1.8604e-03      0.036 
 364   23   22  1    -0.1564    -0.1620    -0.1604  -1.6372e-03      0.036 
 211   28   29  1    -0.3014    -0.2985    -0.3005  +1.9327e-03      0.036 
 161    0   47  5    -0.1530    -0.1543    -0.1557  +1.4321e-03      0.036 
 137    0   23  5    -0.0280    -0.0252    -0.0240  -1.2223e-03      0.036 
 355   13   11  1    +0.1017    +0.0971    +0.0987  -1.5524e-03      0.035 
 193    7    8  1    -0.8460    -0.8307    -0.8336  +2.8235e-03      0.035 
  84    0   27  2    -0.1230    -0.1184    -0.1197  +1.3540e-03      0.035 
 195   11   13  1    -0.1014    -0.0999    -0.0984  -1.5329e-03      0.035 
  96    0   39  2    -0.0000    -0.0022    -0.0033  +1.1478e-03      0.035 
 318   29   52  4    +0.0744    +0.0731    +0.0745  -1.4411e-03      0.035 
 352    6    5  1    -0.1155    -0.1156    -0.1171  +1.4942e-03      0.034 
 365   24   23  1    -0.0724    -0.0728    -0.0714  -1.4582e-03      0.034 
 381   38   37  1    +0.2846    +0.2855    +0.2873  -1.7538e-03      0.034 
 484   56   40  4    -0.0319    -0.0294    -0.0309  +1.4694e-03      0.034 
 148    0   34  5    -0.0000    -0.0048    -0.0037  -1.0813e-03      0.034 
 348   17    1  1    -1.4731    -1.4625    -1.4659  +3.4331e-03      0.034 
 162    0   48  5    +0.0000    +0.0015    +0.0024  -8.5548e-04      0.034 
 282   21   20  4    -0.0020    -0.0020    -0.0007  -1.2709e-03      0.033 
 155    0   41  5    -0.0400    -0.0384    -0.0375  -9.6223e-04      0.033 
 243   44   45  1    -0.5368    -0.5348    -0.5370  +2.2304e-03      0.032 
 391   47   46  1    -0.6324    -0.6266    -0.6289  +2.2906e-03      0.032 
 124    0   10  5    -0.0500    -0.0484    -0.0494  +9.1304e-04      0.032 
 315   50   51  4    -0.1006    -0.0987    -0.1002  +1.4493e-03      0.031 
 274   10   12  4    -0.1929    -0.1913    -0.1930  +1.6023e-03      0.031 
  36    0   36  6    +0.9108    +0.9119    +0.9098  +2.0657e-03      0.031 
 305   11   41  4    +0.0638    +0.0613    +0.0627  -1.3798e-03      0.031 
 479   53   52  4    -0.0339    -0.0312    -0.0324  +1.1635e-03      0.030 
 454   31   30  4    -0.0319    -0.0293    -0.0305  +1.1795e-03      0.030 
 280   18   19  4    +0.0268    +0.0247    +0.0259  -1.1989e-03      0.030 
 343   13    9  1    -0.0637    -0.0618    -0.0631  +1.3127e-03      0.029 
 289   26   27  4    -0.0754    -0.0756    -0.0769  +1.2812e-03      0.029 
 146    0   32  5    -0.0110    -0.0142    -0.0133  -8.8290e-04      0.029 
 438   17   12  4    -0.0938    -0.0956    -0.0943  -1.3137e-03      0.029 
 285   23   24  4    +0.0034    +0.0041    +0.0031  +1.0395e-03      0.028 
 165    0   51  5    -0.0700    -0.0708    -0.0718  +9.6354e-04      0.028 
 209   26   27  1    -0.1095    -0.1122    -0.1109  -1.2528e-03      0.027 
 166    0   52  5    -0.0290    -0.0301    -0.0310  +8.8596e-04      0.027 
 255    4    5  4    -0.1188    -0.1178    -0.1165  -1.2806e-03      0.027 
 308   38   44  4    +0.0294    +0.0299    +0.0289  +1.0023e-03      0.026 
   6    0    6  6    +0.9781    +0.9791    +0.9774  +1.7203e-03      0.025 
 366   25   24  1    -0.0928    -0.0915    -0.0903  -1.1529e-03      0.025 
 325   56   41  4    -0.0033    -0.0022    -0.0032  +9.8380e-04      0.024 
 156    0   42  5    -0.0580    -0.0593    -0.0602  +8.6831e-04      0.024 
 275   11   13  4    +0.0325    +0.0342    +0.0351  -9.2651e-04      0.024 
 283   21   22  4    +0.0020    +0.0014    +0.0022  -7.9313e-04      0.022 
 450   28   27  4    +0.0946    +0.0904    +0.0914  -9.6693e-04      0.022 
 196   12   13  1    -0.3634    -0.3706    -0.3718  +1.2468e-03      0.022 
 299   35   36  4    -0.0981    -0.1023    -0.1014  -8.8771e-04      0.021 
 294   30   31  4    +0.0343    +0.0336    +0.0328  +8.2574e-04      0.021 
 139    0   25  5    -0.0420    -0.0402    -0.0395  -7.0300e-04      0.021 
 154    0   40  5    +0.0000    -0.0030    -0.0023  -6.7955e-04      0.020 
 488   56   57  4    -0.0006    -0.0003    -0.0010  +7.3708e-04      0.020 
  93    0   36  2    -0.0000    -0.0014    -0.0020  +5.1330e-04      0.020 
 429   15    3  4    -0.1593    -0.1629    -0.1619  -9.3510e-04      0.020 
 449   27   26  4    +0.0808    +0.0817    +0.0825  -8.6823e-04      0.020 
 346   15    1  1    -2.3523    -2.3426    -2.3401  -2.4992e-03      0.020 
  26    0   26  6    +0.9059    +0.9066    +0.9053  +1.2767e-03      0.019 
 337    7    6  1    +0.1080    +0.1062    +0.1071  -8.3884e-04      0.019 
 291   28   29  4    -0.1246    -0.1199    -0.1207  +8.2588e-04      0.019 
 256    4    6  4    -0.1308    -0.1300    -0.1291  -9.0717e-04      0.019 
 444   23   22  4    -0.0314    -0.0264    -0.0271  +6.8819e-04      0.018 
 221   37   38  1    -0.2765    -0.2782    -0.2791  +9.3951e-04      0.018 
 390   46   14  1    -0.6437    -0.6380    -0.6393  +1.3108e-03      0.018 
 194   10   12  1    -0.1709    -0.1687    -0.1678  -8.7089e-04      0.018 
 128    0   14  5    -0.0700    -0.0691    -0.0686  -5.0546e-04      0.018 
 457   32   34  4    -0.0432    -0.0425    -0.0418  -7.3526e-04      0.018 
  21    0   21  6    +0.9567    +0.9573    +0.9561  +1.1857e-03      0.017 
 192    5    6  1    +0.1168    +0.1176    +0.1183  -7.2924e-04      0.017 
 482   43   11  4    -0.0825    -0.0784    -0.0791  +7.0996e-04      0.017 
 278   12   17  4    +0.2018    +0.2016    +0.2024  -8.6039e-04      0.016 
  47    0   47  6    +0.9870    +0.9875    +0.9863  +1.1373e-03      0.016 
 113    0   56  2    -0.1000    -0.0978    -0.0983  +5.4048e-04      0.016 
 397   49   13  1    -0.4199    -0.4173    -0.4183  +1.0195e-03      0.016 
 380   37   36  1    +0.2286    +0.2244    +0.2251  -7.7366e-04      0.016 
 149    0   35  5    -0.0400    -0.0401    -0.0406  +5.1901e-04      0.016 
 314   49   50  4    +0.0415    +0.0408    +0.0402  +6.1301e-04      0.016 
 157    0   43  5    -0.0130    -0.0098    -0.0102  +4.7835e-04      0.015 
 302   37   39  4    +0.0324    +0.0316    +0.0322  -5.6989e-04      0.015 
 412    2    1  4    -0.5948    -0.5831    -0.5840  +9.7049e-04      0.015 
 344   14   13  1    +0.2692    +0.2667    +0.2674  -7.3132e-04      0.014 
 389   45   15  1    -0.5558    -0.5516    -0.5525  +8.7530e-04      0.013 
 375   32   31  1    +0.0306    +0.0289    +0.0294  -5.0229e-04      0.013 
  80    0   23  2    -0.0830    -0.0876    -0.0880  +4.5912e-04      0.013 
 354   12   10  1    +0.1727    +0.1691    +0.1697  -5.8227e-04      0.012 
 428   17    1  4    -0.0122    -0.0116    -0.0112  -4.0268e-04      0.011 
 317   13   49  4    +0.4217    +0.4235    +0.4227  +7.2200e-04      0.011 
 425   15   13  4    -0.0427    -0.0454    -0.0449  -4.2376e-04      0.010 
 222   37   39  1    +0.0479    +0.0518    +0.0514  +3.7515e-04      0.010 
 206   24   25  1    +0.0928    +0.0898    +0.0903  -4.4710e-04      0.010 
  91    0   34  2    -0.0000    +0.0042    +0.0039  +2.9247e-04      0.009 
 125    0   11  5    -0.0000    +0.0000    +0.0003  -2.3416e-04      0.009 
  87    0   30  2    -0.0480    -0.0471    -0.0468  -3.2070e-04      0.009 
  72    0   15  2    -0.2900    -0.2869    -0.2871  +2.7469e-04      0.009 
 223   36   40  1    +0.0423    +0.0416    +0.0419  -3.5147e-04      0.009 
 207   24   25  1    +0.0891    +0.0899    +0.0903  -4.1710e-04      0.009 
 141    0   27  5    -0.0070    -0.0025    -0.0023  -2.6372e-04      0.008 
 169    0   55  5    -0.0450    -0.0421    -0.0424  +2.7172e-04      0.008 
 414    4    3  4    +0.1437    +0.1432    +0.1436  -3.4001e-04      0.008 
  45    0   45  6    +1.0083    +1.0079    +1.0074  +5.3456e-04      0.008 
  41    0   41  6    +0.9532    +0.9543    +0.9538  +5.1382e-04      0.008 
 140    0   26  5    +0.0000    -0.0046    -0.0044  -1.9632e-04      0.006 
 307   41   43  4    -0.0566    -0.0559    -0.0562  +2.6382e-04      0.006 
  92    0   35  2    -0.0790    -0.0755    -0.0757  +2.0718e-04      0.006 
  10    0   10  6    +0.9543    +0.9533    +0.9537  -3.6346e-04      0.005 
  64    0    7  2    -0.0000    +0.0046    +0.0048  -1.0173e-04      0.005 
 408   56   57  1    +0.0406    +0.0436    +0.0438  -1.9910e-04      0.005 
 466   42   41  4    -0.0514    -0.0527    -0.0526  -1.5847e-04      0.004 
 441   20   19  4    -0.0151    -0.0150    -0.0149  -1.0685e-04      0.003 
 486   42   56  4    -0.0066    -0.0077    -0.0077  -9.3228e-05      0.002 
 474   50   49  4    -0.0384    -0.0369    -0.0369  +8.6994e-05      0.002 
 246   56   42  1    -0.0222    -0.0233    -0.0234  +8.5040e-05      0.002 
 262    9   12  4    -0.0926    -0.0922    -0.0922  -7.7553e-05      0.002 
 311   46   47  4    +0.3126    +0.3135    +0.3135  -5.6647e-05      0.001 
 272    5    6  4    -0.1610    -0.1625    -0.1624  -2.2094e-05      0.000 
 464   38   22  4    +0.0309    +0.0276    +0.0276  -1.6034e-05      0.000 
 467   43   41  4    +0.0695    +0.0689    +0.0689  -1.1613e-05      0.000 
 373   30   25  1    -0.0966    -0.0964    -0.0964  +6.0606e-06      0.000 
 238   29   52  1    +0.2079    +0.2048    +0.2048  +7.5948e-07      0.000 
----------------------------------------------------------------------------------
Não foram identificados erros grosseiros.
Não foram identificadas medidas críticas.
Possíveis conjuntos críticos:
Conjunto 1: 408 64
Conjunto 2: 41 45
Conjunto 3: 87 125 91
Conjunto 4: 125 91
Conjunto 5: 206 222
Conjunto 6: 375 389
Conjunto 7: 314 149
Conjunto 8: 380 397
Conjunto 9: 47 278
Conjunto 10: 482 192
Conjunto 11: 457 128
Conjunto 12: 194 390
Conjunto 13: 390 221
Conjunto 14: 444 256
Conjunto 15: 337 26
Conjunto 16: 346 449 429
Conjunto 17: 449 429
Conjunto 18: 488 154
Conjunto 19: 139 294
Conjunto 20: 196 450 283
Conjunto 21: 450 283
Conjunto 22: 156 325
Conjunto 23: 366 6
Conjunto 24: 166 209
Conjunto 25: 165 285
Conjunto 26: 438 146 289
Conjunto 27: 146 289
Conjunto 28: 289 343
Conjunto 29: 280 454
Conjunto 30: 36 274
Conjunto 31: 274 315
Conjunto 32: 124 391 243
Conjunto 33: 391 243
Conjunto 34: 282 162
Conjunto 35: 348 148 484 381
Conjunto 36: 148 484 381 365
Conjunto 37: 484 381 365
Conjunto 38: 381 365 352
Conjunto 39: 365 352 318
Conjunto 40: 352 318 96
Conjunto 41: 318 96 195
Conjunto 42: 96 195
Conjunto 43: 84 193 355 137 161
Conjunto 44: 193 355 137 161
Conjunto 45: 355 137 161
Conjunto 46: 137 161
Conjunto 47: 161 211
Conjunto 48: 211 364 210 402
Conjunto 49: 364 210 402 436
Conjunto 50: 210 402 436
Conjunto 51: 402 436
Conjunto 52: 217 424 455 420
Conjunto 53: 424 455 420
Conjunto 54: 455 420 321
Conjunto 55: 420 321
Conjunto 56: 393 338
Conjunto 57: 399 63
Conjunto 58: 313 62 133 257
Conjunto 59: 62 133 257
Conjunto 60: 133 257 115
Conjunto 61: 257 115
Conjunto 62: 115 491
Conjunto 63: 427 301
Conjunto 64: 30 401
Conjunto 65: 480 461 456 458
Conjunto 66: 461 456 458 451
Conjunto 67: 456 458 451 453
Conjunto 68: 458 451 453
Conjunto 69: 451 453
Conjunto 70: 304 20 253 239
Conjunto 71: 20 253 239
Conjunto 72: 253 239 129
Conjunto 73: 239 129 55
Conjunto 74: 129 55 76
Conjunto 75: 55 76 224
Conjunto 76: 76 224
Conjunto 77: 329 478 356
Conjunto 78: 478 356 330
Conjunto 79: 356 330 202 359
Conjunto 80: 330 202 359 430
Conjunto 81: 202 359 430 448
Conjunto 82: 359 430 448
Conjunto 83: 430 448
Conjunto 84: 448 472
Conjunto 85: 472 88
Conjunto 86: 88 281
Conjunto 87: 286 11 384
Conjunto 88: 11 384
Conjunto 89: 384 267 119
Conjunto 90: 267 119
Conjunto 91: 171 368 67
Conjunto 92: 368 67
Conjunto 93: 67 35
Conjunto 94: 35 181 220
Conjunto 95: 181 220 109 31
Conjunto 96: 220 109 31
Conjunto 97: 109 31
Conjunto 98: 31 56
Conjunto 99: 56 379 369
Conjunto 100: 379 369
Conjunto 101: 369 105
Conjunto 102: 105 323 361 153
Conjunto 103: 323 361 153 145
Conjunto 104: 361 153 145 176 248
Conjunto 105: 153 145 176 248
Conjunto 106: 145 176 248
Conjunto 107: 176 248
Conjunto 108: 437 40 287 233
Conjunto 109: 40 287 233
Conjunto 110: 287 233
Conjunto 111: 410 152 382 284
Conjunto 112: 152 382 284 400
Conjunto 113: 382 284 400
Conjunto 114: 284 400 200 419 328
Conjunto 115: 400 200 419 328
Conjunto 116: 200 419 328
Conjunto 117: 419 328
Conjunto 118: 235 144
Conjunto 119: 459 183
Conjunto 120: 183 219
Conjunto 121: 219 250
Conjunto 122: 250 404
Conjunto 123: 404 107
Conjunto 124: 107 22 418 377
Conjunto 125: 22 418 377
Conjunto 126: 418 377
Conjunto 127: 432 24 134
Conjunto 128: 24 134 487
Conjunto 129: 134 487 111
Conjunto 130: 487 111
Conjunto 131: 111 322
Conjunto 132: 322 342 150 242
Conjunto 133: 342 150 242 135
Conjunto 134: 150 242 135
Conjunto 135: 242 135
Conjunto 136: 135 240
Conjunto 137: 240 320 376
Conjunto 138: 320 376 398
Conjunto 139: 376 398 213
Conjunto 140: 398 213 241 435 244 340 288
Conjunto 141: 213 241 435 244 340 288 4
Conjunto 142: 241 435 244 340 288 4
Conjunto 143: 435 244 340 288 4
Conjunto 144: 244 340 288 4
Conjunto 145: 340 288 4
Conjunto 146: 288 4
Conjunto 147: 4 426
Conjunto 148: 426 251 392
Conjunto 149: 251 392
Conjunto 150: 182 160
Conjunto 151: 160 445
Conjunto 152: 445 360 197
Conjunto 153: 360 197 460 225 231
Conjunto 154: 197 460 225 231
Conjunto 155: 460 225 231 309
Conjunto 156: 225 231 309
Conjunto 157: 231 309
Conjunto 158: 309 295
Conjunto 159: 295 452 198 463
Conjunto 160: 452 198 463 50
Conjunto 161: 198 463 50 298
Conjunto 162: 463 50 298
Conjunto 163: 50 298 108
Conjunto 164: 298 108
Conjunto 165: 327 123 5
Conjunto 166: 123 5 254 306
Conjunto 167: 5 254 306 48
Conjunto 168: 254 306 48 490 86
Conjunto 169: 306 48 490 86
Conjunto 170: 48 490 86 465 259 51 151
Conjunto 171: 490 86 465 259 51 151
Conjunto 172: 86 465 259 51 151
Conjunto 173: 465 259 51 151 177
Conjunto 174: 259 51 151 177 386 114
Conjunto 175: 51 151 177 386 114
Conjunto 176: 151 177 386 114
Conjunto 177: 177 386 114 260 331
Conjunto 178: 386 114 260 331
Conjunto 179: 114 260 331 443
Conjunto 180: 260 331 443 226
Conjunto 181: 331 443 226 406
Conjunto 182: 443 226 406 297 32
Conjunto 183: 226 406 297 32
Conjunto 184: 406 297 32
Conjunto 185: 297 32
Conjunto 186: 347 170 245 341 82
Conjunto 187: 170 245 341 82
Conjunto 188: 245 341 82
Conjunto 189: 341 82 372 167
Conjunto 190: 82 372 167
Conjunto 191: 372 167 143 446 8
Conjunto 192: 167 143 446 8
Conjunto 193: 143 446 8
Conjunto 194: 446 8
Conjunto 195: 8 2
Conjunto 196: 2 411
Conjunto 197: 431 81 203 469 89 483
Conjunto 198: 81 203 469 89 483 409 34 405
Conjunto 199: 203 469 89 483 409 34 405
Conjunto 200: 469 89 483 409 34 405
Conjunto 201: 89 483 409 34 405 447 215
Conjunto 202: 483 409 34 405 447 215 475
Conjunto 203: 409 34 405 447 215 475
Conjunto 204: 34 405 447 215 475 15
Conjunto 205: 405 447 215 475 15
Conjunto 206: 447 215 475 15 136
Conjunto 207: 215 475 15 136
Conjunto 208: 475 15 136
Conjunto 209: 15 136 121
Conjunto 210: 136 121 362
Conjunto 211: 121 362
Conjunto 212: 362 164 101
Conjunto 213: 164 101 78
Conjunto 214: 101 78
Conjunto 215: 99 46 38 353
Conjunto 216: 46 38 353
Conjunto 217: 38 353 122 319
Conjunto 218: 353 122 319
Conjunto 219: 122 319 277
Conjunto 220: 319 277
Conjunto 221: 422 334 1
Conjunto 222: 334 1 407
Conjunto 223: 1 407 293
Conjunto 224: 407 293
Conjunto 225: 293 367 481 300
Conjunto 226: 367 481 300 296 94
Conjunto 227: 481 300 296 94
Conjunto 228: 300 296 94
Conjunto 229: 296 94
Conjunto 230: 265 19 158
Conjunto 231: 19 158
Conjunto 232: 158 292
Conjunto 233: 292 175 370 271
Conjunto 234: 175 370 271 70 71
Conjunto 235: 370 271 70 71 110
Conjunto 236: 271 70 71 110
Conjunto 237: 70 71 110 468 268 485
Conjunto 238: 71 110 468 268 485
Conjunto 239: 110 468 268 485 473
Conjunto 240: 468 268 485 473 180
Conjunto 241: 268 485 473 180
Conjunto 242: 485 473 180
Conjunto 243: 473 180 68 79 130 387
Conjunto 244: 180 68 79 130 387
Conjunto 245: 68 79 130 387
Conjunto 246: 79 130 387
Conjunto 247: 130 387
Conjunto 248: 387 395
Conjunto 249: 395 77 326
Conjunto 250: 77 326
Conjunto 251: 326 310
Conjunto 252: 310 205 442 357
Conjunto 253: 205 442 357 97 53
Conjunto 254: 442 357 97 53 439 28
Conjunto 255: 357 97 53 439 28 3
Conjunto 256: 97 53 439 28 3 234
Conjunto 257: 53 439 28 3 234
Conjunto 258: 439 28 3 234
Conjunto 259: 28 3 234
Conjunto 260: 3 234
Conjunto 261: 234 264
Conjunto 262: 264 42
Conjunto 263: 42 59 227
Conjunto 264: 59 227 147
Conjunto 265: 227 147
Conjunto 266: 147 433
Conjunto 267: 433 303 173 249 106 60 394
Conjunto 268: 303 173 249 106 60 394
Conjunto 269: 173 249 106 60 394
Conjunto 270: 249 106 60 394
Conjunto 271: 106 60 394 118
Conjunto 272: 60 394 118
Conjunto 273: 394 118
Conjunto 274: 118 74 163 83
Conjunto 275: 74 163 83
Conjunto 276: 163 83
Conjunto 277: 83 85 232
Conjunto 278: 85 232 120 279 421
Conjunto 279: 232 120 279 421
Conjunto 280: 120 279 421 383 187
Conjunto 281: 279 421 383 187
Conjunto 282: 421 383 187 434
Conjunto 283: 383 187 434 199 204
Conjunto 284: 187 434 199 204 374
Conjunto 285: 434 199 204 374 270
Conjunto 286: 199 204 374 270 218
Conjunto 287: 204 374 270 218 324 440
Conjunto 288: 374 270 218 324 440
Conjunto 289: 270 218 324 440
Conjunto 290: 218 324 440 290
Conjunto 291: 324 440 290
Conjunto 292: 440 290
Conjunto 293: 290 470
Conjunto 294: 470 462
Conjunto 295: 477 396 102 23
Conjunto 296: 396 102 23
Conjunto 297: 102 23
Conjunto 298: 228 385 273 66 98
Conjunto 299: 385 273 66 98
Conjunto 300: 273 66 98
Conjunto 301: 66 98
Conjunto 302: 98 335
Conjunto 303: 335 208 29 378 33
Conjunto 304: 208 29 378 33
Conjunto 305: 29 378 33
Conjunto 306: 378 33
Conjunto 307: 489 237 471 247 214 312 363
Conjunto 308: 237 471 247 214 312 363 142
Conjunto 309: 471 247 214 312 363 142
Conjunto 310: 247 214 312 363 142
Conjunto 311: 214 312 363 142
Conjunto 312: 312 363 142
Conjunto 313: 363 142
Conjunto 314: 142 413
Conjunto 315: 413 116 52 263
Conjunto 316: 116 52 263
Conjunto 317: 52 263
Conjunto 318: 138 476
Conjunto 319: 16 423
Conjunto 320: 168 417
Conjunto 321: 417 261
Conjunto 322: 261 351 201
Conjunto 323: 351 201
Conjunto 324: 179 316
Conjunto 325: 316 37 388
Conjunto 326: 37 388 54
Conjunto 327: 388 54 186
Conjunto 328: 54 186 18
Conjunto 329: 186 18 131 415
Conjunto 330: 18 131 415
Conjunto 331: 131 415 159
Conjunto 332: 415 159 258
Conjunto 333: 159 258 104
Conjunto 334: 258 104
Conjunto 335: 236 17
Conjunto 336: 349 230 416
Conjunto 337: 230 416 95
Conjunto 338: 416 95 339 276
Conjunto 339: 95 339 276 178
Conjunto 340: 339 276 178
Conjunto 341: 276 178
Conjunto 342: 178 266
Conjunto 343: 266 43
Conjunto 344: 43 65
Conjunto 345: 65 100 7
Conjunto 346: 100 7 57 174
Conjunto 347: 7 57 174
Conjunto 348: 57 174
Conjunto 349: 73 39
Conjunto 350: 191 9 14 12
Conjunto 351: 9 14 12
Conjunto 352: 14 12
Conjunto 353: 12 112
Conjunto 354: 332 269 184
Conjunto 355: 269 184
Conjunto 356: 44 358 13 49
Conjunto 357: 358 13 49
Conjunto 358: 13 49
Conjunto 359: 69 58
Conjunto 360: 58 188
Conjunto 361: 188 126 172
Conjunto 362: 126 172
Conjunto 363: 189 336 403 117
Conjunto 364: 336 403 117
Conjunto 365: 403 117
