================================================================================= 
=== UFF - Doutorado em Computação - Aplicaçoes em Sistemas de Potencia        === 
=== ESTIMADOR DE ESTADO MÍNIMOS QUADRADOS PONDERADOS INCLUINDO MEDIDAS DE PMU === 
=== Desenvolvido por: Rui Menezes de Moraes - 2009                            === 
================================================================================= 
Arquivo de medidores:          F:\Documents\Uff\Artigos\SimSEP\VERSAO WELDAN V2\Codigos\Med\ieee57_3_0300.med
Arquivo do sistema:            F:\Documents\Uff\Artigos\SimSEP\VERSAO WELDAN V2\Codigos\Carga\ieee57_3_0300.txt
Tolerância entre iteraçoes:     1.00e-04
Limite de iteraçoes:           100

--- DADOS DA REDE --------------------------------------------------------------- 
Data do caso:                  08/25/93
Origem:                        UW ARCHIVE          
MVA base:                      100
Ano:                           1961
Estação:                       W
Identificação:                 IEEE 57 Bus Test Case
Número de barras:              57 
Número de ramos:               80 
Referência na barra:           1

--- TELEMEDIDAS ------------------------------------------------------------------
    Tipo 1 = Fluxo de potencia ativa        Tipo  6 = Módulo da tensão            
    Tipo 2 = Injeção de potencia ativa      Tipo  7 = Corrente de ramo (real)     
    Tipo 3 = Ângulo de fase da tensão       Tipo  8 = Corrente de ramo (imag)     
    Tipo 4 = Fluxo de potencia reativa      Tipo  9 = Injeção de corrente (real)  
    Tipo 5 = Injeção de potencia reativa    Tipo 10 = Injeção de corrente (imag)  
----------------------------------------------------------------------------------
   N    D    P TP  PN ST   Exa   FS       DP      V_Ref      V_Med          E(%) 
----------------------------------------------------------------------------------
   1    0    1  6   0  0 0.015 01.1  0.00520   +1.04000   +1.03693     -0.295192 
   2    0    2  6   0  0 0.015 01.1  0.00513   +1.02635   +1.02085     -0.535880 
   3    0    3  6   0  0 0.015 01.1  0.00508   +1.01521   +1.01152     -0.363472 
   4    0    4  6   0  0 0.015 01.1  0.00506   +1.01242   +1.01907     +0.656842 
   5    0    5  6   0  0 0.015 01.1  0.00505   +1.00986   +1.00057     -0.919929 
   6    0    6  6   0  0 0.015 01.1  0.00505   +1.01051   +1.01021     -0.029688 
   7    0    7  6   0  0 0.015 01.1  0.00505   +1.00993   +0.99844     -1.137703 
   8    0    8  6   0  0 0.015 01.1  0.00502   +1.00500   +0.99414     -1.080597 
   9    0    9  6   0  0 0.015 01.1  0.00502   +1.00486   +1.01834     +1.341480 
  10    0   10  6   0  0 0.015 01.1  0.00504   +1.00840   +1.01237     +0.393693 
  11    0   11  6   0  0 0.015 01.1  0.00503   +1.00527   +1.00342     -0.184030 
  12    0   12  6   0  0 0.015 01.1  0.00507   +1.01500   +1.02133     +0.623645 
  13    0   13  6   0  0 0.015 01.1  0.00503   +1.00555   +1.00644     +0.088509 
  14    0   14  6   0  0 0.015 01.1  0.00502   +1.00423   +1.00882     +0.457067 
  15    0   15  6   0  0 0.015 01.1  0.00506   +1.01202   +1.02046     +0.833976 
  16    0   16  6   0  0 0.015 01.1  0.00510   +1.01925   +1.02286     +0.354182 
  17    0   17  6   0  0 0.015 01.1  0.00513   +1.02688   +1.02694     +0.005843 
  18    0   18  6   0  0 0.015 01.1  0.00530   +1.05915   +1.05868     -0.044375 
  19    0   19  6   0  0 0.015 01.1  0.00526   +1.05092   +1.03863     -1.169452 
  20    0   20  6   0  0 0.015 01.1  0.00524   +1.04753   +1.06062     +1.249606 
  21    0   21  6   0  0 0.015 01.1  0.00544   +1.08760   +1.08540     -0.202280 
  22    0   22  6   0  0 0.015 01.1  0.00543   +1.08704   +1.08466     -0.218943 
  23    0   23  6   0  0 0.015 01.1  0.00544   +1.08738   +1.07203     -1.411650 
  24    0   24  6   0  0 0.015 01.1  0.00548   +1.09531   +1.09565     +0.031041 
  25    0   25  6   0  0 0.015 01.1  0.00564   +1.12778   +1.14347     +1.391229 
  26    0   26  6   0  0 0.015 01.1  0.00522   +1.04412   +1.03708     -0.674252 
  27    0   27  6   0  0 0.015 01.1  0.00524   +1.04742   +1.05507     +0.730366 
  28    0   28  6   0  0 0.015 01.1  0.00525   +1.05083   +1.03875     -1.149567 
  29    0   29  6   0  0 0.015 01.1  0.00527   +1.05461   +1.06313     +0.807882 
  30    0   30  6   0  0 0.015 01.1  0.00561   +1.12261   +1.13156     +0.797249 
  31    0   31  6   0  0 0.015 01.1  0.00556   +1.11287   +1.11423     +0.122207 
  32    0   32  6   0  0 0.015 01.1  0.00552   +1.10475   +1.09379     -0.992080 
  33    0   33  6   0  0 0.015 01.1  0.00552   +1.10443   +1.11869     +1.291164 
  34    0   34  6   0  0 0.015 01.1  0.00540   +1.07937   +1.06992     -0.875511 
  35    0   35  6   0  0 0.015 01.1  0.00539   +1.07907   +1.06352     -1.441056 
  36    0   36  6   0  0 0.015 01.1  0.00540   +1.07923   +1.08252     +0.304847 
  37    0   37  6   0  0 0.015 01.1  0.00540   +1.08063   +1.08411     +0.322034 
  38    0   38  6   0  0 0.015 01.1  0.00543   +1.08624   +1.08523     -0.092981 
  39    0   39  6   0  0 0.015 01.1  0.00540   +1.08000   +1.08312     +0.288889 
  40    0   40  6   0  0 0.015 01.1  0.00539   +1.07745   +1.08468     +0.671029 
  41    0   41  6   0  0 0.015 01.1  0.00533   +1.06584   +1.06290     -0.275839 
  42    0   42  6   0  0 0.015 01.1  0.00533   +1.06662   +1.06975     +0.293450 
  43    0   43  6   0  0 0.015 01.1  0.00527   +1.05367   +1.05132     -0.223030 
  44    0   44  6   0  0 0.015 01.1  0.00539   +1.07854   +1.06630     -1.134868 
  45    0   45  6   0  0 0.015 01.1  0.00532   +1.06325   +1.05847     -0.449565 
  46    0   46  6   0  0 0.015 01.1  0.00553   +1.10520   +1.10674     +0.139341 
  47    0   47  6   0  0 0.015 01.1  0.00548   +1.09537   +1.08312     -1.118344 
  48    0   48  6   0  0 0.015 01.1  0.00547   +1.09314   +1.07942     -1.255100 
  49    0   49  6   0  0 0.015 01.1  0.00549   +1.09818   +1.09124     -0.631955 
  50    0   50  6   0  0 0.015 01.1  0.00546   +1.09175   +1.09754     +0.530341 
  51    0   51  6   0  0 0.015 01.1  0.00544   +1.08834   +1.08694     -0.128636 
  52    0   52  6   0  0 0.015 01.1  0.00530   +1.05941   +1.05938     -0.002832 
  53    0   53  6   0  0 0.015 01.1  0.00531   +1.06283   +1.04876     -1.323824 
  54    0   54  6   0  0 0.015 01.1  0.00532   +1.06372   +1.05011     -1.279472 
  55    0   55  6   0  0 0.015 01.1  0.00533   +1.06618   +1.06099     -0.486785 
  56    0   56  6   0  0 0.015 01.1  0.00536   +1.07198   +1.06671     -0.491614 
  57    0   57  6   0  0 0.015 01.1  0.00537   +1.07372   +1.08935     +1.455687 
  58    0    1  2   0  0 0.020 01.0  0.02772   -3.89870   -3.85684     -1.073691 
  59    0    2  2   0  0 0.020 01.0  0.00176   -0.00400   -0.00245    -38.750000 
  60    0    3  2   0  0 0.020 01.0  0.00399   +0.33900   +0.34817     +2.705015 
  61    0    4  2   0  0 0.020 01.0  0.00173   +0.00000   +0.00012     +0.000000 
  62    0    5  2   0  0 0.020 01.0  0.00186   -0.01900   -0.02038     +7.263158 
  63    0    6  2   0  0 0.020 01.0  0.00249   -0.11300   -0.10728     -5.061947 
  64    0    7  2   0  0 0.020 01.0  0.00173   +0.00000   -0.00264     +0.000000 
  65    0    8  2   0  0 0.020 01.0  0.03023   +4.27500   +4.21405     -1.425731 
  66    0    9  2   0  0 0.020 01.0  0.00205   -0.04800   -0.04605     -4.062500 
  67    0   10  2   0  0 0.020 01.0  0.00255   -0.12300   -0.12674     +3.040650 
  68    0   11  2   0  0 0.020 01.0  0.00173   +0.00000   -0.00356     +0.000000 
  69    0   12  2   0  0 0.020 01.0  0.00632   +0.68800   +0.67953     -1.231105 
  70    0   13  2   0  0 0.020 01.0  0.00191   -0.02700   -0.02931     +8.555556 
  71    0   14  2   0  0 0.020 01.0  0.00184   -0.01600   -0.02145    +34.062500 
  72    0   15  2   0  0 0.020 01.0  0.00195   -0.03299   -0.03617     +9.639285 
  73    0   16  2   0  0 0.020 01.0  0.00217   -0.06500   -0.06279     -3.400000 
  74    0   17  2   0  0 0.020 01.0  0.00215   -0.06300   -0.05678     -9.873016 
  75    0   18  2   0  0 0.020 01.0  0.00201   -0.04100   -0.04394     +7.170732 
  76    0   19  2   0  0 0.020 01.0  0.00177   -0.00500   -0.00374    -25.200000 
  77    0   20  2   0  0 0.020 01.0  0.00175   -0.00300   +0.00196   -165.333333 
  78    0   21  2   0  0 0.020 01.0  0.00173   -0.00000   -0.00008     +0.000000 
  79    0   22  2   0  0 0.020 01.0  0.00173   +0.00000   -0.00207     +0.000000 
  80    0   23  2   0  0 0.020 01.0  0.00179   -0.00900   -0.00796    -11.555556 
  81    0   24  2   0  0 0.020 01.0  0.00173   +0.00000   +0.00045     +0.000000 
  82    0   25  2   0  0 0.020 01.0  0.00179   -0.00900   -0.01298    +44.222222 
  83    0   26  2   0  0 0.020 01.0  0.00173   -0.00000   +0.00054     +0.000000 
  84    0   27  2   0  0 0.020 01.0  0.00183   -0.01400   -0.01785    +27.500000 
  85    0   28  2   0  0 0.020 01.0  0.00178   -0.00700   -0.00958    +36.857143 
  86    0   29  2   0  0 0.020 01.0  0.00190   -0.02500   -0.02467     -1.320000 
  87    0   30  2   0  0 0.020 01.0  0.00177   -0.00500   -0.00168    -66.400000 
  88    0   31  2   0  0 0.020 01.0  0.00179   -0.00900   -0.00665    -26.111111 
  89    0   32  2   0  0 0.020 01.0  0.00175   -0.00200   -0.00199     -0.500000 
  90    0   33  2   0  0 0.020 01.0  0.00177   -0.00600   -0.00181    -69.833333 
  91    0   34  2   0  0 0.020 01.0  0.00173   +0.00000   +0.00469     +0.000000 
  92    0   35  2   0  0 0.020 01.0  0.00179   -0.00900   -0.00941     +4.555556 
  93    0   36  2   0  0 0.020 01.0  0.00173   -0.00000   -0.00221     +0.000000 
  94    0   37  2   0  0 0.020 01.0  0.00173   +0.00000   +0.00443     +0.000000 
  95    0   38  2   0  0 0.020 01.0  0.00187   -0.02100   -0.02104     +0.190476 
  96    0   39  2   0  0 0.020 01.0  0.00173   -0.00000   +0.00392     +0.000000 
  97    0   40  2   0  0 0.020 01.0  0.00173   -0.00000   -0.00298     +0.000000 
  98    0   41  2   0  0 0.020 01.0  0.00179   -0.00900   -0.01315    +46.111111 
  99    0   42  2   0  0 0.020 01.0  0.00181   -0.01100   -0.01507    +37.000000 
 100    0   43  2   0  0 0.020 01.0  0.00175   -0.00300   -0.00222    -26.000000 
 101    0   44  2   0  0 0.020 01.0  0.00185   -0.01800   -0.01837     +2.055556 
 102    0   45  2   0  0 0.020 01.0  0.00173   -0.00000   -0.00131     +0.000000 
 103    0   46  2   0  0 0.020 01.0  0.00173   +0.00000   +0.00265     +0.000000 
 104    0   47  2   0  0 0.020 01.0  0.00203   -0.04500   -0.04554     +1.200000 
 105    0   48  2   0  0 0.020 01.0  0.00173   +0.00000   +0.00214     +0.000000 
 106    0   49  2   0  0 0.020 01.0  0.00191   -0.02700   -0.02207    -18.259259 
 107    0   50  2   0  0 0.020 01.0  0.00194   -0.03100   -0.02727    -12.032258 
 108    0   51  2   0  0 0.020 01.0  0.00191   -0.02700   -0.03228    +19.555556 
 109    0   52  2   0  0 0.020 01.0  0.00178   -0.00700   -0.00202    -71.142857 
 110    0   53  2   0  0 0.020 01.0  0.00193   -0.03000   -0.02550    -15.000000 
 111    0   54  2   0  0 0.020 01.0  0.00177   -0.00600   -0.00452    -24.666667 
 112    0   55  2   0  0 0.020 01.0  0.00180   -0.01000   -0.01528    +52.800000 
 113    0   56  2   0  0 0.020 01.0  0.00181   -0.01100   -0.00583    -47.000000 
 114    0   57  2   0  0 0.020 01.0  0.00180   -0.01000   -0.01124    +12.400000 
 115    0    1  5   0  0 0.020 01.0  0.01516   +2.01342   +2.00430     -0.452961 
 116    0    2  5   0  0 0.020 01.0  0.00375   -0.30200   -0.30177     -0.076159 
 117    0    3  5   0  0 0.020 01.0  0.00261   -0.13099   -0.13018     -0.618368 
 118    0    4  5   0  0 0.020 01.0  0.00173   -0.00000   +0.00477     +0.000000 
 119    0    5  5   0  0 0.020 01.0  0.00177   -0.00600   -0.00222    -63.000000 
 120    0    6  5   0  0 0.020 01.0  0.00229   -0.08299   -0.08331     +0.385589 
 121    0    7  5   0  0 0.020 01.0  0.00173   +0.00000   +0.00393     +0.000000 
 122    0    8  5   0  0 0.020 01.0  0.00665   -0.73774   -0.74214     +0.596416 
 123    0    9  5   0  0 0.020 01.0  0.00200   -0.03998   -0.04539    +13.531766 
 124    0   10  5   0  0 0.020 01.0  0.00206   -0.04900   -0.05138     +4.857143 
 125    0   11  5   0  0 0.020 01.0  0.00173   -0.00000   -0.00187     +0.000000 
 126    0   12  5   0  0 0.020 01.0  0.00197   -0.03527   -0.03573     +1.304225 
 127    0   13  5   0  0 0.020 01.0  0.00175   -0.00300   -0.00313     +4.333333 
 128    0   14  5   0  0 0.020 01.0  0.00179   -0.00800   -0.00578    -27.750000 
 129    0   15  5   0  0 0.020 01.0  0.00179   -0.00800   -0.00942    +17.750000 
 130    0   16  5   0  0 0.020 01.0  0.00176   -0.00400   +0.00066   -116.500000 
 131    0   17  5   0  0 0.020 01.0  0.00181   -0.01200   -0.01452    +21.000000 
 132    0   18  5   0  0 0.020 01.0  0.00183   -0.01500   -0.01230    -18.000000 
 133    0   19  5   0  0 0.020 01.0  0.00174   -0.00100   +0.00327   -427.000000 
 134    0   20  5   0  0 0.020 01.0  0.00174   -0.00100   -0.00012    -88.000000 
 135    0   21  5   0  0 0.020 01.0  0.00173   +0.00000   +0.00423     +0.000000 
 136    0   22  5   0  0 0.020 01.0  0.00173   +0.00000   -0.00461     +0.000000 
 137    0   23  5   0  0 0.020 01.0  0.00175   -0.00300   -0.00240    -20.000000 
 138    0   24  5   0  0 0.020 01.0  0.00173   +0.00000   -0.00517     +0.000000 
 139    0   25  5   0  0 0.020 01.0  0.00177   -0.00500   -0.00868    +73.600000 
 140    0   26  5   0  0 0.020 01.0  0.00173   -0.00000   -0.00096     +0.000000 
 141    0   27  5   0  0 0.020 01.0  0.00174   -0.00100   -0.00378   +278.000000 
 142    0   28  5   0  0 0.020 01.0  0.00175   -0.00300   -0.00263    -12.333333 
 143    0   29  5   0  0 0.020 01.0  0.00176   -0.00400   -0.00599    +49.750000 
 144    0   30  5   0  0 0.020 01.0  0.00175   -0.00300   -0.00081    -73.000000 
 145    0   31  5   0  0 0.020 01.0  0.00176   -0.00400   -0.00308    -23.000000 
 146    0   32  5   0  0 0.020 01.0  0.00174   -0.00100   -0.00372   +272.000000 
 147    0   33  5   0  0 0.020 01.0  0.00175   -0.00300   -0.00759   +153.000000 
 148    0   34  5   0  0 0.020 01.0  0.00173   +0.00000   -0.00516     +0.000000 
 149    0   35  5   0  0 0.020 01.0  0.00176   -0.00400   -0.00728    +82.000000 
 150    0   36  5   0  0 0.020 01.0  0.00173   +0.00000   -0.00009     +0.000000 
 151    0   37  5   0  0 0.020 01.0  0.00173   -0.00000   +0.00121     +0.000000 
 152    0   38  5   0  0 0.020 01.0  0.00181   -0.01100   -0.01509    +37.181818 
 153    0   39  5   0  0 0.020 01.0  0.00173   +0.00000   -0.00382     +0.000000 
 154    0   40  5   0  0 0.020 01.0  0.00173   +0.00000   -0.00193     +0.000000 
 155    0   41  5   0  0 0.020 01.0  0.00176   -0.00400   -0.00835   +108.750000 
 156    0   42  5   0  0 0.020 01.0  0.00178   -0.00700   -0.00797    +13.857143 
 157    0   43  5   0  0 0.020 01.0  0.00174   -0.00100   -0.00327   +227.000000 
 158    0   44  5   0  0 0.020 01.0  0.00175   -0.00300   -0.00163    -45.666667 
 159    0   45  5   0  0 0.020 01.0  0.00173   +0.00000   -0.00291     +0.000000 
 160    0   46  5   0  0 0.020 01.0  0.00173   -0.00000   +0.00160     +0.000000 
 161    0   47  5   0  0 0.020 01.0  0.00185   -0.01700   -0.02040    +20.000000 
 162    0   48  5   0  0 0.020 01.0  0.00173   +0.00000   -0.00422     +0.000000 
 163    0   49  5   0  0 0.020 01.0  0.00182   -0.01300   -0.00843    -35.153846 
 164    0   50  5   0  0 0.020 01.0  0.00184   -0.01600   -0.01536     -4.000000 
 165    0   51  5   0  0 0.020 01.0  0.00179   -0.00800   -0.00888    +11.000000 
 166    0   52  5   0  0 0.020 01.0  0.00175   -0.00300   -0.00710   +136.666667 
 167    0   53  5   0  0 0.020 01.0  0.00183   -0.01500   -0.01442     -3.866667 
 168    0   54  5   0  0 0.020 01.0  0.00175   -0.00200   -0.00607   +203.500000 
 169    0   55  5   0  0 0.020 01.0  0.00177   -0.00500   -0.00780    +56.000000 
 170    0   56  5   0  0 0.020 01.0  0.00175   -0.00300   -0.00680   +126.666667 
 171    0   57  5   0  0 0.020 01.0  0.00175   -0.00300   -0.00481    +60.333333 
 172    1    2  1   0  0 0.020 01.0  0.00955   -1.17305   -1.18185     +0.750181 
 173    2    3  1   0  0 0.020 01.0  0.00969   -1.19357   -1.16864     -2.088692 
 174    3    4  1   0  0 0.020 01.0  0.00930   -1.13487   -1.11320     -1.909470 
 175    4    5  1   0  0 0.020 01.0  0.00488   -0.47276   -0.46426     -1.797952 
 176    4    6  1   0  0 0.020 01.0  0.00657   -0.72557   -0.74234     +2.311286 
 177    6    7  1   0  0 0.020 01.0  0.00591   -0.62662   -0.62946     +0.453225 
 178    6    8  1   0  0 0.020 01.0  0.00677   -0.75628   -0.76047     +0.554028 
 179    8    9  1   0  0 0.020 01.0  0.01855   +2.52309   +2.51340     -0.384053 
 180    9   10  1   0  0 0.020 01.0  0.00522   +0.52257   +0.53741     +2.839811 
 181    9   11  1   0  0 0.020 01.0  0.00675   +0.75236   +0.74174     -1.411558 
 182    9   12  1   0  0 0.020 01.0  0.00452   +0.41836   +0.40774     -2.538484 
 183    9   13  1   0  0 0.020 01.0  0.00653   +0.71918   +0.73093     +1.633805 
 184   13   14  1   0  0 0.020 01.0  0.00546   +0.55911   +0.54420     -2.666738 
 185   13   15  1   0  0 0.020 01.0  0.00592   +0.62722   +0.64354     +2.601958 
 186    1   15  1   0  0 0.020 01.0  0.01166   -1.48917   -1.46806     -1.417568 
 187    1   16  1   0  0 0.020 01.0  0.00592   -0.62867   -0.61230     -2.603910 
 188    1   17  1   0  0 0.020 01.0  0.00579   -0.60782   -0.59859     -1.518542 
 189    3   15  1   0  0 0.020 01.0  0.00326   +0.22858   +0.23070     +0.927465 
 190    4   18  1   0  0 0.020 01.0  0.00187   +0.02072   +0.02621    +26.496139 
 191    4   18  1   0  0 0.020 01.0  0.00191   +0.02652   +0.02724     +2.714932 
 192    5    6  1   0  0 0.020 01.0  0.00513   -0.50973   -0.50985     +0.023542 
 193    7    8  1   0  0 0.020 01.0  0.00814   -0.96104   -0.97311     +1.255931 
 194   10   12  1   0  0 0.020 01.0  0.00357   +0.27508   +0.26857     -2.366584 
 195   11   13  1   0  0 0.020 01.0  0.00620   +0.66970   +0.66943     -0.040317 
 196   12   13  1   0  0 0.020 01.0  0.00212   -0.05719   -0.05451     -4.686134 
 197   12   16  1   0  0 0.020 01.0  0.00656   +0.72358   +0.74276     +2.650709 
 198   12   17  1   0  0 0.020 01.0  0.00641   +0.70082   +0.69447     -0.906081 
 199   14   15  1   0  0 0.020 01.0  0.00536   +0.54441   +0.53541     -1.653166 
 200   18   19  1   0  0 0.020 01.0  0.00178   +0.00623   +0.00459    -26.324238 
 201   19   20  1   0  0 0.020 01.0  0.00174   +0.00119   -0.00308   -358.823529 
 202   21   20  1   0  0 0.020 01.0  0.00175   +0.00183   +0.00321    +75.409836 
 203   21   22  1   0  0 0.020 01.0  0.00175   -0.00183   -0.00310    +69.398907 
 204   22   23  1   0  0 0.020 01.0  0.00277   -0.15609   -0.14964     -4.132231 
 205   23   24  1   0  0 0.020 01.0  0.00284   -0.16534   -0.16659     +0.756018 
 206   24   25  1   0  0 0.020 01.0  0.00187   +0.01987   +0.02425    +22.043281 
 207   24   25  1   0  0 0.020 01.0  0.00186   +0.01910   +0.01602    -16.125654 
 208   24   26  1   0  0 0.020 01.0  0.00313   -0.20902   -0.20345     -2.664817 
 209   26   27  1   0  0 0.020 01.0  0.00313   -0.20902   -0.20230     -3.215003 
 210   27   28  1   0  0 0.020 01.0  0.00328   -0.23228   -0.23372     +0.619941 
 211   28   29  1   0  0 0.020 01.0  0.00335   -0.24310   -0.24131     -0.736323 
 212    7   29  1   0  0 0.020 01.0  0.00391   +0.32630   +0.31672     -2.935949 
 213   25   30  1   0  0 0.020 01.0  0.00193   +0.02997   +0.02708     -9.642976 
 214   30   31  1   0  0 0.020 01.0  0.00190   +0.02487   +0.02594     +4.302372 
 215   31   32  1   0  0 0.020 01.0  0.00184   +0.01570   +0.01593     +1.464968 
 216   32   33  1   0  0 0.020 01.0  0.00177   +0.00600   +0.01041    +73.500000 
 217   34   32  1   0  0 0.020 01.0  0.00178   -0.00760   -0.00585    -23.026316 
 218   34   35  1   0  0 0.020 01.0  0.00178   +0.00760   +0.00759     -0.131579 
 219   35   36  1   0  0 0.020 01.0  0.00174   -0.00141   +0.00000   -100.000000 
 220   36   37  1   0  0 0.020 01.0  0.00181   +0.01216   +0.00765    -37.088816 
 221   37   38  1   0  0 0.020 01.0  0.00187   +0.02014   +0.01500    -25.521351 
 222   37   39  1   0  0 0.020 01.0  0.00179   -0.00806   -0.00536    -33.498759 
 223   36   40  1   0  0 0.020 01.0  0.00182   -0.01356   -0.01549    +14.233038 
 224   22   38  1   0  0 0.020 01.0  0.00276   +0.15426   +0.14708     -4.654479 
 225   11   41  1   0  0 0.020 01.0  0.00192   +0.02797   +0.03285    +17.447265 
 226   41   42  1   0  0 0.020 01.0  0.00196   +0.03333   +0.02810    -15.691569 
 227   41   43  1   0  0 0.020 01.0  0.00197   -0.03614   -0.04126    +14.167128 
 228   38   44  1   0  0 0.020 01.0  0.00312   +0.20772   +0.20909     +0.659542 
 229   15   45  1   0  0 0.020 01.0  0.00298   -0.18663   -0.18771     +0.578685 
 230   14   46  1   0  0 0.020 01.0  0.00177   -0.00561   -0.01063    +89.483066 
 231   46   47  1   0  0 0.020 01.0  0.00177   -0.00561   -0.01040    +85.383244 
 232   47   48  1   0  0 0.020 01.0  0.00207   -0.05110   -0.05436     +6.379648 
 233   48   49  1   0  0 0.020 01.0  0.00214   -0.06077   -0.06555     +7.865723 
 234   49   50  1   0  0 0.020 01.0  0.00209   -0.05388   -0.05224     -3.043801 
 235   50   51  1   0  0 0.020 01.0  0.00230   -0.08560   -0.08593     +0.385514 
 236   10   51  1   0  0 0.020 01.0  0.00249   +0.11407   +0.10823     -5.119663 
 237   13   49  1   0  0 0.020 01.0  0.00227   +0.08093   +0.08005     -1.087359 
 238   29   52  1   0  0 0.020 01.0  0.00210   +0.05552   +0.06059     +9.131844 
 239   52   53  1   0  0 0.020 01.0  0.00205   +0.04751   +0.04832     +1.704904 
 240   53   54  1   0  0 0.020 01.0  0.00185   +0.01699   +0.01955    +15.067687 
 241   54   55  1   0  0 0.020 01.0  0.00181   +0.01089   +0.01610    +47.842057 
 242   11   43  1   0  0 0.020 01.0  0.00199   +0.03914   +0.04019     +2.682678 
 243   44   45  1   0  0 0.020 01.0  0.00299   +0.18862   +0.18868     +0.031810 
 244   40   56  1   0  0 0.020 01.0  0.00182   -0.01363   -0.01329     -2.494497 
 245   56   41  1   0  0 0.020 01.0  0.00187   -0.02101   -0.01982     -5.663970 
 246   56   42  1   0  0 0.020 01.0  0.00188   -0.02179   -0.01881    -13.675998 
 247   39   57  1   0  0 0.020 01.0  0.00179   -0.00807   -0.00699    -13.382900 
 248   57   56  1   0  0 0.020 01.0  0.00185   -0.01807   -0.01559    -13.724405 
 249   38   49  1   0  0 0.020 01.0  0.00204   -0.04638   -0.04718     +1.724881 
 250   38   48  1   0  0 0.020 01.0  0.00179   -0.00872   -0.00714    -18.119266 
 251    9   55  1   0  0 0.020 01.0  0.00174   -0.00081   -0.00418   +416.049383 
 252    1    2  4   0  0 0.020 01.0  0.00715   +0.81197   +0.82811     +1.987758 
 253    2    3  4   0  0 0.020 01.0  0.00568   +0.59193   +0.58347     -1.429223 
 254    3    4  4   0  0 0.020 01.0  0.00463   +0.43400   +0.43002     -0.917051 
 255    4    5  4   0  0 0.020 01.0  0.00342   +0.25343   +0.24939     -1.594129 
 256    4    6  4   0  0 0.020 01.0  0.00342   +0.25299   +0.26258     +3.790664 
 257    6    7  4   0  0 0.020 01.0  0.00264   +0.13602   +0.13114     -3.587708 
 258    6    8  4   0  0 0.020 01.0  0.00314   +0.21149   +0.20391     -3.584094 
 259    8    9  4   0  0 0.020 01.0  0.00408   -0.35148   -0.34674     -1.348583 
 260    9   10  4   0  0 0.020 01.0  0.00262   -0.13345   -0.13981     +4.765830 
 261    9   11  4   0  0 0.020 01.0  0.00318   -0.21692   -0.22266     +2.646137 
 262    9   12  4   0  0 0.020 01.0  0.00265   -0.13731   -0.13561     -1.238074 
 263    9   13  4   0  0 0.020 01.0  0.00305   -0.19696   -0.19313     -1.944557 
 264   13   14  4   0  0 0.020 01.0  0.00265   -0.13734   -0.13114     -4.514344 
 265   13   15  4   0  0 0.020 01.0  0.00346   -0.25943   -0.25730     -0.821031 
 266    1   15  4   0  0 0.020 01.0  0.00622   +0.67330   +0.68683     +2.009505 
 267    1   16  4   0  0 0.020 01.0  0.00347   +0.26060   +0.26426     +1.404451 
 268    1   17  4   0  0 0.020 01.0  0.00352   +0.26756   +0.27357     +2.246225 
 269    3   15  4   0  0 0.020 01.0  0.00197   -0.03531   -0.03488     -1.217785 
 270    4   18  4   0  0 0.020 01.0  0.00193   -0.02888   -0.03461    +19.840720 
 271    4   18  4   0  0 0.020 01.0  0.00212   -0.05753   -0.06135     +6.640014 
 272    5    6  4   0  0 0.020 01.0  0.00331   +0.23587   +0.23466     -0.512994 
 273    7    8  4   0  0 0.020 01.0  0.00363   +0.28415   +0.28542     +0.446947 
 274   10   12  4   0  0 0.020 01.0  0.00256   -0.12425   -0.12602     +1.424547 
 275   11   13  4   0  0 0.020 01.0  0.00305   -0.19816   -0.19547     -1.357489 
 276   12   13  4   0  0 0.020 01.0  0.00275   +0.15218   +0.15359     +0.926534 
 277   12   16  4   0  0 0.020 01.0  0.00308   -0.20135   -0.19644     -2.438540 
 278   12   17  4   0  0 0.020 01.0  0.00307   -0.20013   -0.20612     +2.993055 
 279   14   15  4   0  0 0.020 01.0  0.00380   -0.30959   -0.30952     -0.022611 
 280   18   19  4   0  0 0.020 01.0  0.00179   +0.00852   +0.00726    -14.788732 
 281   19   20  4   0  0 0.020 01.0  0.00178   +0.00745   +0.01256    +68.590604 
 282   21   20  4   0  0 0.020 01.0  0.00178   -0.00640   -0.00175    -72.656250 
 283   21   22  4   0  0 0.020 01.0  0.00178   +0.00640   +0.01058    +65.312500 
 284   22   23  4   0  0 0.020 01.0  0.00225   +0.07700   +0.07624     -0.987013 
 285   23   24  4   0  0 0.020 01.0  0.00222   +0.07361   +0.07696     +4.551012 
 286   24   25  4   0  0 0.020 01.0  0.00193   -0.02990   -0.02515    -15.886288 
 287   24   25  4   0  0 0.020 01.0  0.00193   -0.02873   -0.03020     +5.116603 
 288   24   26  4   0  0 0.020 01.0  0.00263   +0.13499   +0.12893     -4.489221 
 289   26   27  4   0  0 0.020 01.0  0.00262   +0.13234   +0.13273     +0.294695 
 290   27   28  4   0  0 0.020 01.0  0.00251   +0.11708   +0.11468     -2.049880 
 291   28   29  4   0  0 0.020 01.0  0.00246   +0.10819   +0.11334     +4.760144 
 292    7   29  4   0  0 0.020 01.0  0.00281   -0.16144   -0.16673     +3.276759 
 293   25   30  4   0  0 0.020 01.0  0.00179   +0.00892   +0.00578    -35.201794 
 294   30   31  4   0  0 0.020 01.0  0.00177   +0.00576   +0.00608     +5.555556 
 295   31   32  4   0  0 0.020 01.0  0.00174   +0.00150   -0.00284   -289.333333 
 296   32   33  4   0  0 0.020 01.0  0.00175   +0.00300   +0.00027    -91.000000 
 297   34   32  4   0  0 0.020 01.0  0.00175   +0.00270   +0.00411    +52.222222 
 298   34   35  4   0  0 0.020 01.0  0.00175   -0.00270   -0.00679   +151.481481 
 299   35   36  4   0  0 0.020 01.0  0.00175   -0.00298   -0.00185    -37.919463 
 300   36   37  4   0  0 0.020 01.0  0.00207   -0.05092   -0.04607     -9.524745 
 301   37   38  4   0  0 0.020 01.0  0.00223   -0.07409   -0.07422     +0.175462 
 302   37   39  4   0  0 0.020 01.0  0.00189   +0.02308   +0.02097     -9.142114 
 303   36   40  4   0  0 0.020 01.0  0.00206   +0.04981   +0.05306     +6.524794 
 304   22   38  4   0  0 0.020 01.0  0.00220   -0.07060   -0.06459     -8.512748 
 305   11   41  4   0  0 0.020 01.0  0.00186   -0.01829   -0.01666     -8.911974 
 306   41   42  4   0  0 0.020 01.0  0.00188   -0.02164   -0.02181     +0.785582 
 307   41   43  4   0  0 0.020 01.0  0.00194   +0.03172   +0.03100     -2.269861 
 308   38   44  4   0  0 0.020 01.0  0.00200   +0.04008   +0.03632     -9.381238 
 309   15   45  4   0  0 0.020 01.0  0.00196   -0.03448   -0.03515     +1.943155 
 310   14   46  4   0  0 0.020 01.0  0.00281   +0.16119   +0.16099     -0.124077 
 311   46   47  4   0  0 0.020 01.0  0.00280   +0.15965   +0.16571     +3.795803 
 312   47   48  4   0  0 0.020 01.0  0.00270   +0.14507   +0.14858     +2.419522 
 313   48   49  4   0  0 0.020 01.0  0.00177   -0.00607   -0.00479    -21.087315 
 314   49   50  4   0  0 0.020 01.0  0.00233   +0.08957   +0.08383     -6.408396 
 315   50   51  4   0  0 0.020 01.0  0.00222   +0.07241   +0.06725     -7.126088 
 316   10   51  4   0  0 0.020 01.0  0.00214   -0.06108   -0.06011     -1.588081 
 317   13   49  4   0  0 0.020 01.0  0.00273   +0.14956   +0.14893     -0.421236 
 318   29   52  4   0  0 0.020 01.0  0.00219   -0.06888   -0.06828     -0.871080 
 319   52   53  4   0  0 0.020 01.0  0.00222   -0.07320   -0.07936     +8.415301 
 320   53   54  4   0  0 0.020 01.0  0.00185   -0.01770   -0.01682     -4.971751 
 321   54   55  4   0  0 0.020 01.0  0.00186   -0.01982   -0.01838     -7.265388 
 322   11   43  4   0  0 0.020 01.0  0.00193   -0.02955   -0.02976     +0.710660 
 323   44   45  4   0  0 0.020 01.0  0.00198   +0.03720   +0.03317    -10.833333 
 324   40   56  4   0  0 0.020 01.0  0.00206   +0.04970   +0.05285     +6.338028 
 325   56   41  4   0  0 0.020 01.0  0.00196   +0.03388   +0.03734    +10.212515 
 326   56   42  4   0  0 0.020 01.0  0.00193   +0.02955   +0.02713     -8.189509 
 327   39   57  4   0  0 0.020 01.0  0.00189   +0.02306   +0.02315     +0.390286 
 328   57   56  4   0  0 0.020 01.0  0.00186   +0.01940   +0.01647    -15.103093 
 329   38   49  4   0  0 0.020 01.0  0.00203   -0.04488   -0.04863     +8.355615 
 330   38   48  4   0  0 0.020 01.0  0.00273   -0.14976   -0.14470     -3.378739 
 331    9   55  4   0  0 0.020 01.0  0.00190   +0.02499   +0.02005    -19.767907 
 332    2    1  1   0  0 0.020 01.0  0.00966   +1.18957   +1.17194     -1.482048 
 333    3    2  1   0  0 0.020 01.0  0.01004   +1.24528   +1.27387     +2.295869 
 334    4    3  1   0  0 0.020 01.0  0.00941   +1.15110   +1.15534     +0.368343 
 335    5    4  1   0  0 0.020 01.0  0.00500   +0.49073   +0.49323     +0.509445 
 336    6    4  1   0  0 0.020 01.0  0.00674   +0.75073   +0.76892     +2.422975 
 337    7    6  1   0  0 0.020 01.0  0.00596   +0.63475   +0.62043     -2.256006 
 338    8    6  1   0  0 0.020 01.0  0.00691   +0.77710   +0.79282     +2.022906 
 339    9    8  1   0  0 0.020 01.0  0.01813   -2.45966   -2.41708     -1.731134 
 340   10    9  1   0  0 0.020 01.0  0.00515   -0.51214   -0.52097     +1.724138 
 341   11    9  1   0  0 0.020 01.0  0.00664   -0.73681   -0.75009     +1.802364 
 342   12    9  1   0  0 0.020 01.0  0.00444   -0.40651   -0.40262     -0.956926 
 343   13    9  1   0  0 0.020 01.0  0.00635   -0.69306   -0.70524     +1.757424 
 344   14   13  1   0  0 0.020 01.0  0.00543   -0.55480   -0.56730     +2.253064 
 345   15   13  1   0  0 0.020 01.0  0.00583   -0.61512   -0.61983     +0.765704 
 346   15    1  1   0  0 0.020 01.0  0.01196   +1.53435   +1.52735     -0.456219 
 347   16    1  1   0  0 0.020 01.0  0.00606   +0.64880   +0.63389     -2.298089 
 348   17    1  1   0  0 0.020 01.0  0.00585   +0.61771   +0.62416     +1.044179 
 349   15    3  1   0  0 0.020 01.0  0.00325   -0.22776   -0.22685     -0.399543 
 350   18    4  1   0  0 0.020 01.0  0.00187   -0.02072   -0.01526    -26.351351 
 351   18    4  1   0  0 0.020 01.0  0.00191   -0.02652   -0.02981    +12.405732 
 352    6    5  1   0  0 0.020 01.0  0.00519   +0.51916   +0.53222     +2.515602 
 353    8    7  1   0  0 0.020 01.0  0.00823   +0.97481   +0.98297     +0.837086 
 354   12   10  1   0  0 0.020 01.0  0.00355   -0.27270   -0.26751     -1.903190 
 355   13   11  1   0  0 0.020 01.0  0.00613   -0.65902   -0.66349     +0.678280 
 356   13   12  1   0  0 0.020 01.0  0.00212   +0.05782   +0.05750     -0.553442 
 357   16   12  1   0  0 0.020 01.0  0.00649   -0.71380   -0.72913     +2.147660 
 358   17   12  1   0  0 0.020 01.0  0.00627   -0.68071   -0.66627     -2.121315 
 359   15   14  1   0  0 0.020 01.0  0.00532   -0.53784   -0.53959     +0.325376 
 360   19   18  1   0  0 0.020 01.0  0.00178   -0.00619   -0.00440    -28.917609 
 361   20   19  1   0  0 0.020 01.0  0.00174   -0.00117   +0.00121   -203.418803 
 362   20   21  1   0  0 0.020 01.0  0.00175   -0.00183   -0.00407   +122.404372 
 363   22   21  1   0  0 0.020 01.0  0.00175   +0.00183   +0.00281    +53.551913 
 364   23   22  1   0  0 0.020 01.0  0.00278   +0.15634   +0.15419     -1.375208 
 365   24   23  1   0  0 0.020 01.0  0.00287   +0.17005   +0.17513     +2.987357 
 366   25   24  1   0  0 0.020 01.0  0.00187   -0.01987   -0.02465    +24.056366 
 367   25   24  1   0  0 0.020 01.0  0.00186   -0.01910   -0.01360    -28.795812 
 368   26   24  1   0  0 0.020 01.0  0.00313   +0.20902   +0.21420     +2.478232 
 369   27   26  1   0  0 0.020 01.0  0.00319   +0.21828   +0.20886     -4.315558 
 370   28   27  1   0  0 0.020 01.0  0.00331   +0.23610   +0.24381     +3.265565 
 371   29   28  1   0  0 0.020 01.0  0.00337   +0.24578   +0.25314     +2.994548 
 372   29    7  1   0  0 0.020 01.0  0.00391   -0.32630   -0.32166     -1.422004 
 373   30   25  1   0  0 0.020 01.0  0.00193   -0.02987   -0.02541    -14.931369 
 374   31   30  1   0  0 0.020 01.0  0.00190   -0.02470   -0.02509     +1.578947 
 375   32   31  1   0  0 0.020 01.0  0.00184   -0.01560   -0.01701     +9.038462 
 376   33   32  1   0  0 0.020 01.0  0.00177   -0.00600   -0.01044    +74.000000 
 377   32   34  1   0  0 0.020 01.0  0.00178   +0.00760   +0.01292    +70.000000 
 378   35   34  1   0  0 0.020 01.0  0.00178   -0.00759   -0.00364    -52.042161 
 379   36   35  1   0  0 0.020 01.0  0.00174   +0.00141   -0.00382   -370.921986 
 380   37   36  1   0  0 0.020 01.0  0.00181   -0.01209   -0.01013    -16.211745 
 381   38   37  1   0  0 0.020 01.0  0.00187   -0.01983   -0.01809     -8.774584 
 382   39   37  1   0  0 0.020 01.0  0.00179   +0.00807   +0.00712    -11.771995 
 383   40   36  1   0  0 0.020 01.0  0.00182   +0.01363   +0.01337     -1.907557 
 384   38   22  1   0  0 0.020 01.0  0.00276   -0.15379   -0.15564     +1.202939 
 385   41   11  1   0  0 0.020 01.0  0.00192   -0.02797   -0.02852     +1.966393 
 386   42   41  1   0  0 0.020 01.0  0.00195   -0.03304   -0.03859    +16.797821 
 387   43   41  1   0  0 0.020 01.0  0.00197   +0.03614   +0.03525     -2.462645 
 388   44   38  1   0  0 0.020 01.0  0.00311   -0.20662   -0.21398     +3.562095 
 389   45   15  1   0  0 0.020 01.0  0.00298   +0.18663   +0.17846     -4.377646 
 390   46   14  1   0  0 0.020 01.0  0.00177   +0.00561   +0.00621    +10.695187 
 391   47   46  1   0  0 0.020 01.0  0.00177   +0.00610   +0.00729    +19.508197 
 392   48   47  1   0  0 0.020 01.0  0.00208   +0.05146   +0.05444     +5.790906 
 393   49   48  1   0  0 0.020 01.0  0.00214   +0.06103   +0.05791     -5.112240 
 394   50   49  1   0  0 0.020 01.0  0.00210   +0.05460   +0.05745     +5.219780 
 395   51   50  1   0  0 0.020 01.0  0.00231   +0.08707   +0.09003     +3.399564 
 396   51   10  1   0  0 0.020 01.0  0.00249   -0.11407   -0.11401     -0.052599 
 397   49   13  1   0  0 0.020 01.0  0.00227   -0.08093   -0.07557     -6.623008 
 398   52   29  1   0  0 0.020 01.0  0.00210   -0.05451   -0.05099     -6.457531 
 399   53   52  1   0  0 0.020 01.0  0.00205   -0.04699   -0.04705     +0.127687 
 400   54   53  1   0  0 0.020 01.0  0.00185   -0.01689   -0.01399    -17.169923 
 401   55   54  1   0  0 0.020 01.0  0.00180   -0.01081   -0.00900    -16.743756 
 402   43   11  1   0  0 0.020 01.0  0.00199   -0.03914   -0.03342    -14.614205 
 403   45   44  1   0  0 0.020 01.0  0.00298   -0.18663   -0.19347     +3.665006 
 404   56   40  1   0  0 0.020 01.0  0.00182   +0.01363   +0.01767    +29.640499 
 405   41   56  1   0  0 0.020 01.0  0.00188   +0.02178   +0.02254     +3.489440 
 406   42   56  1   0  0 0.020 01.0  0.00188   +0.02204   +0.01776    -19.419238 
 407   57   39  1   0  0 0.020 01.0  0.00179   +0.00807   +0.01311    +62.453532 
 408   56   57  1   0  0 0.020 01.0  0.00185   +0.01817   +0.02196    +20.858558 
 409   49   38  1   0  0 0.020 01.0  0.00204   +0.04678   +0.04140    -11.500641 
 410   48   38  1   0  0 0.020 01.0  0.00179   +0.00931   +0.00692    -25.671321 
 411   55    9  1   0  0 0.020 01.0  0.00174   +0.00081   -0.00013   -116.049383 
 412    2    1  4   0  0 0.020 01.0  0.00769   -0.89393   -0.88808     -0.654414 
 413    3    2  4   0  0 0.020 01.0  0.00526   -0.52968   -0.51644     -2.499622 
 414    4    3  4   0  0 0.020 01.0  0.00453   -0.42002   -0.42232     +0.547593 
 415    5    4  4   0  0 0.020 01.0  0.00335   -0.24187   -0.23763     -1.753008 
 416    6    4  4   0  0 0.020 01.0  0.00308   -0.20198   -0.19328     -4.307357 
 417    7    6  4   0  0 0.020 01.0  0.00255   -0.12271   -0.12370     +0.806780 
 418    8    6  4   0  0 0.020 01.0  0.00275   -0.15293   -0.15069     -1.464722 
 419    9    8  4   0  0 0.020 01.0  0.00586   +0.61967   +0.63380     +2.280246 
 420   10    9  4   0  0 0.020 01.0  0.00264   +0.13633   +0.14222     +4.320399 
 421   11    9  4   0  0 0.020 01.0  0.00337   +0.24600   +0.23877     -2.939024 
 422   12    9  4   0  0 0.020 01.0  0.00248   +0.11253   +0.10807     -3.963388 
 423   13    9  4   0  0 0.020 01.0  0.00334   +0.24175   +0.24417     +1.001034 
 424   14   13  4   0  0 0.020 01.0  0.00267   +0.14040   +0.14480     +3.133903 
 425   15   13  4   0  0 0.020 01.0  0.00357   +0.27511   +0.26969     -1.970121 
 426   15    1  4   0  0 0.020 01.0  0.00537   -0.54631   -0.55052     +0.770625 
 427   16    1  4   0  0 0.020 01.0  0.00325   -0.22718   -0.23028     +1.364557 
 428   17    1  4   0  0 0.020 01.0  0.00342   -0.25321   -0.25411     +0.355436 
 429   15    3  4   0  0 0.020 01.0  0.00185   -0.01789   -0.02155    +20.458357 
 430   18    4  4   0  0 0.020 01.0  0.00193   +0.02952   +0.03237     +9.654472 
 431   18    4  4   0  0 0.020 01.0  0.00213   +0.05914   +0.05400     -8.691241 
 432    6    5  4   0  0 0.020 01.0  0.00326   -0.22851   -0.22088     -3.339022 
 433    8    7  4   0  0 0.020 01.0  0.00329   -0.23333   -0.24158     +3.535765 
 434   12   10  4   0  0 0.020 01.0  0.00241   +0.10151   +0.10558     +4.009457 
 435   13   11  4   0  0 0.020 01.0  0.00316   +0.21422   +0.22083     +3.085613 
 436   13   12  4   0  0 0.020 01.0  0.00314   -0.21175   -0.21268     +0.439197 
 437   16   12  4   0  0 0.020 01.0  0.00322   +0.22318   +0.22522     +0.914060 
 438   17   12  4   0  0 0.020 01.0  0.00334   +0.24121   +0.23830     -1.206418 
 439   15   14  4   0  0 0.020 01.0  0.00384   +0.31557   +0.32154     +1.891815 
 440   19   18  4   0  0 0.020 01.0  0.00179   -0.00845   -0.00749    -11.360947 
 441   20   19  4   0  0 0.020 01.0  0.00178   -0.00743   -0.00624    -16.016151 
 442   20   21  4   0  0 0.020 01.0  0.00178   +0.00643   +0.01009    +56.920684 
 443   22   21  4   0  0 0.020 01.0  0.00178   -0.00639   -0.00685     +7.198748 
 444   23   22  4   0  0 0.020 01.0  0.00224   -0.07661   -0.07145     -6.735413 
 445   24   23  4   0  0 0.020 01.0  0.00224   -0.07636   -0.07644     +0.104767 
 446   25   24  4   0  0 0.020 01.0  0.00194   +0.03117   +0.03260     +4.587745 
 447   25   24  4   0  0 0.020 01.0  0.00193   +0.02995   +0.03068     +2.437396 
 448   26   24  4   0  0 0.020 01.0  0.00262   -0.13234   -0.12886     -2.629590 
 449   27   26  4   0  0 0.020 01.0  0.00252   -0.11808   -0.11737     -0.601287 
 450   28   27  4   0  0 0.020 01.0  0.00248   -0.11119   -0.10697     -3.795305 
 451   29   28  4   0  0 0.020 01.0  0.00243   -0.10443   -0.10521     +0.746912 
 452   29    7  4   0  0 0.020 01.0  0.00286   +0.16931   +0.17639     +4.181679 
 453   30   25  4   0  0 0.020 01.0  0.00179   -0.00876   -0.01321    +50.799087 
 454   31   30  4   0  0 0.020 01.0  0.00177   -0.00550   -0.00021    -96.181818 
 455   32   31  4   0  0 0.020 01.0  0.00174   -0.00135   +0.00103   -176.296296 
 456   33   32  4   0  0 0.020 01.0  0.00175   -0.00300   -0.00239    -20.333333 
 457   32   34  4   0  0 0.020 01.0  0.00175   -0.00265   -0.00640   +141.509434 
 458   35   34  4   0  0 0.020 01.0  0.00174   -0.00102   +0.00250   -345.098039 
 459   36   35  4   0  0 0.020 01.0  0.00174   +0.00111   +0.00347   +212.612613 
 460   37   36  4   0  0 0.020 01.0  0.00207   +0.05101   +0.04998     -2.019212 
 461   38   37  4   0  0 0.020 01.0  0.00221   +0.07224   +0.06922     -4.180509 
 462   39   37  4   0  0 0.020 01.0  0.00189   -0.02306   -0.02516     +9.106678 
 463   40   36  4   0  0 0.020 01.0  0.00206   -0.04970   -0.04869     -2.032193 
 464   38   22  4   0  0 0.020 01.0  0.00221   +0.07132   +0.07383     +3.519349 
 465   41   11  4   0  0 0.020 01.0  0.00186   +0.01904   +0.02310    +21.323529 
 466   42   41  4   0  0 0.020 01.0  0.00188   +0.02213   +0.01887    -14.731134 
 467   43   41  4   0  0 0.020 01.0  0.00194   -0.03089   -0.03081     -0.258983 
 468   44   38  4   0  0 0.020 01.0  0.00200   -0.04020   -0.04110     +2.238806 
 469   45   15  4   0  0 0.020 01.0  0.00199   +0.03783   +0.03473     -8.194555 
 470   46   14  4   0  0 0.020 01.0  0.00280   -0.15965   -0.15533     -2.705919 
 471   47   46  4   0  0 0.020 01.0  0.00281   -0.16207   -0.15714     -3.041895 
 472   48   47  4   0  0 0.020 01.0  0.00270   -0.14461   -0.14646     +1.279303 
 473   49   48  4   0  0 0.020 01.0  0.00174   +0.00071   -0.00119   -267.605634 
 474   50   49  4   0  0 0.020 01.0  0.00232   -0.08841   -0.08868     +0.305395 
 475   51   50  4   0  0 0.020 01.0  0.00220   -0.07009   -0.07302     +4.180340 
 476   51   10  4   0  0 0.020 01.0  0.00215   +0.06209   +0.05769     -7.086487 
 477   49   13  4   0  0 0.020 01.0  0.00270   -0.14518   -0.14688     +1.170960 
 478   52   29  4   0  0 0.020 01.0  0.00220   +0.07020   +0.06737     -4.031339 
 479   53   52  4   0  0 0.020 01.0  0.00223   +0.07387   +0.07043     -4.656830 
 480   54   53  4   0  0 0.020 01.0  0.00185   +0.01782   +0.01941     +8.922559 
 481   55   54  4   0  0 0.020 01.0  0.00187   +0.01993   +0.02504    +25.639739 
 482   43   11  4   0  0 0.020 01.0  0.00193   +0.02989   +0.02625    -12.177986 
 483   45   44  4   0  0 0.020 01.0  0.00199   -0.03783   -0.03295    -12.899815 
 484   56   40  4   0  0 0.020 01.0  0.00205   -0.04719   -0.04635     -1.780038 
 485   41   56  4   0  0 0.020 01.0  0.00195   -0.03313   -0.03672    +10.836100 
 486   42   56  4   0  0 0.020 01.0  0.00193   -0.02913   -0.02677     -8.101613 
 487   57   39  4   0  0 0.020 01.0  0.00188   -0.02240   -0.02069     -7.633929 
 488   56   57  4   0  0 0.020 01.0  0.00186   -0.01924   -0.02112     +9.771310 
 489   49   38  4   0  0 0.020 01.0  0.00201   +0.04190   +0.04216     +0.620525 
 490   48   38  4   0  0 0.020 01.0  0.00274   +0.15068   +0.14288     -5.176533 
 491   55    9  4   0  0 0.020 01.0  0.00190   -0.02493   -0.03037    +21.821099 
----------------------------------------------------------------------------------
Número de medidores SCADA:     491
Número de PMUs:                0
Número de medidas das PMUs:    0
----------------------------------------------------------------------------------

Não há medidas de ângulo.
Não há medidores desabilitados.
============================== Estado Estimado ===================================
                 Barra     Mod(pu)    Ang(graus)              
----------------------------------------------------------------------------------
                    1            1.0388              0.00        
                    2            1.0251              2.15        
                    3            1.0138              8.77        
                    4            1.0109             11.37        
                    5            1.0084             15.80        
                    6            1.0091             18.06        
                    7            1.0086             21.81        
                    8            1.0034             25.92        
                    9            1.0032             18.49        
                   10            1.0069             13.26        
                   11            1.0036             14.57        
                   12            1.0136             11.17        
                   13            1.0040             11.54        
                   14            1.0027             10.06        
                   15            1.0105              8.09        
                   16            1.0180              7.70        
                   17            1.0256              3.90        
                   18            1.0553             10.75        
                   19            1.0481             10.77        
                   20            1.0453             10.90        
                   21            1.0862             10.93        
                   22            1.0853             10.97        
                   23            1.0857             11.12        
                   24            1.0938             13.81        
                   25            1.1266             12.73        
                   26            1.0428             14.32        
                   27            1.0460             18.20        
                   28            1.0497             19.74        
                   29            1.0534             20.72        
                   30            1.1221             12.53        
                   31            1.1125             12.04        
                   32            1.1034             11.46        
                   33            1.1030             11.45        
                   34            1.0777             11.14        
                   35            1.0775             11.10        
                   36            1.0776             11.09        
                   37            1.0791             11.00        
                   38            1.0845             10.68        
                   39            1.0784             11.05        
                   40            1.0758             11.19        
                   41            1.0638             13.48        
                   42            1.0649             12.64        
                   43            1.0518             14.27        
                   44            1.0768             10.13        
                   45            1.0615              9.07        
                   46            1.1034             10.09        
                   47            1.0935             10.29        
                   48            1.0913             10.48        
                   49            1.0966             10.84        
                   50            1.0903             11.51        
                   51            1.0866             12.87        
                   52            1.0583             19.72        
                   53            1.0617             19.20        
                   54            1.0622             18.83        
                   55            1.0644             18.50        
                   56            1.0706             12.00        
                   57            1.0724             11.59        
----------------------------------------------------------------------------------
Convergiu em:    3 iteraçoes. 
----------------------------------------------------------------------------------
--- RESIDUOS NORMALIZADOS --------------------------------------------------------
   N    D    P  TP      Real     Medido   Estimado      Med-Est        rn 
----------------------------------------------------------------------------------
 430   18    4  4    +0.0295    +0.0324    +0.0533  -2.0949e-02      0.508 
 270    4   18  4    -0.0289    -0.0346    -0.0519  +1.7322e-02      0.418 
 132    0   18  5    -0.0150    -0.0123    -0.0250  +1.2696e-02      0.409 
 333    3    2  1    +1.2453    +1.2739    +1.2391  +3.4733e-02      0.362 
  73    0   16  2    -0.0650    -0.0628    -0.0713  +8.5102e-03      0.320 
  65    0    8  2    +4.2750    +4.2141    +4.2618  -4.7770e-02      0.310 
  66    0    9  2    -0.0480    -0.0461    -0.0410  -5.0775e-03      0.309 
 350   18    4  1    -0.0207    -0.0153    -0.0274  +1.2134e-02      0.299 
 339    9    8  1    -2.4597    -2.4171    -2.4502  +3.3164e-02      0.263 
 419    9    8  4    +0.6197    +0.6338    +0.6172  +1.6646e-02      0.242 
  57    0   57  6    +1.0737    +1.0894    +1.0724  +1.6925e-02      0.236 
 336    6    4  1    +0.7507    +0.7689    +0.7501  +1.8833e-02      0.235 
 197   12   16  1    +0.7236    +0.7428    +0.7250  +1.7711e-02      0.233 
 185   13   15  1    +0.6272    +0.6435    +0.6261  +1.7463e-02      0.233 
  25    0   25  6    +1.1278    +1.1435    +1.1266  +1.6879e-02      0.231 
 176    4    6  1    -0.7256    -0.7423    -0.7249  -1.7431e-02      0.220 
 338    8    6  1    +0.7771    +0.7928    +0.7750  +1.7816e-02      0.220 
 184   13   14  1    +0.5591    +0.5442    +0.5596  -1.5410e-02      0.220 
  33    0   33  6    +1.1044    +1.1187    +1.1030  +1.5653e-02      0.217 
  20    0   20  6    +1.0475    +1.0606    +1.0453  +1.5287e-02      0.216 
 271    4   18  4    -0.0575    -0.0614    -0.0519  -9.4182e-03      0.216 
   9    0    9  6    +1.0049    +1.0183    +1.0032  +1.5125e-02      0.215 
  61    0    4  2    +0.0000    +0.0001    -0.0038  +3.9508e-03      0.205 
 173    2    3  1    -1.1936    -1.1686    -1.1877  +1.9102e-02      0.202 
 180    9   10  1    +0.5226    +0.5374    +0.5238  +1.3637e-02      0.195 
 238   29   52  1    +0.0555    +0.0606    +0.0527  +7.9003e-03      0.195 
  35    0   35  6    +1.0791    +1.0635    +1.0775  -1.3971e-02      0.192 
 252    1    2  4    +0.8120    +0.8281    +0.8138  +1.4266e-02      0.189 
 341   11    9  1    -0.7368    -0.7501    -0.7354  -1.4648e-02      0.187 
  23    0   23  6    +1.0874    +1.0720    +1.0857  -1.3669e-02      0.187 
 256    4    6  4    +0.2530    +0.2626    +0.2521  +1.0438e-02      0.185 
 413    3    2  4    -0.5297    -0.5164    -0.5291  +1.2642e-02      0.184 
 357   16   12  1    -0.7138    -0.7291    -0.7152  -1.3937e-02      0.184 
  53    0   53  6    +1.0628    +1.0488    +1.0617  -1.2982e-02      0.180 
 344   14   13  1    -0.5548    -0.5673    -0.5553  -1.2017e-02      0.171 
 266    1   15  4    +0.6733    +0.6868    +0.6742  +1.2662e-02      0.170 
  54    0   54  6    +1.0637    +1.0501    +1.0622  -1.2069e-02      0.167 
 343   13    9  1    -0.6931    -0.7052    -0.6921  -1.3094e-02      0.166 
  90    0   33  2    -0.0060    -0.0018    -0.0077  +5.8669e-03      0.164 
 172    1    2  1    -1.1730    -1.1819    -1.1669  -1.4900e-02      0.163 
 337    7    6  1    +0.6348    +0.6204    +0.6325  -1.2026e-02      0.163 
  48    0   48  6    +1.0931    +1.0794    +1.0913  -1.1862e-02      0.162 
 193    7    8  1    -0.9610    -0.9731    -0.9596  -1.3483e-02      0.159 
 183    9   13  1    +0.7192    +0.7309    +0.7183  +1.2630e-02      0.159 
  58    0    1  2    -3.8987    -3.8568    -3.8802  +2.3379e-02      0.158 
 453   30   25  4    -0.0088    -0.0132    -0.0075  -5.7537e-03      0.157 
 187    1   16  1    -0.6287    -0.6123    -0.6240  +1.1697e-02      0.156 
 174    3    4  1    -1.1349    -1.1132    -1.1271  +1.3906e-02      0.156 
 258    6    8  4    +0.2115    +0.2039    +0.2123  -8.3990e-03      0.155 
 471   47   46  4    -0.1621    -0.1571    -0.1646  +7.4192e-03      0.153 
 182    9   12  1    +0.4184    +0.4077    +0.4179  -1.0177e-02      0.153 
  28    0   28  6    +1.0508    +1.0388    +1.0497  -1.0932e-02      0.152 
 377   32   34  1    +0.0076    +0.0129    +0.0072  +5.7317e-03      0.151 
 352    6    5  1    +0.5192    +0.5322    +0.5220  +1.0208e-02      0.151 
 432    6    5  4    -0.2285    -0.2209    -0.2287  +7.8430e-03      0.149 
 331    9   55  4    +0.0250    +0.0200    +0.0255  -5.4514e-03      0.148 
 143    0   29  5    -0.0040    -0.0060    -0.0021  -3.8902e-03      0.145 
   7    0    7  6    +1.0099    +0.9984    +1.0086  -1.0197e-02      0.145 
  44    0   44  6    +1.0785    +1.0663    +1.0768  -1.0518e-02      0.145 
 188    1   17  1    -0.6078    -0.5986    -0.6089  +1.0273e-02      0.144 
 416    6    4  4    -0.2020    -0.1933    -0.2010  +7.7046e-03      0.144 
 147    0   33  5    -0.0030    -0.0076    -0.0025  -5.0822e-03      0.143 
  95    0   38  2    -0.0210    -0.0210    -0.0175  -3.5533e-03      0.143 
  47    0   47  6    +1.0954    +1.0831    +1.0935  -1.0364e-02      0.141 
 149    0   35  5    -0.0040    -0.0073    -0.0028  -4.4930e-03      0.141 
 142    0   28  5    -0.0030    -0.0026    +0.0016  -4.2189e-03      0.141 
  60    0    3  2    +0.3390    +0.3482    +0.3425  +5.6688e-03      0.141 
  15    0   15  6    +1.0120    +1.0205    +1.0105  +9.9370e-03      0.141 
 366   25   24  1    -0.0199    -0.0246    -0.0189  -5.7784e-03      0.140 
 224   22   38  1    +0.1543    +0.1471    +0.1533  -6.2064e-03      0.139 
 409   49   38  1    +0.0468    +0.0414    +0.0474  -5.9656e-03      0.136 
 226   41   42  1    +0.0333    +0.0281    +0.0336  -5.5083e-03      0.136 
 334    4    3  1    +1.1511    +1.1553    +1.1432  +1.2140e-02      0.136 
 319   52   53  4    -0.0732    -0.0794    -0.0736  -5.7110e-03      0.136 
 281   19   20  4    +0.0075    +0.0126    +0.0074  +5.1856e-03      0.136 
  68    0   11  2    +0.0000    -0.0036    -0.0008  -2.7300e-03      0.135 
  29    0   29  6    +1.0546    +1.0631    +1.0534  +9.7036e-03      0.135 
 491   55    9  4    -0.0249    -0.0304    -0.0254  -4.9377e-03      0.134 
  19    0   19  6    +1.0509    +1.0386    +1.0481  -9.4255e-03      0.133 
  32    0   32  6    +1.1047    +1.0938    +1.1034  -9.6019e-03      0.133 
 347   16    1  1    +0.6488    +0.6339    +0.6439  -1.0003e-02      0.132 
  69    0   12  2    +0.6880    +0.6795    +0.6873  -7.7574e-03      0.132 
   8    0    8  6    +1.0050    +0.9941    +1.0034  -9.2190e-03      0.131 
  96    0   39  2    -0.0000    +0.0039    -0.0005  +4.4422e-03      0.131 
 386   42   41  1    -0.0330    -0.0386    -0.0333  -5.2809e-03      0.130 
  30    0   30  6    +1.1226    +1.1316    +1.1221  +9.4685e-03      0.130 
 206   24   25  1    +0.0199    +0.0243    +0.0189  +5.3784e-03      0.130 
 124    0   10  5    -0.0490    -0.0514    -0.0475  -3.8567e-03      0.130 
  62    0    5  2    -0.0190    -0.0204    -0.0237  +3.3016e-03      0.130 
 277   12   16  4    -0.2014    -0.1964    -0.2030  +6.5755e-03      0.129 
 395   51   50  1    +0.0871    +0.0900    +0.0842  +5.8413e-03      0.129 
 378   35   34  1    -0.0076    -0.0036    -0.0083  +4.6261e-03      0.129 
 221   37   38  1    +0.0201    +0.0150    +0.0195  -4.5400e-03      0.128 
 367   25   24  1    -0.0191    -0.0136    -0.0189  +5.2716e-03      0.128 
 454   31   30  4    -0.0055    -0.0002    -0.0050  +4.7583e-03      0.127 
  27    0   27  6    +1.0474    +1.0551    +1.0460  +9.0992e-03      0.127 
 204   22   23  1    -0.1561    -0.1496    -0.1554  +5.7580e-03      0.126 
 332    2    1  1    +1.1896    +1.1719    +1.1834  -1.1486e-02      0.126 
 442   20   21  4    +0.0064    +0.0101    +0.0053  +4.8150e-03      0.125 
 264   13   14  4    -0.1373    -0.1311    -0.1370  +5.8691e-03      0.124 
 123    0    9  5    -0.0400    -0.0454    -0.0427  -2.7006e-03      0.123 
 421   11    9  4    +0.2460    +0.2388    +0.2454  -6.6625e-03      0.123 
  40    0   40  6    +1.0775    +1.0847    +1.0758  +8.8345e-03      0.122 
 261    9   11  4    -0.2169    -0.2227    -0.2163  -6.3496e-03      0.120 
 368   26   24  1    +0.2090    +0.2142    +0.2082  +6.0058e-03      0.120 
 112    0   55  2    -0.0100    -0.0153    -0.0114  -3.8364e-03      0.120 
 260    9   10  4    -0.1335    -0.1398    -0.1340  -5.8440e-03      0.120 
 115    0    1  5    +2.0134    +2.0043    +2.0166  -1.2283e-02      0.120 
 295   31   32  4    +0.0015    -0.0028    +0.0017  -4.5469e-03      0.120 
 133    0   19  5    -0.0010    +0.0033    -0.0005  +3.7919e-03      0.120 
 186    1   15  1    -1.4892    -1.4681    -1.4804  +1.2349e-02      0.119 
 389   45   15  1    +0.1866    +0.1785    +0.1844  -5.9188e-03      0.118 
 407   57   39  1    +0.0081    +0.0131    +0.0083  +4.8415e-03      0.118 
 358   17   12  1    -0.6807    -0.6663    -0.6753  +9.0798e-03      0.118 
 181    9   11  1    +0.7524    +0.7417    +0.7510  -9.2400e-03      0.117 
 481   55   54  4    +0.0199    +0.0250    +0.0204  +4.6068e-03      0.117 
   4    0    4  6    +1.0124    +1.0191    +1.0109  +8.1717e-03      0.116 
 304   22   38  4    -0.0706    -0.0646    -0.0691  +4.5214e-03      0.115 
 370   28   27  1    +0.2361    +0.2438    +0.2379  +5.9581e-03      0.114 
 212    7   29  1    +0.3263    +0.3167    +0.3230  -6.2765e-03      0.114 
 236   10   51  1    +0.1141    +0.1082    +0.1132  -4.9842e-03      0.113 
 278   12   17  4    -0.2001    -0.2061    -0.2001  -6.0070e-03      0.113 
 353    8    7  1    +0.9748    +0.9830    +0.9734  +9.5428e-03      0.113 
  72    0   15  2    -0.0330    -0.0362    -0.0383  +2.1520e-03      0.112 
 155    0   41  5    -0.0040    -0.0083    -0.0053  -3.0343e-03      0.112 
 457   32   34  4    -0.0027    -0.0064    -0.0022  -4.2311e-03      0.111 
  91    0   34  2    +0.0000    +0.0047    +0.0011  +3.6087e-03      0.111 
   5    0    5  6    +1.0099    +1.0006    +1.0084  -7.8143e-03      0.111 
 340   10    9  1    -0.5121    -0.5210    -0.5133  -7.7142e-03      0.111 
 102    0   45  2    -0.0000    -0.0013    -0.0044  +3.0701e-03      0.111 
  12    0   12  6    +1.0150    +1.0213    +1.0136  +7.7531e-03      0.110 
 150    0   36  5    +0.0000    -0.0001    +0.0030  -3.0551e-03      0.109 
 369   27   26  1    +0.2183    +0.2089    +0.2146  -5.7091e-03      0.108 
 401   55   54  1    -0.0108    -0.0090    -0.0131  +4.1424e-03      0.108 
 163    0   49  5    -0.0130    -0.0084    -0.0112  +2.7894e-03      0.107 
 465   41   11  4    +0.0190    +0.0231    +0.0186  +4.4640e-03      0.107 
  34    0   34  6    +1.0794    +1.0699    +1.0777  -7.7305e-03      0.106 
 422   12    9  4    +0.1125    +0.1081    +0.1133  -5.2193e-03      0.106 
 225   11   41  1    +0.0280    +0.0328    +0.0283  +4.5033e-03      0.106 
 110    0   53  2    -0.0300    -0.0255    -0.0290  +3.5226e-03      0.105 
 466   42   41  4    +0.0221    +0.0189    +0.0230  -4.1449e-03      0.105 
 490   48   38  4    +0.1507    +0.1429    +0.1478  -4.8811e-03      0.104 
 314   49   50  4    +0.0896    +0.0838    +0.0884  -4.5535e-03      0.104 
 452   29    7  4    +0.1693    +0.1764    +0.1716  +4.7606e-03      0.102 
 464   38   22  4    +0.0713    +0.0738    +0.0698  +4.0105e-03      0.102 
 439   15   14  4    +0.3156    +0.3215    +0.3155  +5.9951e-03      0.102 
 108    0   51  2    -0.0270    -0.0323    -0.0290  -3.2545e-03      0.102 
  86    0   29  2    -0.0250    -0.0247    -0.0220  -2.6840e-03      0.102 
 315   50   51  4    +0.0724    +0.0673    +0.0718  -4.5024e-03      0.102 
 253    2    3  4    +0.5919    +0.5835    +0.5907  -7.1940e-03      0.102 
 170    0   56  5    -0.0030    -0.0068    -0.0040  -2.7609e-03      0.101 
 470   46   14  4    -0.1596    -0.1553    -0.1602  +4.8439e-03      0.101 
 379   36   35  1    +0.0014    -0.0038    -0.0003  -3.5164e-03      0.101 
  80    0   23  2    -0.0090    -0.0080    -0.0110  +3.0732e-03      0.100 
 388   44   38  1    -0.2066    -0.2140    -0.2090  -5.0245e-03      0.100 
 420   10    9  4    +0.1363    +0.1422    +0.1374  +4.8458e-03      0.100 
  50    0   50  6    +1.0917    +1.0975    +1.0903  +7.2611e-03      0.099 
 175    4    5  1    -0.4728    -0.4643    -0.4709  +6.6545e-03      0.099 
 139    0   25  5    -0.0050    -0.0087    -0.0057  -3.0022e-03      0.099 
 424   14   13  4    +0.1404    +0.1448    +0.1402  +4.6384e-03      0.098 
 199   14   15  1    +0.5444    +0.5354    +0.5422  -6.7590e-03      0.097 
  59    0    2  2    -0.0040    -0.0024    -0.0043  +1.8660e-03      0.097 
 412    2    1  4    -0.8939    -0.8881    -0.8956  +7.5638e-03      0.095 
 208   24   26  1    -0.2090    -0.2034    -0.2082  +4.7442e-03      0.095 
 362   20   21  1    -0.0018    -0.0041    -0.0005  -3.5689e-03      0.094 
 371   29   28  1    +0.2458    +0.2531    +0.2483  +4.8191e-03      0.094 
 402   43   11  1    -0.0391    -0.0334    -0.0370  +3.5802e-03      0.093 
 435   13   11  4    +0.2142    +0.2208    +0.2160  +4.8143e-03      0.093 
 479   53   52  4    +0.0739    +0.0704    +0.0743  -3.8916e-03      0.093 
 100    0   43  2    -0.0030    -0.0022    +0.0006  -2.8434e-03      0.092 
 400   54   53  1    -0.0169    -0.0140    -0.0176  +3.5997e-03      0.092 
 473   49   48  4    +0.0007    -0.0012    +0.0024  -3.6019e-03      0.092 
 425   15   13  4    +0.2751    +0.2697    +0.2750  -5.3103e-03      0.091 
 403   45   44  1    -0.1866    -0.1935    -0.1888  -4.7112e-03      0.091 
 140    0   26  5    -0.0000    -0.0010    +0.0018  -2.7124e-03      0.091 
 282   21   20  4    -0.0064    -0.0018    -0.0053  +3.5051e-03      0.091 
 393   49   48  1    +0.0610    +0.0579    +0.0619  -3.9979e-03      0.091 
 130    0   16  5    -0.0040    +0.0007    -0.0018  +2.5014e-03      0.090 
 328   57   56  4    +0.0194    +0.0165    +0.0199  -3.4231e-03      0.090 
 286   24   25  4    -0.0299    -0.0251    -0.0290  +3.8227e-03      0.090 
 169    0   55  5    -0.0050    -0.0078    -0.0050  -2.8008e-03      0.089 
 485   41   56  4    -0.0331    -0.0367    -0.0329  -3.8272e-03      0.089 
 233   48   49  1    -0.0608    -0.0655    -0.0616  -3.9098e-03      0.089 
 476   51   10  4    +0.0621    +0.0577    +0.0613  -3.6026e-03      0.089 
 227   41   43  1    -0.0361    -0.0413    -0.0376  -3.6363e-03      0.089 
  14    0   14  6    +1.0042    +1.0088    +1.0027  +6.1306e-03      0.087 
 408   56   57  1    +0.0182    +0.0220    +0.0187  +3.2830e-03      0.087 
 325   56   41  4    +0.0339    +0.0373    +0.0336  +3.7235e-03      0.087 
 483   45   44  4    -0.0378    -0.0330    -0.0365  +3.5646e-03      0.087 
 146    0   32  5    -0.0010    -0.0037    -0.0012  -2.5432e-03      0.086 
 302   37   39  4    +0.0231    +0.0210    +0.0241  -3.1519e-03      0.085 
 268    1   17  4    +0.2676    +0.2736    +0.2690  +4.6126e-03      0.084 
 275   11   13  4    -0.1982    -0.1955    -0.1998  +4.3063e-03      0.084 
 303   36   40  4    +0.0498    +0.0531    +0.0498  +3.2541e-03      0.083 
 404   56   40  1    +0.0136    +0.0177    +0.0142  +3.4350e-03      0.083 
 242   11   43  1    +0.0391    +0.0402    +0.0370  +3.1898e-03      0.083 
 211   28   29  1    -0.2431    -0.2413    -0.2456  +4.2583e-03      0.083 
 434   12   10  4    +0.1015    +0.1056    +0.1018  +3.7636e-03      0.083 
 300   36   37  4    -0.0509    -0.0461    -0.0492  +3.1535e-03      0.082 
 267    1   16  4    +0.2606    +0.2643    +0.2596  +4.6471e-03      0.082 
 159    0   45  5    +0.0000    -0.0029    -0.0004  -2.4765e-03      0.082 
 254    3    4  4    +0.4340    +0.4300    +0.4350  -4.9520e-03      0.081 
 109    0   52  2    -0.0070    -0.0020    -0.0045  +2.4983e-03      0.081 
  64    0    7  2    +0.0000    -0.0026    -0.0042  +1.5344e-03      0.081 
  26    0   26  6    +1.0441    +1.0371    +1.0428  -5.7547e-03      0.080 
 324   40   56  4    +0.0497    +0.0529    +0.0493  +3.5345e-03      0.080 
 171    0   57  5    -0.0030    -0.0048    -0.0022  -2.5968e-03      0.079 
 116    0    2  5    -0.3020    -0.3018    -0.3050  +3.2098e-03      0.079 
 475   51   50  4    -0.0701    -0.0730    -0.0695  -3.4890e-03      0.079 
 248   57   56  1    -0.0181    -0.0156    -0.0186  +2.9750e-03      0.078 
 345   15   13  1    -0.6151    -0.6198    -0.6140  -5.8490e-03      0.078 
  10    0   10  6    +1.0084    +1.0124    +1.0069  +5.5137e-03      0.078 
 156    0   42  5    -0.0070    -0.0080    -0.0055  -2.4609e-03      0.078 
 480   54   53  4    +0.0178    +0.0194    +0.0163  +3.0742e-03      0.078 
 178    6    8  1    -0.7563    -0.7605    -0.7542  -6.2612e-03      0.078 
 263    9   13  4    -0.1970    -0.1931    -0.1973  +4.2044e-03      0.078 
 376   33   32  1    -0.0060    -0.0104    -0.0077  -2.7631e-03      0.077 
 223   36   40  1    -0.0136    -0.0155    -0.0127  -2.7886e-03      0.077 
 216   32   33  1    +0.0060    +0.0104    +0.0077  +2.7310e-03      0.076 
 329   38   49  4    -0.0449    -0.0486    -0.0453  -3.3291e-03      0.076 
 128    0   14  5    -0.0080    -0.0058    -0.0077  +1.9126e-03      0.076 
 390   46   14  1    +0.0056    +0.0062    +0.0090  -2.7803e-03      0.076 
 365   24   23  1    +0.1701    +0.1751    +0.1715  +3.6623e-03      0.075 
 118    0    4  5    -0.0000    +0.0048    +0.0064  -1.6712e-03      0.075 
 348   17    1  1    +0.6177    +0.6242    +0.6188  +5.3374e-03      0.075 
 241   54   55  1    +0.0109    +0.0161    +0.0132  +2.8674e-03      0.075 
 433    8    7  4    -0.2333    -0.2416    -0.2377  -3.8926e-03      0.075 
 119    0    5  5    -0.0060    -0.0022    -0.0043  +2.0863e-03      0.074 
 313   48   49  4    -0.0061    -0.0048    -0.0077  +2.9520e-03      0.074 
 153    0   39  5    +0.0000    -0.0038    -0.0013  -2.4816e-03      0.074 
 311   46   47  4    +0.1596    +0.1657    +0.1622  +3.5036e-03      0.073 
  49    0   49  6    +1.0982    +1.0912    +1.0966  -5.3522e-03      0.073 
 285   23   24  4    +0.0736    +0.0770    +0.0738  +3.1208e-03      0.073 
 394   50   49  1    +0.0546    +0.0575    +0.0545  +2.9498e-03      0.072 
 141    0   27  5    -0.0010    -0.0038    -0.0016  -2.1757e-03      0.072 
  83    0   26  2    -0.0000    +0.0005    +0.0026  -2.0806e-03      0.072 
 251    9   55  1    -0.0008    -0.0042    -0.0017  -2.4813e-03      0.071 
 202   21   20  1    +0.0018    +0.0032    +0.0005  +2.7089e-03      0.071 
 231   46   47  1    -0.0056    -0.0104    -0.0078  -2.5588e-03      0.070 
  76    0   19  2    -0.0050    -0.0037    -0.0060  +2.2195e-03      0.070 
 235   50   51  1    -0.0856    -0.0859    -0.0828  -3.1408e-03      0.069 
 177    6    7  1    -0.6266    -0.6295    -0.6244  -5.0931e-03      0.069 
  16    0   16  6    +1.0192    +1.0229    +1.0180  +4.9017e-03      0.069 
  37    0   37  6    +1.0806    +1.0841    +1.0791  +5.0364e-03      0.069 
 207   24   25  1    +0.0191    +0.0160    +0.0189  -2.8516e-03      0.069 
 323   44   45  4    +0.0372    +0.0332    +0.0360  -2.8284e-03      0.069 
 194   10   12  1    +0.2751    +0.2686    +0.2724  -3.7931e-03      0.068 
 299   35   36  4    -0.0030    -0.0019    -0.0042  +2.3901e-03      0.068 
  42    0   42  6    +1.0666    +1.0697    +1.0649  +4.8905e-03      0.068 
 444   23   22  4    -0.0766    -0.0714    -0.0742  +2.7759e-03      0.068 
 148    0   34  5    +0.0000    -0.0052    -0.0030  -2.2095e-03      0.067 
 468   44   38  4    -0.0402    -0.0411    -0.0385  -2.6258e-03      0.067 
 455   32   31  4    -0.0014    +0.0010    -0.0015  +2.5477e-03      0.067 
  36    0   36  6    +1.0792    +1.0825    +1.0776  +4.8761e-03      0.067 
 168    0   54  5    -0.0020    -0.0061    -0.0040  -2.0906e-03      0.067 
 355   13   11  1    -0.6590    -0.6635    -0.6585  -4.9436e-03      0.067 
 229   15   45  1    -0.1866    -0.1877    -0.1844  -3.3312e-03      0.067 
 429   15    3  4    -0.0179    -0.0215    -0.0191  -2.4830e-03      0.066 
 257    6    7  4    +0.1360    +0.1311    +0.1343  -3.1575e-03      0.066 
 222   37   39  1    -0.0081    -0.0054    -0.0077  +2.3731e-03      0.066 
  85    0   28  2    -0.0070    -0.0096    -0.0077  -1.8637e-03      0.066 
 117    0    3  5    -0.1310    -0.1302    -0.1280  -2.1454e-03      0.065 
 335    5    4  1    +0.4907    +0.4932    +0.4888  +4.4481e-03      0.065 
 301   37   38  4    -0.0741    -0.0742    -0.0716  -2.5728e-03      0.065 
  39    0   39  6    +1.0800    +1.0831    +1.0784  +4.7221e-03      0.065 
 137    0   23  5    -0.0030    -0.0024    -0.0004  -2.0133e-03      0.064 
 384   38   22  1    -0.1538    -0.1556    -0.1528  -2.8145e-03      0.063 
 292    7   29  4    -0.1614    -0.1667    -0.1638  -2.9128e-03      0.063 
 296   32   33  4    +0.0030    +0.0003    +0.0025  -2.2398e-03      0.063 
 259    8    9  4    -0.3515    -0.3467    -0.3502  +3.4708e-03      0.063 
 209   26   27  1    -0.2090    -0.2023    -0.2056  +3.2736e-03      0.062 
 291   28   29  4    +0.1082    +0.1133    +0.1107  +2.6397e-03      0.062 
  93    0   36  2    -0.0000    -0.0022    -0.0040  +1.7519e-03      0.061 
 196   12   13  1    -0.0572    -0.0545    -0.0569  +2.4119e-03      0.061 
 482   43   11  4    +0.0299    +0.0262    +0.0286  -2.3346e-03      0.061 
 134    0   20  5    -0.0010    -0.0001    -0.0021  +1.9573e-03      0.061 
 443   22   21  4    -0.0064    -0.0069    -0.0090  +2.1724e-03      0.061 
 418    8    6  4    -0.1529    -0.1507    -0.1538  +3.0824e-03      0.061 
 273    7    8  4    +0.2842    +0.2854    +0.2887  -3.3232e-03      0.061 
 397   49   13  1    -0.0809    -0.0756    -0.0783  +2.7274e-03      0.060 
 410   48   38  1    +0.0093    +0.0069    +0.0091  -2.1882e-03      0.060 
   2    0    2  6    +1.0264    +1.0209    +1.0251  -4.2206e-03      0.059 
 309   15   45  4    -0.0345    -0.0352    -0.0328  -2.3328e-03      0.059 
 312   47   48  4    +0.1451    +0.1486    +0.1459  +2.7017e-03      0.059 
 351   18    4  1    -0.0265    -0.0298    -0.0274  -2.4160e-03      0.059 
 427   16    1  4    -0.2272    -0.2303    -0.2271  -3.1931e-03      0.058 
 387   43   41  1    +0.0361    +0.0352    +0.0376  -2.3737e-03      0.058 
 125    0   11  5    -0.0000    -0.0019    -0.0005  -1.3696e-03      0.057 
  94    0   37  2    +0.0000    +0.0044    +0.0028  +1.6036e-03      0.057 
 359   15   14  1    -0.5378    -0.5396    -0.5356  -3.9733e-03      0.057 
 446   25   24  4    +0.0312    +0.0326    +0.0302  +2.3981e-03      0.057 
 161    0   47  5    -0.0170    -0.0204    -0.0187  -1.7191e-03      0.056 
 126    0   12  5    -0.0353    -0.0357    -0.0344  -1.3729e-03      0.056 
  79    0   22  2    +0.0000    -0.0021    -0.0006  -1.4484e-03      0.055 
 349   15    3  1    -0.2278    -0.2268    -0.2296  +2.7821e-03      0.055 
  56    0   56  6    +1.0720    +1.0667    +1.0706  -3.9324e-03      0.055 
 417    7    6  4    -0.1227    -0.1237    -0.1211  -2.5652e-03      0.055 
 415    5    4  4    -0.2419    -0.2376    -0.2407  +3.0492e-03      0.055 
 405   41   56  1    +0.0218    +0.0225    +0.0202  +2.2906e-03      0.054 
 308   38   44  4    +0.0401    +0.0363    +0.0384  -2.0916e-03      0.054 
  84    0   27  2    -0.0140    -0.0179    -0.0194  +1.5920e-03      0.054 
 288   24   26  4    +0.1350    +0.1289    +0.1313  -2.4161e-03      0.053 
 411   55    9  1    +0.0008    -0.0001    +0.0017  -1.8287e-03      0.053 
  81    0   24  2    +0.0000    +0.0004    +0.0018  -1.3330e-03      0.052 
 166    0   52  5    -0.0030    -0.0071    -0.0055  -1.5673e-03      0.052 
 342   12    9  1    -0.4065    -0.4026    -0.4060  +3.4222e-03      0.052 
 477   49   13  4    -0.1452    -0.1469    -0.1444  -2.5150e-03      0.050 
 297   34   32  4    +0.0027    +0.0041    +0.0022  +1.8970e-03      0.050 
 201   19   20  1    +0.0012    -0.0031    -0.0012  -1.8659e-03      0.049 
 321   54   55  4    -0.0198    -0.0184    -0.0203  +1.9352e-03      0.049 
 293   25   30  4    +0.0089    +0.0058    +0.0076  -1.7953e-03      0.049 
 103    0   46  2    +0.0000    +0.0027    +0.0011  +1.5010e-03      0.049 
 255    4    5  4    +0.2534    +0.2494    +0.2521  -2.7252e-03      0.049 
 450   28   27  4    -0.1112    -0.1070    -0.1091  +2.1414e-03      0.048 
 240   53   54  1    +0.0170    +0.0196    +0.0177  +1.8643e-03      0.048 
 289   26   27  4    +0.1323    +0.1327    +0.1305  +2.2376e-03      0.047 
  18    0   18  6    +1.0592    +1.0587    +1.0553  +3.3762e-03      0.047 
  55    0   55  6    +1.0662    +1.0610    +1.0644  -3.3810e-03      0.047 
 167    0   53  5    -0.0150    -0.0144    -0.0129  -1.5046e-03      0.047 
 330   38   48  4    -0.1498    -0.1447    -0.1469  +2.1741e-03      0.046 
 154    0   40  5    +0.0000    -0.0019    -0.0004  -1.5456e-03      0.046 
 203   21   22  1    -0.0018    -0.0031    -0.0015  -1.6153e-03      0.046 
 298   34   35  4    -0.0027    -0.0068    -0.0052  -1.6265e-03      0.046 
 354   12   10  1    -0.2727    -0.2675    -0.2700  +2.5075e-03      0.045 
  92    0   35  2    -0.0090    -0.0094    -0.0080  -1.4479e-03      0.045 
  46    0   46  6    +1.1052    +1.1067    +1.1034  +3.3101e-03      0.045 
 230   14   46  1    -0.0056    -0.0106    -0.0090  -1.6397e-03      0.045 
  97    0   40  2    -0.0000    -0.0030    -0.0015  -1.5146e-03      0.045 
 144    0   30  5    -0.0030    -0.0008    -0.0022  +1.4156e-03      0.044 
 162    0   48  5    +0.0000    -0.0042    -0.0054  +1.1674e-03      0.044 
 326   56   42  4    +0.0295    +0.0271    +0.0289  -1.7592e-03      0.043 
 283   21   22  4    +0.0064    +0.0106    +0.0090  +1.5493e-03      0.043 
 486   42   56  4    -0.0291    -0.0268    -0.0285  +1.7540e-03      0.043 
 127    0   13  5    -0.0030    -0.0031    -0.0023  -8.5193e-04      0.043 
  45    0   45  6    +1.0633    +1.0585    +1.0615  -3.0562e-03      0.042 
 262    9   12  4    -0.1373    -0.1356    -0.1377  +2.1236e-03      0.042 
 157    0   43  5    -0.0010    -0.0033    -0.0020  -1.2829e-03      0.041 
 215   31   32  1    +0.0157    +0.0159    +0.0175  -1.5982e-03      0.041 
 243   44   45  1    +0.1886    +0.1887    +0.1908  -2.1169e-03      0.041 
 284   22   23  4    +0.0770    +0.0762    +0.0746  +1.6307e-03      0.040 
 136    0   22  5    +0.0000    -0.0046    -0.0035  -1.0855e-03      0.040 
 220   36   37  1    +0.0122    +0.0076    +0.0090  -1.3931e-03      0.039 
 322   11   43  4    -0.0295    -0.0298    -0.0283  -1.4777e-03      0.039 
 192    5    6  1    -0.5097    -0.5099    -0.5125  +2.6135e-03      0.039 
 237   13   49  1    +0.0809    +0.0800    +0.0783  +1.7526e-03      0.038 
  77    0   20  2    -0.0030    +0.0020    +0.0007  +1.2326e-03      0.038 
  98    0   41  2    -0.0090    -0.0132    -0.0121  -1.0375e-03      0.038 
 250   38   48  1    -0.0087    -0.0071    -0.0085  +1.3941e-03      0.038 
 152    0   38  5    -0.0110    -0.0151    -0.0142  -9.1631e-04      0.038 
 451   29   28  4    -0.1044    -0.1052    -0.1068  +1.6248e-03      0.038 
 234   49   50  1    -0.0539    -0.0522    -0.0538  +1.5472e-03      0.038 
 363   22   21  1    +0.0018    +0.0028    +0.0015  +1.3200e-03      0.038 
 488   56   57  4    -0.0192    -0.0211    -0.0197  -1.3942e-03      0.037 
 138    0   24  5    +0.0000    -0.0052    -0.0042  -9.6122e-04      0.036 
 217   34   32  1    -0.0076    -0.0059    -0.0072  +1.3383e-03      0.035 
 438   17   12  4    +0.2412    +0.2383    +0.2402  -1.9187e-03      0.035 
  13    0   13  6    +1.0055    +1.0064    +1.0040  +2.4111e-03      0.034 
 265   13   15  4    -0.2594    -0.2573    -0.2593  +1.9592e-03      0.034 
 469   45   15  4    +0.0378    +0.0347    +0.0361  -1.3511e-03      0.034 
 487   57   39  4    -0.0224    -0.0207    -0.0221  +1.4163e-03      0.033 
 318   29   52  4    -0.0689    -0.0683    -0.0669  -1.3856e-03      0.033 
 474   50   49  4    -0.0884    -0.0887    -0.0872  -1.4359e-03      0.033 
   3    0    3  6    +1.0152    +1.0115    +1.0138  -2.3008e-03      0.033 
 380   37   36  1    -0.0121    -0.0101    -0.0090  -1.1495e-03      0.032 
 381   38   37  1    -0.0198    -0.0181    -0.0192  +1.1509e-03      0.032 
 272    5    6  4    +0.2359    +0.2347    +0.2364  -1.7129e-03      0.032 
 423   13    9  4    +0.2417    +0.2442    +0.2424  +1.8181e-03      0.032 
 364   23   22  1    +0.1563    +0.1542    +0.1556  -1.4577e-03      0.032 
  63    0    6  2    -0.1130    -0.1073    -0.1065  -8.0320e-04      0.032 
 107    0   50  2    -0.0310    -0.0273    -0.0283  +1.0190e-03      0.031 
 247   39   57  1    -0.0081    -0.0070    -0.0083  +1.2785e-03      0.031 
 459   36   35  4    +0.0011    +0.0035    +0.0024  +1.0873e-03      0.031 
 274   10   12  4    -0.1242    -0.1260    -0.1246  -1.4157e-03      0.030 
 458   35   34  4    -0.0010    +0.0025    +0.0015  +1.0469e-03      0.029 
  67    0   10  2    -0.1230    -0.1267    -0.1277  +9.3855e-04      0.029 
 426   15    1  4    -0.5463    -0.5505    -0.5485  -2.0253e-03      0.029 
 190    4   18  1    +0.0207    +0.0262    +0.0274  -1.1840e-03      0.029 
 441   20   19  4    -0.0074    -0.0062    -0.0074  +1.1123e-03      0.029 
 287   24   25  4    -0.0287    -0.0302    -0.0290  -1.2273e-03      0.029 
 305   11   41  4    -0.0183    -0.0167    -0.0179  +1.2144e-03      0.029 
 391   47   46  1    +0.0061    +0.0073    +0.0084  -1.0614e-03      0.029 
 462   39   37  4    -0.0231    -0.0252    -0.0241  -1.0589e-03      0.029 
 114    0   57  2    -0.0100    -0.0112    -0.0103  -9.4352e-04      0.028 
 406   42   56  1    +0.0220    +0.0178    +0.0189  -1.1141e-03      0.028 
  78    0   21  2    -0.0000    -0.0001    -0.0010  +9.0361e-04      0.028 
  88    0   31  2    -0.0090    -0.0066    -0.0075  +8.9382e-04      0.028 
  71    0   14  2    -0.0160    -0.0215    -0.0221  +6.5425e-04      0.028 
 106    0   49  2    -0.0270    -0.0221    -0.0228  +7.4109e-04      0.028 
 158    0   44  5    -0.0030    -0.0016    -0.0025  +8.4583e-04      0.027 
 239   52   53  1    +0.0475    +0.0483    +0.0472  +1.0909e-03      0.027 
   1    0    1  6    +1.0400    +1.0369    +1.0388  -1.9052e-03      0.027 
 463   40   36  4    -0.0497    -0.0487    -0.0497  +1.0099e-03      0.026 
  24    0   24  6    +1.0953    +1.0957    +1.0938  +1.8387e-03      0.025 
  82    0   25  2    -0.0090    -0.0130    -0.0122  -7.4080e-04      0.025 
 269    3   15  4    -0.0353    -0.0349    -0.0339  -9.5523e-04      0.024 
 372   29    7  1    -0.3263    -0.3217    -0.3230  +1.3365e-03      0.024 
  31    0   31  6    +1.1129    +1.1142    +1.1125  +1.7474e-03      0.024 
  87    0   30  2    -0.0050    -0.0017    -0.0009  -7.3329e-04      0.023 
 472   48   47  4    -0.1446    -0.1465    -0.1454  -1.0534e-03      0.023 
 244   40   56  1    -0.0136    -0.0133    -0.0142  +9.4502e-04      0.023 
 294   30   31  4    +0.0058    +0.0061    +0.0052  +8.4932e-04      0.023 
 213   25   30  1    +0.0300    +0.0271    +0.0263  +8.0969e-04      0.021 
 151    0   37  5    -0.0000    +0.0012    +0.0018  -5.6720e-04      0.021 
 373   30   25  1    -0.0299    -0.0254    -0.0262  +7.8080e-04      0.021 
 113    0   56  2    -0.0110    -0.0058    -0.0053  -5.6672e-04      0.020 
 165    0   51  5    -0.0080    -0.0089    -0.0082  -6.4159e-04      0.020 
  99    0   42  2    -0.0110    -0.0151    -0.0144  -6.3499e-04      0.020 
 129    0   15  5    -0.0080    -0.0094    -0.0098  +4.1371e-04      0.020 
 228   38   44  1    +0.2077    +0.2091    +0.2101  -9.8839e-04      0.020 
 346   15    1  1    +1.5344    +1.5273    +1.5253  +2.0634e-03      0.020 
 218   34   35  1    +0.0076    +0.0076    +0.0083  -6.7963e-04      0.019 
  17    0   17  6    +1.0269    +1.0269    +1.0256  +1.3425e-03      0.019 
 131    0   17  5    -0.0120    -0.0145    -0.0140  -5.0121e-04      0.019 
 398   52   29  1    -0.0545    -0.0510    -0.0517  +7.5743e-04      0.019 
  89    0   32  2    -0.0020    -0.0020    -0.0025  +5.4388e-04      0.019 
 396   51   10  1    -0.1141    -0.1140    -0.1132  -7.9583e-04      0.018 
 214   30   31  1    +0.0249    +0.0259    +0.0252  +6.9591e-04      0.018 
 478   52   29  4    +0.0702    +0.0674    +0.0681  -7.4630e-04      0.018 
 460   37   36  4    +0.0510    +0.0500    +0.0493  +6.7752e-04      0.018 
 280   18   19  4    +0.0085    +0.0073    +0.0079  -6.8923e-04      0.018 
 306   41   42  4    -0.0216    -0.0218    -0.0225  +6.9608e-04      0.018 
 382   39   37  1    +0.0081    +0.0071    +0.0077  -6.2624e-04      0.017 
 383   40   36  1    +0.0136    +0.0134    +0.0128  +6.0036e-04      0.016 
 414    4    3  4    -0.4200    -0.4223    -0.4213  -9.9499e-04      0.016 
   6    0    6  6    +1.0105    +1.0102    +1.0091  +1.1173e-03      0.016 
  52    0   52  6    +1.0594    +1.0594    +1.0583  +1.1294e-03      0.016 
 431   18    4  4    +0.0591    +0.0540    +0.0533  +6.8073e-04      0.016 
 449   27   26  4    -0.1181    -0.1174    -0.1166  -7.2519e-04      0.015 
 310   14   46  4    +0.1612    +0.1610    +0.1617  -7.3758e-04      0.015 
 320   53   54  4    -0.0177    -0.0168    -0.0162  -6.0271e-04      0.015 
 160    0   46  5    -0.0000    +0.0016    +0.0020  -4.3241e-04      0.015 
 461   38   37  4    +0.0722    +0.0692    +0.0698  -5.5024e-04      0.014 
 135    0   21  5    +0.0000    +0.0042    +0.0038  +4.5432e-04      0.014 
  41    0   41  6    +1.0658    +1.0629    +1.0638  -9.3942e-04      0.013 
 447   25   24  4    +0.0300    +0.0307    +0.0302  +4.7815e-04      0.011 
 307   41   43  4    +0.0317    +0.0310    +0.0314  -4.4709e-04      0.011 
  21    0   21  6    +1.0876    +1.0854    +1.0862  -7.9403e-04      0.011 
 484   56   40  4    -0.0472    -0.0464    -0.0468  +4.6904e-04      0.011 
 440   19   18  4    -0.0084    -0.0075    -0.0079  +4.0630e-04      0.010 
 375   32   31  1    -0.0156    -0.0170    -0.0174  +3.9113e-04      0.010 
  38    0   38  6    +1.0862    +1.0852    +1.0845  +7.2767e-04      0.010 
  74    0   17  2    -0.0630    -0.0568    -0.0565  -2.5279e-04      0.010 
 198   12   17  1    +0.7008    +0.6945    +0.6952  -7.4986e-04      0.010 
 327   39   57  4    +0.0231    +0.0232    +0.0228  +3.8737e-04      0.009 
  22    0   22  6    +1.0870    +1.0847    +1.0853  -6.6216e-04      0.009 
 360   19   18  1    -0.0062    -0.0044    -0.0047  +3.4537e-04      0.009 
 219   35   36  1    -0.0014    +0.0000    +0.0003  -3.0399e-04      0.009 
  70    0   13  2    -0.0270    -0.0293    -0.0291  -1.7147e-04      0.009 
 399   53   52  1    -0.0470    -0.0471    -0.0467  -3.4175e-04      0.009 
 290   27   28  4    +0.1171    +0.1147    +0.1150  -3.6054e-04      0.008 
 120    0    6  5    -0.0830    -0.0833    -0.0831  -2.0879e-04      0.007 
 122    0    8  5    -0.7377    -0.7421    -0.7417  -4.6928e-04      0.007 
 245   56   41  1    -0.0210    -0.0198    -0.0195  -2.9958e-04      0.007 
 101    0   44  2    -0.0180    -0.0184    -0.0182  -2.1143e-04      0.007 
 436   13   12  4    -0.2117    -0.2127    -0.2130  +3.4643e-04      0.007 
 105    0   48  2    +0.0000    +0.0021    +0.0020  +1.8825e-04      0.007 
 104    0   47  2    -0.0450    -0.0455    -0.0458  +2.2375e-04      0.006 
 232   47   48  1    -0.0511    -0.0544    -0.0541  -2.4481e-04      0.006 
  43    0   43  6    +1.0537    +1.0513    +1.0518  -4.4164e-04      0.006 
 467   43   41  4    -0.0309    -0.0308    -0.0306  -2.3822e-04      0.006 
 121    0    7  5    +0.0000    +0.0039    +0.0038  +1.3877e-04      0.006 
 145    0   31  5    -0.0040    -0.0031    -0.0033  +1.8142e-04      0.006 
 317   13   49  4    +0.1496    +0.1489    +0.1486  +2.8101e-04      0.006 
 210   27   28  1    -0.2323    -0.2337    -0.2340  +2.9106e-04      0.006 
 111    0   54  2    -0.0060    -0.0045    -0.0044  -1.6286e-04      0.005 
 249   38   49  1    -0.0464    -0.0472    -0.0470  -2.1540e-04      0.005 
 200   18   19  1    +0.0062    +0.0046    +0.0048  -1.9099e-04      0.005 
 189    3   15  1    +0.2286    +0.2307    +0.2305  +2.3014e-04      0.005 
 316   10   51  4    -0.0611    -0.0601    -0.0603  +1.8318e-04      0.005 
 489   49   38  4    +0.0419    +0.0422    +0.0424  -1.9013e-04      0.004 
 164    0   50  5    -0.0160    -0.0154    -0.0155  +1.3174e-04      0.004 
  51    0   51  6    +1.0883    +1.0869    +1.0866  +3.0814e-04      0.004 
 385   41   11  1    -0.0280    -0.0285    -0.0283  -1.7335e-04      0.004 
 246   56   42  1    -0.0218    -0.0188    -0.0187  -1.5513e-04      0.004 
 191    4   18  1    +0.0265    +0.0272    +0.0274  -1.5399e-04      0.004 
 456   33   32  4    -0.0030    -0.0024    -0.0025  +1.1783e-04      0.003 
  11    0   11  6    +1.0053    +1.0034    +1.0036  -1.9732e-04      0.003 
 448   26   24  4    -0.1323    -0.1289    -0.1287  -1.1998e-04      0.003 
 428   17    1  4    -0.2532    -0.2541    -0.2542  +1.2749e-04      0.002 
 195   11   13  1    +0.6697    +0.6694    +0.6693  +1.6510e-04      0.002 
  75    0   18  2    -0.0410    -0.0439    -0.0440  +7.2220e-05      0.002 
 205   23   24  1    -0.1653    -0.1666    -0.1667  +9.0885e-05      0.002 
 356   13   12  1    +0.0578    +0.0575    +0.0576  -6.9081e-05      0.002 
 276   12   13  4    +0.1522    +0.1536    +0.1537  -7.5693e-05      0.002 
 392   48   47  1    +0.0515    +0.0544    +0.0545  -4.3676e-05      0.001 
 279   14   15  4    -0.3096    -0.3095    -0.3096  +6.1713e-05      0.001 
 437   16   12  4    +0.2232    +0.2252    +0.2252  -2.5531e-05      0.000 
 361   20   19  1    -0.0012    +0.0012    +0.0012  -1.8538e-05      0.000 
 374   31   30  1    -0.0247    -0.0251    -0.0251  -1.7992e-05      0.000 
 445   24   23  4    -0.0764    -0.0764    -0.0764  -7.1244e-06      0.000 
 179    8    9  1    +2.5231    +2.5134    +2.5134  +1.1387e-05      0.000 
----------------------------------------------------------------------------------
Não foram identificados erros grosseiros.
Não foram identificadas medidas críticas.
Possíveis conjuntos críticos:
Conjunto 1: 361 437
Conjunto 2: 75 195
Conjunto 3: 51 164
Conjunto 4: 316 189
Conjunto 5: 200 249
Conjunto 6: 210 317
Conjunto 7: 105 436
Conjunto 8: 101 245 122
Conjunto 9: 245 122
Conjunto 10: 70 219
Conjunto 11: 198 74
Conjunto 12: 38 375
Conjunto 13: 21 307
Conjunto 14: 135 461
Conjunto 15: 160 320
Conjunto 16: 320 310 449
Conjunto 17: 310 449
Conjunto 18: 431 52
Conjunto 19: 414 383
Conjunto 20: 382 306 280
Conjunto 21: 306 280
Conjunto 22: 280 460
Conjunto 23: 478 214 396
Conjunto 24: 214 396
Conjunto 25: 89 398 131
Conjunto 26: 398 131
Conjunto 27: 131 17 218
Conjunto 28: 17 218
Conjunto 29: 346 228
Conjunto 30: 228 129
Conjunto 31: 129 99
Conjunto 32: 165 113 373
Conjunto 33: 113 373
Conjunto 34: 294 244 472
Conjunto 35: 244 472
Conjunto 36: 31 372
Conjunto 37: 372 269
Conjunto 38: 239 158 106
Conjunto 39: 158 106 71
Conjunto 40: 106 71
Conjunto 41: 88 78 406
Conjunto 42: 78 406
Conjunto 43: 114 462
Conjunto 44: 462 391
Conjunto 45: 391 305 287 441
Conjunto 46: 305 287 441 190 426
Conjunto 47: 287 441 190 426
Conjunto 48: 441 190 426
Conjunto 49: 190 426 67
Conjunto 50: 426 67 458
Conjunto 51: 67 458
Conjunto 52: 459 247 107
Conjunto 53: 247 107
Conjunto 54: 63 364 423
Conjunto 55: 364 423
Conjunto 56: 423 272 381
Conjunto 57: 272 381 380 3 474
Conjunto 58: 381 380 3 474
Conjunto 59: 380 3 474
Conjunto 60: 3 474
Conjunto 61: 318 487
Conjunto 62: 469 265 13
Conjunto 63: 265 13
Conjunto 64: 363 234
Conjunto 65: 234 451 152
Conjunto 66: 451 152 250 98
Conjunto 67: 152 250 98 77
Conjunto 68: 250 98 77 237
Conjunto 69: 98 77 237 192
Conjunto 70: 77 237 192 322
Conjunto 71: 237 192 322
Conjunto 72: 192 322
Conjunto 73: 220 136
Conjunto 74: 136 284
Conjunto 75: 243 215 157
Conjunto 76: 215 157
Conjunto 77: 45 127
Conjunto 78: 486 283 326
Conjunto 79: 283 326
Conjunto 80: 144 97 230 46
Conjunto 81: 97 230 46 92
Conjunto 82: 230 46 92
Conjunto 83: 46 92 354
Conjunto 84: 92 354
Conjunto 85: 354 298
Conjunto 86: 298 203
Conjunto 87: 203 154
Conjunto 88: 154 330 167 55
Conjunto 89: 330 167 55
Conjunto 90: 167 55 18
Conjunto 91: 55 18 289
Conjunto 92: 18 289
Conjunto 93: 450 255 103
Conjunto 94: 255 103
Conjunto 95: 103 293
Conjunto 96: 293 321 201
Conjunto 97: 321 201
Conjunto 98: 201 297
Conjunto 99: 297 477
Conjunto 100: 342 166
Conjunto 101: 81 411
Conjunto 102: 411 288
Conjunto 103: 288 84 308
Conjunto 104: 84 308
Conjunto 105: 405 415 417 56 349 79
Conjunto 106: 415 417 56 349 79
Conjunto 107: 417 56 349 79
Conjunto 108: 56 349 79
Conjunto 109: 349 79
Conjunto 110: 126 161
Conjunto 111: 161 446
Conjunto 112: 446 359
Conjunto 113: 359 94 125
Conjunto 114: 94 125 387 427
Conjunto 115: 125 387 427
Conjunto 116: 387 427
Conjunto 117: 351 312 309 2
Conjunto 118: 312 309 2
Conjunto 119: 309 2
Conjunto 120: 2 410 397
Conjunto 121: 410 397
Conjunto 122: 273 418 443 134
Conjunto 123: 418 443 134 482
Conjunto 124: 443 134 482 196 93
Conjunto 125: 134 482 196 93 291
Conjunto 126: 482 196 93 291
Conjunto 127: 196 93 291
Conjunto 128: 93 291 209
Conjunto 129: 291 209
Conjunto 130: 209 259
Conjunto 131: 259 296 292 384
Conjunto 132: 296 292 384
Conjunto 133: 292 384
Conjunto 134: 39 301 335 117
Conjunto 135: 301 335 117
Conjunto 136: 335 117 85
Conjunto 137: 117 85
Conjunto 138: 85 222 257 429 229
Conjunto 139: 222 257 429 229 355 168
Conjunto 140: 257 429 229 355 168
Conjunto 141: 429 229 355 168
Conjunto 142: 229 355 168 36 455
Conjunto 143: 355 168 36 455 468
Conjunto 144: 168 36 455 468
Conjunto 145: 36 455 468 148
Conjunto 146: 455 468 148
Conjunto 147: 468 148
Conjunto 148: 444 42 299 194
Conjunto 149: 42 299 194
Conjunto 150: 299 194
Conjunto 151: 194 323 207 37
Conjunto 152: 323 207 37 16 177 235 76 231
Conjunto 153: 207 37 16 177 235 76 231
Conjunto 154: 37 16 177 235 76 231
Conjunto 155: 16 177 235 76 231
Conjunto 156: 177 235 76 231
Conjunto 157: 235 76 231
Conjunto 158: 76 231
Conjunto 159: 202 251 83 141 394
Conjunto 160: 251 83 141 394
Conjunto 161: 83 141 394
Conjunto 162: 141 394
Conjunto 163: 285 49 311
Conjunto 164: 49 311 153
Conjunto 165: 311 153
Conjunto 166: 153 313
Conjunto 167: 313 119 433 241 348 118
Conjunto 168: 119 433 241 348 118
Conjunto 169: 433 241 348 118 365
Conjunto 170: 241 348 118 365
Conjunto 171: 348 118 365
Conjunto 172: 118 365
Conjunto 173: 365 390
Conjunto 174: 390 128 329 216 223
Conjunto 175: 128 329 216 223
Conjunto 176: 329 216 223
Conjunto 177: 216 223
Conjunto 178: 223 376
Conjunto 179: 376 263 178
Conjunto 180: 263 178 480 156 10 345
Conjunto 181: 178 480 156 10 345 248
Conjunto 182: 480 156 10 345 248 475
Conjunto 183: 156 10 345 248 475
Conjunto 184: 10 345 248 475 116
Conjunto 185: 345 248 475 116
Conjunto 186: 248 475 116 171
Conjunto 187: 475 116 171
Conjunto 188: 116 171 324
Conjunto 189: 171 324
Conjunto 190: 324 26
Conjunto 191: 26 64 109
Conjunto 192: 64 109 254 159 267
Conjunto 193: 109 254 159 267
Conjunto 194: 254 159 267
Conjunto 195: 159 267 300
Conjunto 196: 267 300
Conjunto 197: 300 434 211 242 404 303
Conjunto 198: 434 211 242 404 303
Conjunto 199: 211 242 404 303
Conjunto 200: 242 404 303
Conjunto 201: 404 303
Conjunto 202: 275 268 302
Conjunto 203: 268 302
Conjunto 204: 302 146
Conjunto 205: 483 325 408 14
Conjunto 206: 325 408 14
Conjunto 207: 408 14
Conjunto 208: 227 476 233 485 169
Conjunto 209: 476 233 485 169
Conjunto 210: 233 485 169
Conjunto 211: 485 169
Conjunto 212: 286 328 130 393 282
Conjunto 213: 328 130 393 282 140
Conjunto 214: 130 393 282 140 403
Conjunto 215: 393 282 140 403 425 473
Conjunto 216: 282 140 403 425 473
Conjunto 217: 140 403 425 473 400
Conjunto 218: 403 425 473 400
Conjunto 219: 425 473 400 100
Conjunto 220: 473 400 100
Conjunto 221: 400 100 479
Conjunto 222: 100 479 435 402
Conjunto 223: 479 435 402
Conjunto 224: 435 402
Conjunto 225: 402 371
Conjunto 226: 371 362
Conjunto 227: 362 208 412
Conjunto 228: 208 412
Conjunto 229: 59 199
Conjunto 230: 199 424
Conjunto 231: 424 139 175
Conjunto 232: 139 175 50 420
Conjunto 233: 175 50 420
Conjunto 234: 50 420 388 80
Conjunto 235: 420 388 80
Conjunto 236: 388 80 379 470
Conjunto 237: 80 379 470
Conjunto 238: 379 470 170 253 315
Conjunto 239: 470 170 253 315 86
Conjunto 240: 170 253 315 86 108 439 464
Conjunto 241: 253 315 86 108 439 464 452
Conjunto 242: 315 86 108 439 464 452
Conjunto 243: 86 108 439 464 452
Conjunto 244: 108 439 464 452
Conjunto 245: 439 464 452
Conjunto 246: 464 452
Conjunto 247: 314 490 466 110
Conjunto 248: 490 466 110
Conjunto 249: 466 110
Conjunto 250: 225 422 34 465
Conjunto 251: 422 34 465
Conjunto 252: 34 465 163
Conjunto 253: 465 163
Conjunto 254: 163 401 369
Conjunto 255: 401 369
Conjunto 256: 150 12
Conjunto 257: 12 102
Conjunto 258: 102 340 5 91 457
Conjunto 259: 340 5 91 457 155
Conjunto 260: 5 91 457 155
Conjunto 261: 91 457 155
Conjunto 262: 457 155 72
Conjunto 263: 155 72 353
Conjunto 264: 72 353 278 236
Conjunto 265: 353 278 236
Conjunto 266: 278 236 212
Conjunto 267: 236 212 370
Conjunto 268: 212 370
Conjunto 269: 304 4
Conjunto 270: 481 181 358 407 389
Conjunto 271: 181 358 407 389
Conjunto 272: 358 407 389 186
Conjunto 273: 407 389 186
Conjunto 274: 389 186
Conjunto 275: 186 133 295 115 260 112
Conjunto 276: 133 295 115 260 112 368 261
Conjunto 277: 295 115 260 112 368 261
Conjunto 278: 115 260 112 368 261
Conjunto 279: 260 112 368 261
Conjunto 280: 112 368 261
Conjunto 281: 368 261
Conjunto 282: 421 123 264
Conjunto 283: 123 264
Conjunto 284: 264 442
Conjunto 285: 442 332 204
Conjunto 286: 332 204
Conjunto 287: 27 454 367 221
Conjunto 288: 454 367 221
Conjunto 289: 367 221 378
Conjunto 290: 221 378
Conjunto 291: 378 395 277 62 124
Conjunto 292: 395 277 62 124 206 30 386
Conjunto 293: 277 62 124 206 30 386 96
Conjunto 294: 62 124 206 30 386 96
Conjunto 295: 124 206 30 386 96
Conjunto 296: 206 30 386 96 8
Conjunto 297: 30 386 96 8
Conjunto 298: 386 96 8
Conjunto 299: 96 8 69
Conjunto 300: 8 69 347
Conjunto 301: 69 347
Conjunto 302: 347 32 19 491
Conjunto 303: 32 19 491
Conjunto 304: 19 491
Conjunto 305: 491 29 68
Conjunto 306: 29 68 281 319 334 226
Conjunto 307: 68 281 319 334 226
Conjunto 308: 281 319 334 226 409
Conjunto 309: 319 334 226 409
Conjunto 310: 334 226 409
Conjunto 311: 226 409
Conjunto 312: 224 366 15
Conjunto 313: 366 15
Conjunto 314: 15 60 142 149 47
Conjunto 315: 60 142 149 47 95
Conjunto 316: 142 149 47 95
Conjunto 317: 149 47 95
Conjunto 318: 47 95 147
Conjunto 319: 95 147 416
Conjunto 320: 147 416
Conjunto 321: 416 188 44 7 143
Conjunto 322: 188 44 7 143
Conjunto 323: 44 7 143
Conjunto 324: 7 143
Conjunto 325: 331 432
Conjunto 326: 352 377
Conjunto 327: 377 28 182
Conjunto 328: 28 182 471
Conjunto 329: 182 471
Conjunto 330: 471 258
Conjunto 331: 258 174 187
Conjunto 332: 174 187 453
Conjunto 333: 187 453
Conjunto 334: 453 58 183
Conjunto 335: 58 183 193
Conjunto 336: 183 193
Conjunto 337: 48 337 172
Conjunto 338: 337 172 90
Conjunto 339: 172 90
Conjunto 340: 343 54
Conjunto 341: 266 344
Conjunto 342: 357 413 256
Conjunto 343: 413 256
Conjunto 344: 23 341
Conjunto 345: 238 180
Conjunto 346: 9 271 20 33
Conjunto 347: 271 20 33
Conjunto 348: 20 33
Conjunto 349: 184 338 176
Conjunto 350: 338 176
Conjunto 351: 25 185
Conjunto 352: 185 197
Conjunto 353: 197 336
Conjunto 354: 336 57
Conjunto 355: 66 65
