================================================================================= 
=== UFF - Doutorado em Computação - Aplicaçoes em Sistemas de Potencia        === 
=== ESTIMADOR DE ESTADO MÍNIMOS QUADRADOS PONDERADOS INCLUINDO MEDIDAS DE PMU === 
=== Desenvolvido por: Rui Menezes de Moraes - 2009                            === 
================================================================================= 
Arquivo de medidores:          F:\Documents\Uff\Artigos\SimSEP\VERSAO WELDAN V2\Codigos\Med\ieee57_16_1600.med
Arquivo do sistema:            F:\Documents\Uff\Artigos\SimSEP\VERSAO WELDAN V2\Codigos\Carga\ieee57_16_1600.txt
Tolerância entre iteraçoes:     1.00e-04
Limite de iteraçoes:           100

--- DADOS DA REDE --------------------------------------------------------------- 
Data do caso:                  08/25/93
Origem:                        UW ARCHIVE          
MVA base:                      100
Ano:                           1961
Estação:                       W
Identificação:                 IEEE 57 Bus Test Case
Número de barras:              57 
Número de ramos:               80 
Referência na barra:           1

--- TELEMEDIDAS ------------------------------------------------------------------
    Tipo 1 = Fluxo de potencia ativa        Tipo  6 = Módulo da tensão            
    Tipo 2 = Injeção de potencia ativa      Tipo  7 = Corrente de ramo (real)     
    Tipo 3 = Ângulo de fase da tensão       Tipo  8 = Corrente de ramo (imag)     
    Tipo 4 = Fluxo de potencia reativa      Tipo  9 = Injeção de corrente (real)  
    Tipo 5 = Injeção de potencia reativa    Tipo 10 = Injeção de corrente (imag)  
----------------------------------------------------------------------------------
   N    D    P TP  PN ST   Exa   FS       DP      V_Ref      V_Med          E(%) 
----------------------------------------------------------------------------------
   1    0    1  6   0  0 0.015 01.1  0.00520   +1.04000   +1.05090     +1.048077 
   2    0    2  6   0  0 0.015 01.1  0.00505   +1.01000   +1.01208     +0.205941 
   3    0    3  6   0  0 0.015 01.1  0.00491   +0.98165   +0.98049     -0.118168 
   4    0    4  6   0  0 0.015 01.1  0.00487   +0.97484   +0.96220     -1.296623 
   5    0    5  6   0  0 0.015 01.1  0.00486   +0.97166   +0.96826     -0.349917 
   6    0    6  6   0  0 0.015 01.1  0.00489   +0.97828   +0.98533     +0.720653 
   7    0    7  6   0  0 0.015 01.1  0.00488   +0.97657   +0.97722     +0.066559 
   8    0    8  6   0  0 0.015 01.1  0.00502   +1.00500   +1.00490     -0.009950 
   9    0    9  6   0  0 0.015 01.1  0.00483   +0.96538   +0.97495     +0.991319 
  10    0   10  6   0  0 0.015 01.1  0.00476   +0.95163   +0.93784     -1.449093 
  11    0   11  6   0  0 0.015 01.1  0.00474   +0.94779   +0.94108     -0.707963 
  12    0   12  6   0  0 0.015 01.1  0.00491   +0.98205   +0.97150     -1.074283 
  13    0   13  6   0  0 0.015 01.1  0.00475   +0.94908   +0.93579     -1.400303 
  14    0   14  6   0  0 0.015 01.1  0.00470   +0.93982   +0.93388     -0.632036 
  15    0   15  6   0  0 0.015 01.1  0.00483   +0.96707   +0.97850     +1.181921 
  16    0   16  6   0  0 0.015 01.1  0.00489   +0.97875   +0.96886     -1.010473 
  17    0   17  6   0  0 0.015 01.1  0.00496   +0.99174   +1.00629     +1.467118 
  18    0   18  6   0  0 0.015 01.1  0.00491   +0.98199   +0.97112     -1.106936 
  19    0   19  6   0  0 0.015 01.1  0.00467   +0.93412   +0.93320     -0.098488 
  20    0   20  6   0  0 0.015 01.1  0.00461   +0.92122   +0.91763     -0.389701 
  21    0   21  6   0  0 0.015 01.1  0.00480   +0.95957   +0.96411     +0.473129 
  22    0   22  6   0  0 0.015 01.1  0.00480   +0.96011   +0.97087     +1.120705 
  23    0   23  6   0  0 0.015 01.1  0.00479   +0.95816   +0.95226     -0.615764 
  24    0   24  6   0  0 0.015 01.1  0.00473   +0.94572   +0.93927     -0.682020 
  25    0   25  6   0  0 0.015 01.1  0.00452   +0.90325   +0.89189     -1.257681 
  26    0   26  6   0  0 0.015 01.1  0.00455   +0.91085   +0.90228     -0.940879 
  27    0   27  6   0  0 0.015 01.1  0.00475   +0.95067   +0.95809     +0.780502 
  28    0   28  6   0  0 0.015 01.1  0.00487   +0.97404   +0.98601     +1.228902 
  29    0   29  6   0  0 0.015 01.1  0.00497   +0.99366   +0.99797     +0.433750 
  30    0   30  6   0  0 0.015 01.1  0.00438   +0.87584   +0.87630     +0.052521 
  31    0   31  6   0  0 0.015 01.1  0.00420   +0.83954   +0.84462     +0.605093 
  32    0   32  6   0  0 0.015 01.1  0.00431   +0.86222   +0.85045     -1.365081 
  33    0   33  6   0  0 0.015 01.1  0.00430   +0.85902   +0.86908     +1.171102 
  34    0   34  6   0  0 0.015 01.1  0.00445   +0.89035   +0.89496     +0.517774 
  35    0   35  6   0  0 0.015 01.1  0.00450   +0.90078   +0.89172     -1.005795 
  36    0   36  6   0  0 0.015 01.1  0.00457   +0.91456   +0.91463     +0.007654 
  37    0   37  6   0  0 0.015 01.1  0.00463   +0.92681   +0.92769     +0.094949 
  38    0   38  6   0  0 0.015 01.1  0.00482   +0.96406   +0.96765     +0.372383 
  39    0   39  6   0  0 0.015 01.1  0.00462   +0.92422   +0.93710     +1.393608 
  40    0   40  6   0  0 0.015 01.1  0.00456   +0.91119   +0.91308     +0.207421 
  41    0   41  6   0  0 0.015 01.1  0.00476   +0.95206   +0.95428     +0.233179 
  42    0   42  6   0  0 0.015 01.1  0.00454   +0.90834   +0.92026     +1.312284 
  43    0   43  6   0  0 0.015 01.1  0.00488   +0.97695   +0.96410     -1.315318 
  44    0   44  6   0  0 0.015 01.1  0.00487   +0.97327   +0.97792     +0.477771 
  45    0   45  6   0  0 0.015 01.1  0.00504   +1.00864   +0.99652     -1.201618 
  46    0   46  6   0  0 0.015 01.1  0.00511   +1.02189   +1.02522     +0.325867 
  47    0   47  6   0  0 0.015 01.1  0.00494   +0.98844   +0.99746     +0.912549 
  48    0   48  6   0  0 0.015 01.1  0.00491   +0.98110   +0.96734     -1.402507 
  49    0   49  6   0  0 0.015 01.1  0.00495   +0.99014   +0.99080     +0.066657 
  50    0   50  6   0  0 0.015 01.1  0.00486   +0.97261   +0.96671     -0.606615 
  51    0   51  6   0  0 0.015 01.1  0.00505   +1.01080   +1.01567     +0.481797 
  52    0   52  6   0  0 0.015 01.1  0.00475   +0.94983   +0.95261     +0.292684 
  53    0   53  6   0  0 0.015 01.1  0.00468   +0.93493   +0.92263     -1.315607 
  54    0   54  6   0  0 0.015 01.1  0.00484   +0.96780   +0.97915     +1.172763 
  55    0   55  6   0  0 0.015 01.1  0.00506   +1.01274   +1.02651     +1.359678 
  56    0   56  6   0  0 0.015 01.1  0.00454   +0.90728   +0.89859     -0.957808 
  57    0   57  6   0  0 0.015 01.1  0.00450   +0.90080   +0.88928     -1.278863 
  58    0    1  2   0  0 0.020 01.0  0.05090   +7.37521   +7.52426     +2.020959 
  59    0    2  2   0  0 0.020 01.0  0.00199   -0.03800   -0.03886     +2.263158 
  60    0    3  2   0  0 0.020 01.0  0.00254   -0.12100   -0.11705     -3.264463 
  61    0    4  2   0  0 0.020 01.0  0.00173   +0.00000   +0.00440     +0.000000 
  62    0    5  2   0  0 0.020 01.0  0.00283   -0.16500   -0.15867     -3.836364 
  63    0    6  2   0  0 0.020 01.0  0.00809   -0.95300   -0.93052     -2.358867 
  64    0    7  2   0  0 0.020 01.0  0.00173   +0.00000   -0.00211     +0.000000 
  65    0    8  2   0  0 0.020 01.0  0.01903   +2.59500   +2.61899     +0.924470 
  66    0    9  2   0  0 0.020 01.0  0.00835   -0.99200   -0.97191     -2.025202 
  67    0   10  2   0  0 0.020 01.0  0.00257   -0.12500   -0.11924     -4.608000 
  68    0   11  2   0  0 0.020 01.0  0.00173   +0.00000   +0.00342     +0.000000 
  69    0   12  2   0  0 0.020 01.0  0.01299   -1.68800   -1.72422     +2.145735 
  70    0   13  2   0  0 0.020 01.0  0.00326   -0.22900   -0.22106     -3.467249 
  71    0   14  2   0  0 0.020 01.0  0.00262   -0.13300   -0.13099     -1.511278 
  72    0   15  2   0  0 0.020 01.0  0.00359   -0.27900   -0.27743     -0.562724 
  73    0   16  2   0  0 0.020 01.0  0.00537   -0.54600   -0.53832     -1.406593 
  74    0   17  2   0  0 0.020 01.0  0.00529   -0.53300   -0.53274     -0.048780 
  75    0   18  2   0  0 0.020 01.0  0.00403   -0.34500   -0.33617     -2.559420 
  76    0   19  2   0  0 0.020 01.0  0.00201   -0.04200   -0.04635    +10.357143 
  77    0   20  2   0  0 0.020 01.0  0.00193   -0.02900   -0.02718     -6.275862 
  78    0   21  2   0  0 0.020 01.0  0.00173   -0.00000   +0.00097     +0.000000 
  79    0   22  2   0  0 0.020 01.0  0.00173   -0.00000   +0.00014     +0.000000 
  80    0   23  2   0  0 0.020 01.0  0.00227   -0.08000   -0.08347     +4.337500 
  81    0   24  2   0  0 0.020 01.0  0.00173   -0.00000   +0.00492     +0.000000 
  82    0   25  2   0  0 0.020 01.0  0.00227   -0.08000   -0.07434     -7.075000 
  83    0   26  2   0  0 0.020 01.0  0.00173   -0.00000   +0.00158     +0.000000 
  84    0   27  2   0  0 0.020 01.0  0.00252   -0.11800   -0.12389     +4.991525 
  85    0   28  2   0  0 0.020 01.0  0.00212   -0.05800   -0.05781     -0.327586 
  86    0   29  2   0  0 0.020 01.0  0.00317   -0.21600   -0.21636     +0.166667 
  87    0   30  2   0  0 0.020 01.0  0.00204   -0.04600   -0.05129    +11.500000 
  88    0   31  2   0  0 0.020 01.0  0.00223   -0.07400   -0.07549     +2.013514 
  89    0   32  2   0  0 0.020 01.0  0.00187   -0.02000   -0.01658    -17.100000 
  90    0   33  2   0  0 0.020 01.0  0.00205   -0.04800   -0.04447     -7.354167 
  91    0   34  2   0  0 0.020 01.0  0.00173   -0.00000   -0.00395     +0.000000 
  92    0   35  2   0  0 0.020 01.0  0.00224   -0.07600   -0.07718     +1.552632 
  93    0   36  2   0  0 0.020 01.0  0.00173   -0.00000   +0.00310     +0.000000 
  94    0   37  2   0  0 0.020 01.0  0.00173   +0.00000   -0.00257     +0.000000 
  95    0   38  2   0  0 0.020 01.0  0.00292   -0.17800   -0.17647     -0.859551 
  96    0   39  2   0  0 0.020 01.0  0.00173   -0.00000   -0.00482     +0.000000 
  97    0   40  2   0  0 0.020 01.0  0.00173   -0.00000   +0.00189     +0.000000 
  98    0   41  2   0  0 0.020 01.0  0.00227   -0.08000   -0.07556     -5.550000 
  99    0   42  2   0  0 0.020 01.0  0.00233   -0.09000   -0.08720     -3.111111 
 100    0   43  2   0  0 0.020 01.0  0.00190   -0.02500   -0.02669     +6.760000 
 101    0   44  2   0  0 0.020 01.0  0.00275   -0.15200   -0.15218     +0.118421 
 102    0   45  2   0  0 0.020 01.0  0.00173   +0.00000   -0.00225     +0.000000 
 103    0   46  2   0  0 0.020 01.0  0.00173   +0.00000   -0.00243     +0.000000 
 104    0   47  2   0  0 0.020 01.0  0.00425   -0.37700   -0.37025     -1.790451 
 105    0   48  2   0  0 0.020 01.0  0.00173   -0.00000   +0.00088     +0.000000 
 106    0   49  2   0  0 0.020 01.0  0.00326   -0.22900   -0.22825     -0.327511 
 107    0   50  2   0  0 0.020 01.0  0.00351   -0.26700   -0.25666     -3.872659 
 108    0   51  2   0  0 0.020 01.0  0.00326   -0.22900   -0.22374     -2.296943 
 109    0   52  2   0  0 0.020 01.0  0.00215   -0.06200   -0.06089     -1.790323 
 110    0   53  2   0  0 0.020 01.0  0.00343   -0.25400   -0.24802     -2.354331 
 111    0   54  2   0  0 0.020 01.0  0.00208   -0.05200   -0.05139     -1.173077 
 112    0   55  2   0  0 0.020 01.0  0.00231   -0.08600   -0.09186     +6.813953 
 113    0   56  2   0  0 0.020 01.0  0.00238   -0.09700   -0.09737     +0.381443 
 114    0   57  2   0  0 0.020 01.0  0.00230   -0.08500   -0.08017     -5.682353 
 115    0    1  5   0  0 0.020 01.0  0.01152   +1.46844   +1.46174     -0.456267 
 116    0    2  5   0  0 0.020 01.0  0.00676   -0.75379   -0.76447     +1.416840 
 117    0    3  5   0  0 0.020 01.0  0.00395   +0.33300   +0.33398     +0.294294 
 118    0    4  5   0  0 0.020 01.0  0.00173   +0.00000   -0.00136     +0.000000 
 119    0    5  5   0  0 0.020 01.0  0.00207   -0.05100   -0.04778     -6.313725 
 120    0    6  5   0  0 0.020 01.0  0.00323   +0.22500   +0.23022     +2.320000 
 121    0    7  5   0  0 0.020 01.0  0.00173   -0.00000   -0.00160     +0.000000 
 122    0    8  5   0  0 0.020 01.0  0.00742   +0.85259   +0.87339     +2.439625 
 123    0    9  5   0  0 0.020 01.0  0.00255   -0.12300   -0.12521     +1.796748 
 124    0   10  5   0  0 0.020 01.0  0.00207   -0.05000   -0.05380     +7.600000 
 125    0   11  5   0  0 0.020 01.0  0.00173   -0.00000   -0.00425     +0.000000 
 126    0   12  5   0  0 0.020 01.0  0.01003   +1.24500   +1.23376     -0.902811 
 127    0   13  5   0  0 0.020 01.0  0.00193   -0.02900   -0.02370    -18.275862 
 128    0   14  5   0  0 0.020 01.0  0.00218   -0.06700   -0.06519     -2.701493 
 129    0   15  5   0  0 0.020 01.0  0.00215   -0.06300   -0.06677     +5.984127 
 130    0   16  5   0  0 0.020 01.0  0.00199   -0.03800   -0.03999     +5.236842 
 131    0   17  5   0  0 0.020 01.0  0.00241   -0.10200   -0.10427     +2.225490 
 132    0   18  5   0  0 0.020 01.0  0.00256   -0.12400   -0.11794     -4.887097 
 133    0   19  5   0  0 0.020 01.0  0.00179   -0.00800   -0.00796     -0.500000 
 134    0   20  5   0  0 0.020 01.0  0.00182   -0.01300   -0.01232     -5.230769 
 135    0   21  5   0  0 0.020 01.0  0.00173   -0.00000   +0.00301     +0.000000 
 136    0   22  5   0  0 0.020 01.0  0.00173   +0.00000   -0.00155     +0.000000 
 137    0   23  5   0  0 0.020 01.0  0.00191   -0.02700   -0.03021    +11.888889 
 138    0   24  5   0  0 0.020 01.0  0.00173   -0.00000   +0.00336     +0.000000 
 139    0   25  5   0  0 0.020 01.0  0.00201   -0.04100   -0.04610    +12.439024 
 140    0   26  5   0  0 0.020 01.0  0.00173   +0.00000   -0.00435     +0.000000 
 141    0   27  5   0  0 0.020 01.0  0.00177   -0.00600   -0.00802    +33.666667 
 142    0   28  5   0  0 0.020 01.0  0.00193   -0.02900   -0.02489    -14.172414 
 143    0   29  5   0  0 0.020 01.0  0.00195   -0.03300   -0.03330     +0.909091 
 144    0   30  5   0  0 0.020 01.0  0.00189   -0.02300   -0.02499     +8.652174 
 145    0   31  5   0  0 0.020 01.0  0.00198   -0.03700   -0.03747     +1.270270 
 146    0   32  5   0  0 0.020 01.0  0.00180   -0.01000   -0.00812    -18.800000 
 147    0   33  5   0  0 0.020 01.0  0.00189   -0.02400   -0.02316     -3.500000 
 148    0   34  5   0  0 0.020 01.0  0.00173   +0.00000   +0.00357     +0.000000 
 149    0   35  5   0  0 0.020 01.0  0.00199   -0.03800   -0.04306    +13.315789 
 150    0   36  5   0  0 0.020 01.0  0.00173   +0.00000   -0.00250     +0.000000 
 151    0   37  5   0  0 0.020 01.0  0.00173   +0.00000   +0.00195     +0.000000 
 152    0   38  5   0  0 0.020 01.0  0.00233   -0.08900   -0.08994     +1.056180 
 153    0   39  5   0  0 0.020 01.0  0.00173   -0.00000   -0.00183     +0.000000 
 154    0   40  5   0  0 0.020 01.0  0.00173   -0.00000   -0.00472     +0.000000 
 155    0   41  5   0  0 0.020 01.0  0.00199   -0.03800   -0.04026     +5.947368 
 156    0   42  5   0  0 0.020 01.0  0.00211   -0.05600   -0.05693     +1.660714 
 157    0   43  5   0  0 0.020 01.0  0.00182   -0.01300   -0.01174     -9.692308 
 158    0   44  5   0  0 0.020 01.0  0.00189   -0.02300   -0.02591    +12.652174 
 159    0   45  5   0  0 0.020 01.0  0.00173   +0.00000   +0.00359     +0.000000 
 160    0   46  5   0  0 0.020 01.0  0.00173   +0.00000   +0.00398     +0.000000 
 161    0   47  5   0  0 0.020 01.0  0.00271   -0.14700   -0.14003     -4.741497 
 162    0   48  5   0  0 0.020 01.0  0.00173   -0.00000   +0.00065     +0.000000 
 163    0   49  5   0  0 0.020 01.0  0.00245   -0.10800   -0.11090     +2.685185 
 164    0   50  5   0  0 0.020 01.0  0.00262   -0.13300   -0.12875     -3.195489 
 165    0   51  5   0  0 0.020 01.0  0.00218   -0.06700   -0.06691     -0.134328 
 166    0   52  5   0  0 0.020 01.0  0.00192   -0.02800   -0.02670     -4.642857 
 167    0   53  5   0  0 0.020 01.0  0.00258   -0.12700   -0.12411     -2.275591 
 168    0   54  5   0  0 0.020 01.0  0.00185   -0.01800   -0.02263    +25.722222 
 169    0   55  5   0  0 0.020 01.0  0.00202   -0.04300   -0.04041     -6.023256 
 170    0   56  5   0  0 0.020 01.0  0.00192   -0.02800   -0.03032     +8.285714 
 171    0   57  5   0  0 0.020 01.0  0.00190   -0.02500   -0.02804    +12.160000 
 172    1    2  1   0  0 0.020 01.0  0.01415   +1.86295   +1.84745     -0.832014 
 173    2    3  1   0  0 0.020 01.0  0.01370   +1.79556   +1.77763     -0.998574 
 174    3    4  1   0  0 0.020 01.0  0.00949   +1.16429   +1.15008     -1.220486 
 175    4    5  1   0  0 0.020 01.0  0.00392   +0.32777   +0.31892     -2.700064 
 176    4    6  1   0  0 0.020 01.0  0.00447   +0.41128   +0.41579     +1.096577 
 177    6    7  1   0  0 0.020 01.0  0.00207   -0.05044   -0.05319     +5.452022 
 178    6    8  1   0  0 0.020 01.0  0.00404   -0.34663   -0.35276     +1.768456 
 179    8    9  1   0  0 0.020 01.0  0.01152   +1.46733   +1.47209     +0.324399 
 180    9   10  1   0  0 0.020 01.0  0.00315   +0.21200   +0.20353     -3.995283 
 181    9   11  1   0  0 0.020 01.0  0.00209   +0.05356   +0.05761     +7.561613 
 182    9   12  1   0  0 0.020 01.0  0.00182   +0.01303   +0.00797    -38.833461 
 183    9   13  1   0  0 0.020 01.0  0.00228   -0.08237   -0.08556     +3.872769 
 184   13   14  1   0  0 0.020 01.0  0.00403   -0.34405   -0.34883     +1.389333 
 185   13   15  1   0  0 0.020 01.0  0.00759   -0.87862   -0.87122     -0.842230 
 186    1   15  1   0  0 0.020 01.0  0.01894   +2.58018   +2.59447     +0.553837 
 187    1   16  1   0  0 0.020 01.0  0.01090   +1.37561   +1.38950     +1.009734 
 188    1   17  1   0  0 0.020 01.0  0.01211   +1.55647   +1.54018     -1.046599 
 189    3   15  1   0  0 0.020 01.0  0.00450   +0.41547   +0.42887     +3.225263 
 190    4   18  1   0  0 0.020 01.0  0.00293   +0.17948   +0.17597     -1.955650 
 191    4   18  1   0  0 0.020 01.0  0.00327   +0.22976   +0.22978     +0.008705 
 192    5    6  1   0  0 0.020 01.0  0.00277   +0.15473   +0.14863     -3.942351 
 193    7    8  1   0  0 0.020 01.0  0.00685   -0.76729   -0.75095     -2.129573 
 194   10   12  1   0  0 0.020 01.0  0.00343   -0.25453   -0.25992     +2.117629 
 195   11   13  1   0  0 0.020 01.0  0.00330   -0.23549   -0.24407     +3.643467 
 196   12   13  1   0  0 0.020 01.0  0.00349   -0.26429   -0.26711     +1.067010 
 197   12   16  1   0  0 0.020 01.0  0.00665   -0.73754   -0.71803     -2.645280 
 198   12   17  1   0  0 0.020 01.0  0.00794   -0.93079   -0.94450     +1.472942 
 199   14   15  1   0  0 0.020 01.0  0.00914   -1.11115   -1.12281     +1.049363 
 200   18   19  1   0  0 0.020 01.0  0.00216   +0.06424   +0.06430     +0.093400 
 201   19   20  1   0  0 0.020 01.0  0.00187   +0.01994   +0.02140     +7.321966 
 202   21   20  1   0  0 0.020 01.0  0.00179   +0.00926   +0.00811    -12.419006 
 203   21   22  1   0  0 0.020 01.0  0.00179   -0.00926   -0.00732    -20.950324 
 204   22   23  1   0  0 0.020 01.0  0.00279   +0.15887   +0.15267     -3.902562 
 205   23   24  1   0  0 0.020 01.0  0.00226   +0.07859   +0.07277     -7.405522 
 206   24   25  1   0  0 0.020 01.0  0.00232   +0.08879   +0.08245     -7.140444 
 207   24   25  1   0  0 0.020 01.0  0.00230   +0.08533   +0.08607     +0.867221 
 208   24   26  1   0  0 0.020 01.0  0.00238   -0.09664   -0.09107     -5.763659 
 209   26   27  1   0  0 0.020 01.0  0.00238   -0.09664   -0.09542     -1.262417 
 210   27   28  1   0  0 0.020 01.0  0.00318   -0.21777   -0.21716     -0.280112 
 211   28   29  1   0  0 0.020 01.0  0.00360   -0.27957   -0.27646     -1.112423 
 212    7   29  1   0  0 0.020 01.0  0.00651   +0.71679   +0.71317     -0.505029 
 213   25   30  1   0  0 0.020 01.0  0.00236   +0.09412   +0.09074     -3.591160 
 214   30   31  1   0  0 0.020 01.0  0.00204   +0.04605   +0.04739     +2.909881 
 215   31   32  1   0  0 0.020 01.0  0.00193   -0.02934   -0.02780     -5.248807 
 216   32   33  1   0  0 0.020 01.0  0.00205   +0.04815   +0.05135     +6.645898 
 217   34   32  1   0  0 0.020 01.0  0.00239   +0.09813   +0.09432     -3.882605 
 218   34   35  1   0  0 0.020 01.0  0.00239   -0.09813   -0.10116     +3.087741 
 219   35   36  1   0  0 0.020 01.0  0.00290   -0.17495   -0.18325     +4.744213 
 220   36   37  1   0  0 0.020 01.0  0.00322   -0.22300   -0.22703     +1.807175 
 221   37   38  1   0  0 0.020 01.0  0.00357   -0.27553   -0.27865     +1.132363 
 222   37   39  1   0  0 0.020 01.0  0.00207   +0.05022   +0.05208     +3.703704 
 223   36   40  1   0  0 0.020 01.0  0.00204   +0.04600   +0.04732     +2.869565 
 224   22   38  1   0  0 0.020 01.0  0.00285   -0.16814   -0.16375     -2.610919 
 225   11   41  1   0  0 0.020 01.0  0.00251   +0.11624   +0.12202     +4.972471 
 226   41   42  1   0  0 0.020 01.0  0.00247   +0.11098   +0.11685     +5.289241 
 227   41   43  1   0  0 0.020 01.0  0.00271   -0.14680   -0.15367     +4.679837 
 228   38   44  1   0  0 0.020 01.0  0.00430   -0.38454   -0.38388     -0.171634 
 229   15   45  1   0  0 0.020 01.0  0.00547   +0.56051   +0.54558     -2.663646 
 230   14   46  1   0  0 0.020 01.0  0.00594   +0.63095   +0.64152     +1.675252 
 231   46   47  1   0  0 0.020 01.0  0.00594   +0.63095   +0.62435     -1.046042 
 232   47   48  1   0  0 0.020 01.0  0.00335   +0.24321   +0.23789     -2.187410 
 233   48   49  1   0  0 0.020 01.0  0.00193   +0.02967   +0.02698     -9.066397 
 234   49   50  1   0  0 0.020 01.0  0.00281   +0.16173   +0.15570     -3.728436 
 235   50   51  1   0  0 0.020 01.0  0.00245   -0.10751   -0.11201     +4.185657 
 236   10   51  1   0  0 0.020 01.0  0.00400   +0.33969   +0.34769     +2.355088 
 237   13   49  1   0  0 0.020 01.0  0.00440   +0.39989   +0.40636     +1.617945 
 238   29   52  1   0  0 0.020 01.0  0.00318   +0.21708   +0.22174     +2.146674 
 239   52   53  1   0  0 0.020 01.0  0.00272   +0.14752   +0.14371     -2.582701 
 240   53   54  1   0  0 0.020 01.0  0.00246   -0.10840   -0.11409     +5.249077 
 241   54   55  1   0  0 0.020 01.0  0.00282   -0.16334   -0.17097     +4.671238 
 242   11   43  1   0  0 0.020 01.0  0.00288   +0.17180   +0.16793     -2.252619 
 243   44   45  1   0  0 0.020 01.0  0.00534   -0.54120   -0.53616     -0.931264 
 244   40   56  1   0  0 0.020 01.0  0.00204   +0.04587   +0.04743     +3.400916 
 245   56   41  1   0  0 0.020 01.0  0.00219   -0.06886   -0.06789     -1.408655 
 246   56   42  1   0  0 0.020 01.0  0.00185   -0.01740   -0.02073    +19.137931 
 247   39   57  1   0  0 0.020 01.0  0.00207   +0.05012   +0.04900     -2.234637 
 248   57   56  1   0  0 0.020 01.0  0.00197   -0.03488   -0.03742     +7.282110 
 249   38   49  1   0  0 0.020 01.0  0.00198   -0.03619   -0.03223    -10.942249 
 250   38   48  1   0  0 0.020 01.0  0.00313   -0.20928   -0.20445     -2.307913 
 251    9   55  1   0  0 0.020 01.0  0.00343   +0.25507   +0.26261     +2.956051 
 252    1    2  4   0  0 0.020 01.0  0.00527   +0.53016   +0.52753     -0.496077 
 253    2    3  4   0  0 0.020 01.0  0.00298   -0.18724   -0.18290     -2.317881 
 254    3    4  4   0  0 0.020 01.0  0.00283   -0.16412   -0.17142     +4.447965 
 255    4    5  4   0  0 0.020 01.0  0.00262   -0.13363   -0.12641     -5.402978 
 256    4    6  4   0  0 0.020 01.0  0.00269   -0.14307   -0.14005     -2.110855 
 257    6    7  4   0  0 0.020 01.0  0.00182   +0.01325   +0.01062    -19.849057 
 258    6    8  4   0  0 0.020 01.0  0.00237   -0.09595   -0.09259     -3.501824 
 259    8    9  4   0  0 0.020 01.0  0.00521   +0.52124   +0.52057     -0.128540 
 260    9   10  4   0  0 0.020 01.0  0.00184   +0.01577   +0.01987    +25.998732 
 261    9   11  4   0  0 0.020 01.0  0.00289   +0.17387   +0.17079     -1.771438 
 262    9   12  4   0  0 0.020 01.0  0.00235   -0.09329   -0.09242     -0.932576 
 263    9   13  4   0  0 0.020 01.0  0.00245   +0.10701   +0.10328     -3.485656 
 264   13   14  4   0  0 0.020 01.0  0.00378   +0.30694   +0.29866     -2.697596 
 265   13   15  4   0  0 0.020 01.0  0.00243   +0.10481   +0.10098     -3.654231 
 266    1   15  4   0  0 0.020 01.0  0.00542   +0.55295   +0.54852     -0.801157 
 267    1   16  4   0  0 0.020 01.0  0.00280   +0.15997   +0.16313     +1.975370 
 268    1   17  4   0  0 0.020 01.0  0.00324   +0.22536   +0.21641     -3.971424 
 269    3   15  4   0  0 0.020 01.0  0.00254   +0.12061   +0.12348     +2.379571 
 270    4   18  4   0  0 0.020 01.0  0.00207   +0.05074   +0.04777     -5.853370 
 271    4   18  4   0  0 0.020 01.0  0.00204   +0.04590   +0.05026     +9.498911 
 272    5    6  4   0  0 0.020 01.0  0.00291   -0.17716   -0.17635     -0.457214 
 273    7    8  4   0  0 0.020 01.0  0.00327   -0.23038   -0.23115     +0.334230 
 274   10   12  4   0  0 0.020 01.0  0.00297   -0.18519   -0.19138     +3.342513 
 275   11   13  4   0  0 0.020 01.0  0.00206   +0.04912   +0.04610     -6.148208 
 276   12   13  4   0  0 0.020 01.0  0.00585   +0.61689   +0.61309     -0.615993 
 277   12   16  4   0  0 0.020 01.0  0.00319   +0.21913   +0.22803     +4.061516 
 278   12   17  4   0  0 0.020 01.0  0.00320   +0.22021   +0.22058     +0.168021 
 279   14   15  4   0  0 0.020 01.0  0.00235   -0.09195   -0.09729     +5.807504 
 280   18   19  4   0  0 0.020 01.0  0.00191   +0.02620   +0.03095    +18.129771 
 281   19   20  4   0  0 0.020 01.0  0.00183   +0.01478   +0.01430     -3.247632 
 282   21   20  4   0  0 0.020 01.0  0.00174   -0.00139   +0.00284   -304.316547 
 283   21   22  4   0  0 0.020 01.0  0.00174   +0.00139   -0.00078   -156.115108 
 284   22   23  4   0  0 0.020 01.0  0.00187   +0.02010   +0.02326    +15.721393 
 285   23   24  4   0  0 0.020 01.0  0.00178   -0.00733   -0.01208    +64.802183 
 286   24   25  4   0  0 0.020 01.0  0.00200   +0.03945   +0.03602     -8.694550 
 287   24   25  4   0  0 0.020 01.0  0.00199   +0.03791   +0.04121     +8.704827 
 288   24   26  4   0  0 0.020 01.0  0.00226   -0.07881   -0.07614     -3.387895 
 289   26   27  4   0  0 0.020 01.0  0.00227   -0.07970   -0.07416     -6.951066 
 290   27   28  4   0  0 0.020 01.0  0.00234   -0.09051   -0.08898     -1.690421 
 291   28   29  4   0  0 0.020 01.0  0.00257   -0.12538   -0.12469     -0.550327 
 292    7   29  4   0  0 0.020 01.0  0.00353   +0.26965   +0.27501     +1.987762 
 293   25   30  4   0  0 0.020 01.0  0.00213   +0.06004   +0.06487     +8.044637 
 294   30   31  4   0  0 0.020 01.0  0.00196   +0.03395   +0.03858    +13.637703 
 295   31   32  4   0  0 0.020 01.0  0.00177   -0.00517   -0.00139    -73.114120 
 296   32   33  4   0  0 0.020 01.0  0.00189   +0.02414   +0.02622     +8.616404 
 297   34   32  4   0  0 0.020 01.0  0.00210   +0.05468   +0.05352     -2.121434 
 298   34   35  4   0  0 0.020 01.0  0.00210   -0.05468   -0.06037    +10.405999 
 299   35   36  4   0  0 0.020 01.0  0.00234   -0.09134   -0.09502     +4.028903 
 300   36   37  4   0  0 0.020 01.0  0.00259   -0.12915   -0.13672     +5.861401 
 301   37   38  4   0  0 0.020 01.0  0.00282   -0.16365   -0.16565     +1.222120 
 302   37   39  4   0  0 0.020 01.0  0.00194   +0.03159   +0.03634    +15.036404 
 303   36   40  4   0  0 0.020 01.0  0.00198   +0.03656   +0.03423     -6.373085 
 304   22   38  4   0  0 0.020 01.0  0.00186   -0.01871   -0.01462    -21.859968 
 305   11   41  4   0  0 0.020 01.0  0.00213   +0.05888   +0.05438     -7.642663 
 306   41   42  4   0  0 0.020 01.0  0.00210   +0.05426   +0.05187     -4.404718 
 307   41   43  4   0  0 0.020 01.0  0.00209   -0.05273   -0.05375     +1.934383 
 308   38   44  4   0  0 0.020 01.0  0.00202   +0.04241   +0.03890     -8.276350 
 309   15   45  4   0  0 0.020 01.0  0.00210   +0.05487   +0.05824     +6.141790 
 310   14   46  4   0  0 0.020 01.0  0.00394   +0.33132   +0.32523     -1.838102 
 311   46   47  4   0  0 0.020 01.0  0.00371   +0.29709   +0.30569     +2.894746 
 312   47   48  4   0  0 0.020 01.0  0.00254   +0.12158   +0.11849     -2.541536 
 313   48   49  4   0  0 0.020 01.0  0.00233   -0.08978   -0.09411     +4.822900 
 314   49   50  4   0  0 0.020 01.0  0.00197   +0.03570   +0.03835     +7.422969 
 315   50   51  4   0  0 0.020 01.0  0.00241   -0.10088   -0.09429     -6.532514 
 316   10   51  4   0  0 0.020 01.0  0.00295   +0.18306   +0.19018     +3.889435 
 317   13   49  4   0  0 0.020 01.0  0.00443   +0.40478   +0.41012     +1.319235 
 318   29   52  4   0  0 0.020 01.0  0.00219   +0.06820   +0.07231     +6.026393 
 319   52   53  4   0  0 0.020 01.0  0.00194   +0.03039   +0.03465    +14.017769 
 320   53   54  4   0  0 0.020 01.0  0.00203   -0.04402   -0.03929    -10.745116 
 321   54   55  4   0  0 0.020 01.0  0.00217   -0.06565   -0.06916     +5.346535 
 322   11   43  4   0  0 0.020 01.0  0.00228   +0.08247   +0.08420     +2.097733 
 323   44   45  4   0  0 0.020 01.0  0.00181   +0.01186   +0.00907    -23.524452 
 324   40   56  4   0  0 0.020 01.0  0.00198   +0.03636   +0.03568     -1.870187 
 325   56   41  4   0  0 0.020 01.0  0.00176   -0.00328   -0.00030    -90.853659 
 326   56   42  4   0  0 0.020 01.0  0.00179   +0.00783   +0.01014    +29.501916 
 327   39   57  4   0  0 0.020 01.0  0.00194   +0.03144   +0.02846     -9.478372 
 328   57   56  4   0  0 0.020 01.0  0.00174   +0.00110   +0.00359   +226.363636 
 329   38   49  4   0  0 0.020 01.0  0.00253   -0.11978   -0.11358     -5.176156 
 330   38   48  4   0  0 0.020 01.0  0.00310   -0.20515   -0.19878     -3.105045 
 331    9   55  4   0  0 0.020 01.0  0.00257   +0.12537   +0.13264     +5.798835 
 332    2    1  1   0  0 0.020 01.0  0.01396   -1.83356   -1.86347     +1.631253 
 333    3    2  1   0  0 0.020 01.0  0.01307   -1.70076   -1.67276     -1.646323 
 334    4    3  1   0  0 0.020 01.0  0.00939   -1.14828   -1.13352     -1.285401 
 335    5    4  1   0  0 0.020 01.0  0.00386   -0.31973   -0.31370     -1.885966 
 336    6    4  1   0  0 0.020 01.0  0.00442   -0.40290   -0.40398     +0.268057 
 337    7    6  1   0  0 0.020 01.0  0.00207   +0.05050   +0.04906     -2.851485 
 338    8    6  1   0  0 0.020 01.0  0.00407   +0.35108   +0.34149     -2.731571 
 339    9    8  1   0  0 0.020 01.0  0.01136   -1.44328   -1.44631     +0.209938 
 340   10    9  1   0  0 0.020 01.0  0.00313   -0.21017   -0.21680     +3.154589 
 341   11    9  1   0  0 0.020 01.0  0.00208   -0.05254   -0.05512     +4.910544 
 342   12    9  1   0  0 0.020 01.0  0.00182   -0.01279   -0.01409    +10.164191 
 343   13    9  1   0  0 0.020 01.0  0.00229   +0.08354   +0.08938     +6.990663 
 344   14   13  1   0  0 0.020 01.0  0.00405   +0.34721   +0.33976     -2.145676 
 345   15   13  1   0  0 0.020 01.0  0.00775   +0.90207   +0.90927     +0.798164 
 346   15    1  1   0  0 0.020 01.0  0.01816   -2.46457   -2.47610     +0.467830 
 347   16    1  1   0  0 0.020 01.0  0.01036   -1.29467   -1.31373     +1.472190 
 348   17    1  1   0  0 0.020 01.0  0.01175   -1.50188   -1.53488     +2.197246 
 349   15    3  1   0  0 0.020 01.0  0.00448   -0.41220   -0.40409     -1.967492 
 350   18    4  1   0  0 0.020 01.0  0.00293   -0.17948   -0.18276     +1.827502 
 351   18    4  1   0  0 0.020 01.0  0.00327   -0.22976   -0.22492     -2.106546 
 352    6    5  1   0  0 0.020 01.0  0.00275   -0.15303   -0.15153     -0.980200 
 353    8    7  1   0  0 0.020 01.0  0.00691   +0.77658   +0.76814     -1.086817 
 354   12   10  1   0  0 0.020 01.0  0.00345   +0.25740   +0.26393     +2.536908 
 355   13   11  1   0  0 0.020 01.0  0.00331   +0.23695   +0.24476     +3.296054 
 356   13   12  1   0  0 0.020 01.0  0.00356   +0.27328   +0.27519     +0.698917 
 357   16   12  1   0  0 0.020 01.0  0.00672   +0.74867   +0.76139     +1.699013 
 358   17   12  1   0  0 0.020 01.0  0.00819   +0.96888   +0.97159     +0.279704 
 359   15   14  1   0  0 0.020 01.0  0.00930   +1.13520   +1.15275     +1.545983 
 360   19   18  1   0  0 0.020 01.0  0.00215   -0.06194   -0.06788     +9.589926 
 361   20   19  1   0  0 0.020 01.0  0.00186   -0.01974   -0.01584    -19.756839 
 362   20   21  1   0  0 0.020 01.0  0.00179   -0.00926   -0.01341    +44.816415 
 363   22   21  1   0  0 0.020 01.0  0.00179   +0.00927   +0.00551    -40.560949 
 364   23   22  1   0  0 0.020 01.0  0.00279   -0.15859   -0.15477     -2.408727 
 365   24   23  1   0  0 0.020 01.0  0.00225   -0.07747   -0.08149     +5.189105 
 366   25   24  1   0  0 0.020 01.0  0.00232   -0.08879   -0.08547     -3.739160 
 367   25   24  1   0  0 0.020 01.0  0.00230   -0.08533   -0.08025     -5.953358 
 368   26   24  1   0  0 0.020 01.0  0.00238   +0.09664   +0.09249     -4.294288 
 369   27   26  1   0  0 0.020 01.0  0.00240   +0.09977   +0.10306     +3.297584 
 370   28   27  1   0  0 0.020 01.0  0.00321   +0.22157   +0.22375     +0.983888 
 371   29   28  1   0  0 0.020 01.0  0.00363   +0.28370   +0.28399     +0.102221 
 372   29    7  1   0  0 0.020 01.0  0.00651   -0.71679   -0.69884     -2.504220 
 373   30   25  1   0  0 0.020 01.0  0.00235   -0.09205   -0.09650     +4.834329 
 374   31   30  1   0  0 0.020 01.0  0.00203   -0.04466   -0.04831     +8.172862 
 375   32   31  1   0  0 0.020 01.0  0.00193   +0.02998   +0.03182     +6.137425 
 376   33   32  1   0  0 0.020 01.0  0.00205   -0.04800   -0.04505     -6.145833 
 377   32   34  1   0  0 0.020 01.0  0.00239   -0.09813   -0.09993     +1.834301 
 378   35   34  1   0  0 0.020 01.0  0.00239   +0.09895   +0.10578     +6.902476 
 379   36   35  1   0  0 0.020 01.0  0.00291   +0.17701   +0.16888     -4.592961 
 380   37   36  1   0  0 0.020 01.0  0.00324   +0.22531   +0.22197     -1.482402 
 381   38   37  1   0  0 0.020 01.0  0.00362   +0.28329   +0.28657     +1.157824 
 382   39   37  1   0  0 0.020 01.0  0.00207   -0.05012   -0.05584    +11.412610 
 383   40   36  1   0  0 0.020 01.0  0.00204   -0.04587   -0.05033     +9.723131 
 384   38   22  1   0  0 0.020 01.0  0.00286   +0.16873   +0.16425     -2.655129 
 385   41   11  1   0  0 0.020 01.0  0.00251   -0.11624   -0.11083     -4.654164 
 386   42   41  1   0  0 0.020 01.0  0.00245   -0.10750   -0.10140     -5.674419 
 387   43   41  1   0  0 0.020 01.0  0.00271   +0.14680   +0.13879     -5.456403 
 388   44   38  1   0  0 0.020 01.0  0.00433   +0.38920   +0.38261     -1.693217 
 389   45   15  1   0  0 0.020 01.0  0.00547   -0.56051   -0.55691     -0.642272 
 390   46   14  1   0  0 0.020 01.0  0.00594   -0.63095   -0.61368     -2.737142 
 391   47   46  1   0  0 0.020 01.0  0.00587   -0.62021   -0.60334     -2.720046 
 392   48   47  1   0  0 0.020 01.0  0.00335   -0.24184   -0.23944     -0.992392 
 393   49   48  1   0  0 0.020 01.0  0.00193   -0.02893   -0.02375    -17.905289 
 394   50   49  1   0  0 0.020 01.0  0.00280   -0.15949   -0.16161     +1.329237 
 395   51   50  1   0  0 0.020 01.0  0.00247   +0.11069   +0.10665     -3.649833 
 396   51   10  1   0  0 0.020 01.0  0.00400   -0.33969   -0.33806     -0.479849 
 397   49   13  1   0  0 0.020 01.0  0.00440   -0.39989   -0.39830     -0.397609 
 398   52   29  1   0  0 0.020 01.0  0.00313   -0.20952   -0.21363     +1.961627 
 399   53   52  1   0  0 0.020 01.0  0.00270   -0.14560   -0.13957     -4.141484 
 400   54   53  1   0  0 0.020 01.0  0.00248   +0.11134   +0.11647     +4.607509 
 401   55   54  1   0  0 0.020 01.0  0.00286   +0.16907   +0.17161     +1.502336 
 402   43   11  1   0  0 0.020 01.0  0.00288   -0.17180   -0.16794     -2.246799 
 403   45   44  1   0  0 0.020 01.0  0.00547   +0.56051   +0.55285     -1.366613 
 404   56   40  1   0  0 0.020 01.0  0.00204   -0.04587   -0.05050    +10.093743 
 405   41   56  1   0  0 0.020 01.0  0.00221   +0.07206   +0.06742     -6.439079 
 406   42   56  1   0  0 0.020 01.0  0.00185   +0.01750   +0.01936    +10.628571 
 407   57   39  1   0  0 0.020 01.0  0.00207   -0.05012   -0.05215     +4.050279 
 408   56   57  1   0  0 0.020 01.0  0.00197   +0.03514   +0.03653     +3.955606 
 409   49   38  1   0  0 0.020 01.0  0.00199   +0.03809   +0.04137     +8.611184 
 410   48   38  1   0  0 0.020 01.0  0.00315   +0.21217   +0.21657     +2.073809 
 411   55    9  1   0  0 0.020 01.0  0.00343   -0.25507   -0.25020     -1.909280 
 412    2    1  4   0  0 0.020 01.0  0.00551   -0.56655   -0.58110     +2.568176 
 413    3    2  4   0  0 0.020 01.0  0.00424   +0.37651   +0.36956     -1.845901 
 414    4    3  4   0  0 0.020 01.0  0.00293   +0.18005   +0.17945     -0.333241 
 415    5    4  4   0  0 0.020 01.0  0.00257   +0.12616   +0.13232     +4.882689 
 416    6    4  4   0  0 0.020 01.0  0.00266   +0.13871   +0.13942     +0.511859 
 417    7    6  4   0  0 0.020 01.0  0.00199   -0.03927   -0.04457    +13.496308 
 418    8    6  4   0  0 0.020 01.0  0.00222   +0.07242   +0.07633     +5.399061 
 419    9    8  4   0  0 0.020 01.0  0.00475   -0.45173   -0.44391     -1.731123 
 420   10    9  4   0  0 0.020 01.0  0.00205   -0.04787   -0.04776     -0.229789 
 421   11    9  4   0  0 0.020 01.0  0.00300   -0.19047   -0.19902     +4.488896 
 422   12    9  4   0  0 0.020 01.0  0.00187   +0.02118   +0.02653    +25.259679 
 423   13    9  4   0  0 0.020 01.0  0.00267   -0.14037   -0.14450     +2.942224 
 424   14   13  4   0  0 0.020 01.0  0.00378   -0.30637   -0.29728     -2.967001 
 425   15   13  4   0  0 0.020 01.0  0.00207   -0.05017   -0.05081     +1.275663 
 426   15    1  4   0  0 0.020 01.0  0.00214   -0.06153   -0.06716     +9.150008 
 427   16    1  4   0  0 0.020 01.0  0.00274   +0.15159   +0.14500     -4.347252 
 428   17    1  4   0  0 0.020 01.0  0.00178   -0.00720   -0.00861    +19.583333 
 429   15    3  4   0  0 0.020 01.0  0.00281   -0.16158   -0.16135     -0.142344 
 430   18    4  4   0  0 0.020 01.0  0.00194   -0.03163   -0.03303     +4.426178 
 431   18    4  4   0  0 0.020 01.0  0.00188   -0.02214   -0.02777    +25.429088 
 432    6    5  4   0  0 0.020 01.0  0.00286   +0.16899   +0.17272     +2.207231 
 433    8    7  4   0  0 0.020 01.0  0.00346   +0.25893   +0.25572     -1.239717 
 434   12   10  4   0  0 0.020 01.0  0.00285   +0.16760   +0.17027     +1.593079 
 435   13   11  4   0  0 0.020 01.0  0.00214   -0.06125   -0.06549     +6.922449 
 436   13   12  4   0  0 0.020 01.0  0.00603   -0.64392   -0.63954     -0.680209 
 437   16   12  4   0  0 0.020 01.0  0.00300   -0.18959   -0.19095     +0.717337 
 438   17   12  4   0  0 0.020 01.0  0.00236   -0.09480   -0.09228     -2.658228 
 439   15   14  4   0  0 0.020 01.0  0.00277   +0.15541   +0.15007     -3.436072 
 440   19   18  4   0  0 0.020 01.0  0.00188   -0.02278   -0.01840    -19.227392 
 441   20   19  4   0  0 0.020 01.0  0.00183   -0.01447   -0.01821    +25.846579 
 442   20   21  4   0  0 0.020 01.0  0.00174   +0.00147   -0.00273   -285.714286 
 443   22   21  4   0  0 0.020 01.0  0.00174   -0.00138   +0.00135   -197.826087 
 444   23   22  4   0  0 0.020 01.0  0.00186   -0.01967   -0.01527    -22.369090 
 445   24   23  4   0  0 0.020 01.0  0.00174   +0.00144   -0.00120   -183.333333 
 446   25   24  4   0  0 0.020 01.0  0.00191   -0.02698   -0.02586     -4.151223 
 447   25   24  4   0  0 0.020 01.0  0.00191   -0.02593   -0.03077    +18.665638 
 448   26   24  4   0  0 0.020 01.0  0.00227   +0.07970   +0.07653     -3.977415 
 449   27   26  4   0  0 0.020 01.0  0.00230   +0.08451   +0.08928     +5.644302 
 450   28   27  4   0  0 0.020 01.0  0.00238   +0.09638   +0.09900     +2.718406 
 451   29   28  4   0  0 0.020 01.0  0.00261   +0.13119   +0.13099     -0.152451 
 452   29    7  4   0  0 0.020 01.0  0.00328   -0.23238   -0.23520     +1.213530 
 453   30   25  4   0  0 0.020 01.0  0.00211   -0.05695   -0.06059     +6.391572 
 454   31   30  4   0  0 0.020 01.0  0.00195   -0.03183   -0.03500     +9.959158 
 455   32   31  4   0  0 0.020 01.0  0.00177   +0.00612   +0.00894    +46.078431 
 456   33   32  4   0  0 0.020 01.0  0.00189   -0.02400   -0.02518     +4.916667 
 457   32   34  4   0  0 0.020 01.0  0.00200   -0.04026   -0.03638     -9.637357 
 458   35   34  4   0  0 0.020 01.0  0.00209   +0.05334   +0.05366     +0.599925 
 459   36   35  4   0  0 0.020 01.0  0.00235   +0.09259   +0.08699     -6.048169 
 460   37   36  4   0  0 0.020 01.0  0.00261   +0.13206   +0.12497     -5.368772 
 461   38   37  4   0  0 0.020 01.0  0.00289   +0.17389   +0.18151     +4.382081 
 462   39   37  4   0  0 0.020 01.0  0.00194   -0.03144   -0.03010     -4.262087 
 463   40   36  4   0  0 0.020 01.0  0.00198   -0.03636   -0.03053    -16.034103 
 464   38   22  4   0  0 0.020 01.0  0.00186   +0.01963   +0.01937     -1.324503 
 465   41   11  4   0  0 0.020 01.0  0.00204   -0.04597   -0.04006    -12.856211 
 466   42   41  4   0  0 0.020 01.0  0.00206   -0.04833   -0.04744     -1.841506 
 467   43   41  4   0  0 0.020 01.0  0.00216   +0.06379   +0.06033     -5.424048 
 468   44   38  4   0  0 0.020 01.0  0.00197   -0.03486   -0.03938    +12.966150 
 469   45   15  4   0  0 0.020 01.0  0.00188   -0.02264   -0.02682    +18.462898 
 470   46   14  4   0  0 0.020 01.0  0.00371   -0.29709   -0.29170     -1.814265 
 471   47   46  4   0  0 0.020 01.0  0.00352   -0.26858   -0.27623     +2.848313 
 472   48   47  4   0  0 0.020 01.0  0.00253   -0.11982   -0.12457     +3.964280 
 473   49   48  4   0  0 0.020 01.0  0.00231   +0.08626   +0.08483     -1.657779 
 474   50   49  4   0  0 0.020 01.0  0.00195   -0.03212   -0.03404     +5.977584 
 475   51   50  4   0  0 0.020 01.0  0.00244   +0.10594   +0.10533     -0.575798 
 476   51   10  4   0  0 0.020 01.0  0.00289   -0.17294   -0.17981     +3.972476 
 477   49   13  4   0  0 0.020 01.0  0.00407   -0.34979   -0.35783     +2.298522 
 478   52   29  4   0  0 0.020 01.0  0.00212   -0.05839   -0.05659     -3.082720 
 479   53   52  4   0  0 0.020 01.0  0.00192   -0.02792   -0.02460    -11.891117 
 480   54   53  4   0  0 0.020 01.0  0.00205   +0.04765   +0.04608     -3.294858 
 481   55   54  4   0  0 0.020 01.0  0.00222   +0.07314   +0.07056     -3.527482 
 482   43   11  4   0  0 0.020 01.0  0.00225   -0.07679   -0.07143     -6.980076 
 483   45   44  4   0  0 0.020 01.0  0.00188   +0.02264   +0.02518    +11.219081 
 484   56   40  4   0  0 0.020 01.0  0.00195   -0.03184   -0.03293     +3.423367 
 485   41   56  4   0  0 0.020 01.0  0.00178   +0.00645   +0.00310    -51.937984 
 486   42   56  4   0  0 0.020 01.0  0.00178   -0.00767   -0.01247    +62.581486 
 487   57   39  4   0  0 0.020 01.0  0.00191   -0.02610   -0.02102    -19.463602 
 488   56   57  4   0  0 0.020 01.0  0.00174   -0.00071   -0.00154   +116.901408 
 489   49   38  4   0  0 0.020 01.0  0.00253   +0.11983   +0.12129     +1.218393 
 490   48   38  4   0  0 0.020 01.0  0.00313   +0.20960   +0.20985     +0.119275 
 491   55    9  4   0  0 0.020 01.0  0.00251   -0.11614   -0.11019     -5.123127 
----------------------------------------------------------------------------------
Número de medidores SCADA:     491
Número de PMUs:                0
Número de medidas das PMUs:    0
----------------------------------------------------------------------------------

Não há medidas de ângulo.
Não há medidores desabilitados.
============================== Estado Estimado ===================================
                 Barra     Mod(pu)    Ang(graus)              
----------------------------------------------------------------------------------
                    1            1.0406              0.00        
                    2            1.0104             -2.58        
                    3            0.9821            -11.67        
                    4            0.9755            -14.29        
                    5            0.9722            -17.40        
                    6            0.9789            -18.31        
                    7            0.9769            -17.98        
                    8            1.0054            -15.00        
                    9            0.9655            -19.06        
                   10            0.9513            -21.19        
                   11            0.9478            -19.05        
                   12            0.9820            -19.53        
                   13            0.9493            -17.86        
                   14            0.9401            -16.64        
                   15            0.9673            -12.88        
                   16            0.9786            -15.69        
                   17            0.9923             -9.08        
                   18            0.9817            -19.75        
                   19            0.9315            -21.88        
                   20            0.9188            -22.22        
                   21            0.9600            -21.89        
                   22            0.9603            -21.84        
                   23            0.9584            -21.98        
                   24            0.9466            -23.24        
                   25            0.9024            -30.21        
                   26            0.9115            -22.94        
                   27            0.9509            -22.22        
                   28            0.9745            -21.28        
                   29            0.9939            -20.62        
                   30            0.8743            -31.02        
                   31            0.8373            -31.95        
                   32            0.8612            -30.40        
                   33            0.8580            -30.46        
                   34            0.8896            -23.73        
                   35            0.9002            -23.36        
                   36            0.9141            -22.98        
                   37            0.9264            -22.69        
                   38            0.9642            -21.56        
                   39            0.9236            -22.77        
                   40            0.9107            -23.06        
                   41            0.9527            -24.33        
                   42            0.9095            -26.18        
                   43            0.9773            -20.63        
                   44            0.9733            -20.12        
                   45            1.0088            -16.16        
                   46            1.0223            -19.13        
                   47            0.9886            -21.15        
                   48            0.9812            -21.35        
                   49            0.9901            -22.00        
                   50            0.9726            -23.06        
                   51            1.0102            -22.53        
                   52            0.9497            -22.53        
                   53            0.9349            -23.31        
                   54            0.9675            -22.23        
                   55            1.0130            -20.77        
                   56            0.9083            -26.77        
                   57            0.9019            -27.43        
----------------------------------------------------------------------------------
Convergiu em:    3 iteraçoes. 
----------------------------------------------------------------------------------
--- RESIDUOS NORMALIZADOS --------------------------------------------------------
   N    D    P  TP      Real     Medido   Estimado      Med-Est        rn 
----------------------------------------------------------------------------------
 190    4   18  1    +0.1795    +0.1760    +0.2165  -4.0501e-02      0.798 
 350   18    4  1    -0.1795    -0.1828    -0.2165  +3.3711e-02      0.664 
  58    0    1  2    +7.3752    +7.5243    +7.3959  +1.2834e-01      0.637 
  61    0    4  2    +0.0000    +0.0044    -0.0030  +7.3771e-03      0.401 
  75    0   18  2    -0.3450    -0.3362    -0.3176  -1.8611e-02      0.372 
  59    0    2  2    -0.0380    -0.0389    -0.0456  +6.7489e-03      0.362 
  60    0    3  2    -0.1210    -0.1171    -0.1258  +8.7972e-03      0.339 
 197   12   16  1    -0.7375    -0.7180    -0.7407  +2.2646e-02      0.311 
  68    0   11  2    +0.0000    +0.0034    -0.0031  +6.5484e-03      0.280 
 132    0   18  5    -0.1240    -0.1179    -0.1291  +1.1127e-02      0.278 
 348   17    1  1    -1.5019    -1.5349    -1.5067  -2.8148e-02      0.276 
  66    0    9  2    -0.9920    -0.9719    -0.9888  +1.6868e-02      0.264 
  63    0    6  2    -0.9530    -0.9305    -0.9496  +1.9118e-02      0.263 
 349   15    3  1    -0.4122    -0.4041    -0.4201  +1.6003e-02      0.262 
  65    0    8  2    +2.5950    +2.6190    +2.5890  +2.9983e-02      0.257 
 191    4   18  1    +0.2298    +0.2298    +0.2165  +1.3309e-02      0.247 
 390   46   14  1    -0.6310    -0.6137    -0.6313  +1.7655e-02      0.246 
 333    3    2  1    -1.7008    -1.6728    -1.6995  +2.6785e-02      0.242 
  71    0   14  2    -0.1330    -0.1310    -0.1379  +6.9089e-03      0.241 
  62    0    5  2    -0.1650    -0.1587    -0.1680  +9.3549e-03      0.237 
 229   15   45  1    +0.5605    +0.5456    +0.5610  -1.5437e-02      0.223 
 122    0    8  5    +0.8526    +0.8734    +0.8583  +1.5130e-02      0.218 
 332    2    1  1    -1.8336    -1.8635    -1.8397  -2.3748e-02      0.214 
 115    0    1  5    +1.4684    +1.4617    +1.4801  -1.8382e-02      0.209 
 188    1   17  1    +1.5565    +1.5402    +1.5616  -2.1431e-02      0.209 
 175    4    5  1    +0.3278    +0.3189    +0.3312  -1.2288e-02      0.206 
 379   36   35  1    +0.1770    +0.1689    +0.1783  -9.4016e-03      0.203 
  72    0   15  2    -0.2790    -0.2774    -0.2833  +5.8669e-03      0.203 
  69    0   12  2    -1.6880    -1.7242    -1.7055  -1.8694e-02      0.203 
 372   29    7  1    -0.7168    -0.6988    -0.7136  +1.4722e-02      0.202 
  39    0   39  6    +0.9242    +0.9371    +0.9236  +1.3500e-02      0.201 
 161    0   47  5    -0.1470    -0.1400    -0.1480  +8.0032e-03      0.201 
  17    0   17  6    +0.9917    +1.0063    +0.9923  +1.4029e-02      0.201 
  48    0   48  6    +0.9811    +0.9673    +0.9812  -1.3887e-02      0.200 
 419    9    8  4    -0.4517    -0.4439    -0.4561  +1.2169e-02      0.200 
  13    0   13  6    +0.9491    +0.9358    +0.9493  -1.3495e-02      0.197 
 460   37   36  4    +0.1321    +0.1250    +0.1335  -8.5728e-03      0.197 
  10    0   10  6    +0.9516    +0.9378    +0.9513  -1.3418e-02      0.196 
 172    1    2  1    +1.8630    +1.8475    +1.8693  -2.1854e-02      0.196 
  57    0   57  6    +0.9008    +0.8893    +0.9019  -1.2626e-02      0.195 
  55    0   55  6    +1.0127    +1.0265    +1.0130  +1.3545e-02      0.192 
   4    0    4  6    +0.9748    +0.9622    +0.9755  -1.3275e-02      0.191 
  43    0   43  6    +0.9769    +0.9641    +0.9773  -1.3164e-02      0.190 
  53    0   53  6    +0.9349    +0.9226    +0.9349  -1.2310e-02      0.183 
 362   20   21  1    -0.0093    -0.0134    -0.0064  -7.0098e-03      0.183 
 430   18    4  4    -0.0316    -0.0330    -0.0255  -7.5005e-03      0.181 
 108    0   51  2    -0.2290    -0.2237    -0.2316  +7.8482e-03      0.179 
 131    0   17  5    -0.1020    -0.1043    -0.0978  -6.4462e-03      0.179 
 268    1   17  4    +0.2254    +0.2164    +0.2256  -9.2148e-03      0.179 
  33    0   33  6    +0.8590    +0.8691    +0.8580  +1.1055e-02      0.178 
 331    9   55  4    +0.1254    +0.1326    +0.1250  +7.6601e-03      0.176 
 241   54   55  1    -0.1633    -0.1710    -0.1624  -8.5338e-03      0.175 
  45    0   45  6    +1.0086    +0.9965    +1.0088  -1.2296e-02      0.175 
  32    0   32  6    +0.8622    +0.8505    +0.8612  -1.0781e-02      0.173 
 412    2    1  4    -0.5665    -0.5811    -0.5701  -1.0994e-02      0.172 
 354   12   10  1    +0.2574    +0.2639    +0.2547  +9.2229e-03      0.171 
 255    4    5  4    -0.1336    -0.1264    -0.1347  +8.2520e-03      0.169 
  54    0   54  6    +0.9678    +0.9791    +0.9675  +1.1607e-02      0.169 
  28    0   28  6    +0.9740    +0.9860    +0.9745  +1.1550e-02      0.167 
 391   47   46  1    -0.6202    -0.6033    -0.6152  +1.1881e-02      0.166 
 235   50   51  1    -0.1075    -0.1120    -0.1044  -7.6177e-03      0.166 
 411   55    9  1    -0.2551    -0.2502    -0.2585  +8.3144e-03      0.165 
  42    0   42  6    +0.9083    +0.9203    +0.9095  +1.0741e-02      0.164 
  25    0   25  6    +0.9032    +0.8919    +0.9024  -1.0554e-02      0.164 
 178    6    8  1    -0.3466    -0.3528    -0.3428  -9.9543e-03      0.163 
  15    0   15  6    +0.9671    +0.9785    +0.9673  +1.1151e-02      0.161 
 279   14   15  4    -0.0920    -0.0973    -0.0901  -7.1519e-03      0.161 
 109    0   52  2    -0.0620    -0.0609    -0.0661  +5.2471e-03      0.161 
 298   34   35  4    -0.0547    -0.0604    -0.0540  -6.3480e-03      0.161 
 180    9   10  1    +0.2120    +0.2035    +0.2120  -8.4947e-03      0.161 
 459   36   35  4    +0.0926    +0.0870    +0.0935  -6.5436e-03      0.159 
 312   47   48  4    +0.1216    +0.1185    +0.1254  -6.9067e-03      0.158 
 227   41   43  1    -0.1468    -0.1537    -0.1460  -7.6645e-03      0.158 
 365   24   23  1    -0.0775    -0.0815    -0.0747  -6.7739e-03      0.158 
 170    0   56  5    -0.0280    -0.0303    -0.0257  -4.6483e-03      0.157 
 335    5    4  1    -0.3197    -0.3137    -0.3230  +9.3194e-03      0.157 
 351   18    4  1    -0.2298    -0.2249    -0.2165  -8.4487e-03      0.157 
 347   16    1  1    -1.2947    -1.3137    -1.2981  -1.5589e-02      0.157 
 330   38   48  4    -0.2051    -0.1988    -0.2066  +7.8426e-03      0.156 
 236   10   51  1    +0.3397    +0.3477    +0.3390  +8.6462e-03      0.154 
  22    0   22  6    +0.9601    +0.9709    +0.9603  +1.0522e-02      0.153 
  18    0   18  6    +0.9820    +0.9711    +0.9817  -1.0599e-02      0.153 
 219   35   36  1    -0.1749    -0.1832    -0.1762  -7.0609e-03      0.152 
 421   11    9  4    -0.1905    -0.1990    -0.1912  -7.7845e-03      0.152 
 154    0   40  5    -0.0000    -0.0047    +0.0003  -5.0538e-03      0.151 
 193    7    8  1    -0.7673    -0.7510    -0.7625  +1.1563e-02      0.151 
 114    0   57  2    -0.0850    -0.0802    -0.0860  +5.8762e-03      0.151 
 177    6    7  1    -0.0504    -0.0532    -0.0472  -5.9884e-03      0.151 
  12    0   12  6    +0.9820    +0.9715    +0.9820  -1.0458e-02      0.150 
 194   10   12  1    -0.2545    -0.2599    -0.2518  -8.0712e-03      0.150 
  73    0   16  2    -0.5460    -0.5383    -0.5462  +7.9048e-03      0.150 
 182    9   12  1    +0.0130    +0.0080    +0.0142  -6.2071e-03      0.149 
 387   43   41  1    +0.1468    +0.1388    +0.1460  -7.2155e-03      0.149 
  56    0   56  6    +0.9073    +0.8986    +0.9083  -9.7065e-03      0.148 
 173    2    3  1    +1.7956    +1.7776    +1.7941  -1.6483e-02      0.146 
 393   49   48  1    -0.0289    -0.0238    -0.0297  +5.9069e-03      0.145 
   1    0    1  6    +1.0400    +1.0509    +1.0406  +1.0327e-02      0.144 
 237   13   49  1    +0.3999    +0.4064    +0.3972  +9.1358e-03      0.143 
 213   25   30  1    +0.0941    +0.0907    +0.0967  -5.9525e-03      0.142 
 230   14   46  1    +0.6310    +0.6415    +0.6313  +1.0185e-02      0.142 
  16    0   16  6    +0.9788    +0.9689    +0.9786  -9.7180e-03      0.140 
 300   36   37  4    -0.1291    -0.1367    -0.1306  -6.0838e-03      0.140 
 422   12    9  4    +0.0212    +0.0265    +0.0206  +5.9346e-03      0.140 
  26    0   26  6    +0.9109    +0.9023    +0.9115  -9.2643e-03      0.139 
 277   12   16  4    +0.2191    +0.2280    +0.2210  +7.0694e-03      0.139 
 192    5    6  1    +0.1547    +0.1486    +0.1550  -6.3645e-03      0.139 
   9    0    9  6    +0.9654    +0.9749    +0.9655  +9.4075e-03      0.136 
 359   15   14  1    +1.1352    +1.1527    +1.1403  +1.2493e-02      0.135 
 226   41   42  1    +0.1110    +0.1168    +0.1108  +6.0577e-03      0.133 
 171    0   57  5    -0.0250    -0.0280    -0.0234  -4.6559e-03      0.133 
 103    0   46  2    +0.0000    -0.0024    -0.0055  +3.0381e-03      0.132 
 107    0   50  2    -0.2670    -0.2567    -0.2629  +6.2351e-03      0.132 
 254    3    4  4    -0.1641    -0.1714    -0.1655  -5.9607e-03      0.132 
 435   13   11  4    -0.0612    -0.0655    -0.0600  -5.4424e-03      0.131 
 126    0   12  5    +1.2450    +1.2338    +1.2441  -1.0315e-02      0.131 
 386   42   41  1    -0.1075    -0.1014    -0.1073  +5.9492e-03      0.130 
 357   16   12  1    +0.7487    +0.7614    +0.7519  +9.4737e-03      0.130 
 240   53   54  1    -0.1084    -0.1141    -0.1082  -5.8514e-03      0.129 
  35    0   35  6    +0.9008    +0.8917    +0.9002  -8.4481e-03      0.128 
  86    0   29  2    -0.2160    -0.2164    -0.2117  -4.6898e-03      0.127 
  47    0   47  6    +0.9884    +0.9975    +0.9886  +8.8304e-03      0.127 
 424   14   13  4    -0.3064    -0.2973    -0.3045  +7.2667e-03      0.126 
 340   10    9  1    -0.2102    -0.2168    -0.2102  -6.6159e-03      0.125 
 481   55   54  4    +0.0731    +0.0706    +0.0759  -5.3744e-03      0.125 
 315   50   51  4    -0.1009    -0.0943    -0.1001  +5.7637e-03      0.125 
 491   55    9  4    -0.1161    -0.1102    -0.1156  +5.3734e-03      0.125 
 319   52   53  4    +0.0304    +0.0347    +0.0299  +4.7030e-03      0.123 
 329   38   49  4    -0.1198    -0.1136    -0.1196  +5.9721e-03      0.122 
 295   31   32  4    -0.0052    -0.0014    -0.0061  +4.6940e-03      0.122 
 440   19   18  4    -0.0228    -0.0184    -0.0233  +4.8945e-03      0.122 
 139    0   25  5    -0.0410    -0.0461    -0.0420  -4.0992e-03      0.122 
 225   11   41  1    +0.1162    +0.1220    +0.1161  +5.9076e-03      0.121 
 361   20   19  1    -0.0197    -0.0158    -0.0205  +4.7039e-03      0.121 
 289   26   27  4    -0.0797    -0.0742    -0.0795  +5.3596e-03      0.120 
 344   14   13  1    +0.3472    +0.3398    +0.3468  -7.0287e-03      0.120 
  67    0   10  2    -0.1250    -0.1192    -0.1230  +3.7491e-03      0.120 
  31    0   31  6    +0.8395    +0.8446    +0.8373  +7.3077e-03      0.120 
 369   27   26  1    +0.0998    +0.1031    +0.0977  +5.3983e-03      0.120 
 441   20   19  4    -0.0145    -0.0182    -0.0135  -4.6687e-03      0.120 
 185   13   15  1    -0.8786    -0.8712    -0.8814  +1.0213e-02      0.120 
 198   12   17  1    -0.9308    -0.9445    -0.9343  -1.0227e-02      0.120 
 165    0   51  5    -0.0670    -0.0669    -0.0710  +4.1203e-03      0.119 
 400   54   53  1    +0.1113    +0.1165    +0.1112  +5.3157e-03      0.118 
 465   41   11  4    -0.0460    -0.0401    -0.0452  +5.1481e-03      0.117 
 343   13    9  1    +0.0835    +0.0894    +0.0840  +5.3817e-03      0.117 
 242   11   43  1    +0.1718    +0.1679    +0.1735  -5.5220e-03      0.116 
 402   43   11  1    -0.1718    -0.1679    -0.1735  +5.5120e-03      0.115 
 266    1   15  4    +0.5530    +0.5485    +0.5565  -7.9829e-03      0.115 
 449   27   26  4    +0.0845    +0.0893    +0.0842  +5.0902e-03      0.114 
 463   40   36  4    -0.0364    -0.0305    -0.0349  +4.3540e-03      0.114 
 405   41   56  1    +0.0721    +0.0674    +0.0726  -5.1860e-03      0.114 
 313   48   49  4    -0.0898    -0.0941    -0.0889  -5.2096e-03      0.114 
 285   23   24  4    -0.0073    -0.0121    -0.0078  -4.2747e-03      0.113 
 264   13   14  4    +0.3069    +0.2987    +0.3050  -6.3855e-03      0.111 
 461   38   37  4    +0.1739    +0.1815    +0.1765  +5.0515e-03      0.111 
 486   42   56  4    -0.0077    -0.0125    -0.0082  -4.2800e-03      0.111 
 410   48   38  1    +0.2122    +0.2166    +0.2111  +5.4881e-03      0.111 
 252    1    2  4    +0.5302    +0.5275    +0.5342  -6.6775e-03      0.109 
 385   41   11  1    -0.1162    -0.1108    -0.1161  +5.2824e-03      0.109 
 116    0    2  5    -0.7538    -0.7645    -0.7572  -7.2393e-03      0.108 
  24    0   24  6    +0.9457    +0.9393    +0.9466  -7.3247e-03      0.108 
 308   38   44  4    +0.0424    +0.0389    +0.0431  -4.1972e-03      0.108 
 399   53   52  1    -0.1456    -0.1396    -0.1445  +4.9275e-03      0.108 
 195   11   13  1    -0.2355    -0.2441    -0.2384  -5.6571e-03      0.108 
 257    6    7  4    +0.0132    +0.0106    +0.0147  -4.1198e-03      0.107 
 136    0   22  5    +0.0000    -0.0015    +0.0015  -3.0062e-03      0.107 
 234   49   50  1    +0.1617    +0.1557    +0.1607  -5.0182e-03      0.107 
 149    0   35  5    -0.0380    -0.0431    -0.0395  -3.5573e-03      0.107 
 444   23   22  4    -0.0197    -0.0153    -0.0191  +3.8506e-03      0.106 
  27    0   27  6    +0.9507    +0.9581    +0.9509  +7.1836e-03      0.105 
 477   49   13  4    -0.3498    -0.3578    -0.3514  -6.4310e-03      0.104 
 457   32   34  4    -0.0403    -0.0364    -0.0407  +4.3145e-03      0.104 
  98    0   41  2    -0.0800    -0.0756    -0.0787  +3.1596e-03      0.103 
 318   29   52  4    +0.0682    +0.0723    +0.0681  +4.2270e-03      0.103 
 220   36   37  1    -0.2230    -0.2270    -0.2220  -5.0253e-03      0.102 
 284   22   23  4    +0.0201    +0.0233    +0.0195  +3.7302e-03      0.102 
 216   32   33  1    +0.0481    +0.0513    +0.0474  +3.9137e-03      0.102 
 294   30   31  4    +0.0340    +0.0386    +0.0346  +3.9921e-03      0.101 
 413    3    2  4    +0.3765    +0.3696    +0.3757  -6.0987e-03      0.101 
  87    0   30  2    -0.0460    -0.0513    -0.0479  -3.4260e-03      0.101 
 415    5    4  4    +0.1262    +0.1323    +0.1275  +4.8314e-03      0.101 
 356   13   12  1    +0.2733    +0.2752    +0.2803  -5.1533e-03      0.100 
 426   15    1  4    -0.0615    -0.0672    -0.0631  -4.0202e-03      0.100 
  83    0   26  2    -0.0000    +0.0016    -0.0014  +2.9807e-03      0.099 
  11    0   11  6    +0.9478    +0.9411    +0.9478  -6.7518e-03      0.099 
 378   35   34  1    +0.0989    +0.1058    +0.1016  +4.1526e-03      0.099 
 110    0   53  2    -0.2540    -0.2480    -0.2527  +4.7160e-03      0.098 
 187    1   16  1    +1.3756    +1.3895    +1.3795  +1.0001e-02      0.098 
 418    8    6  4    +0.0724    +0.0763    +0.0719  +4.4388e-03      0.098 
 468   44   38  4    -0.0349    -0.0394    -0.0356  -3.7588e-03      0.098 
 409   49   38  1    +0.0381    +0.0414    +0.0373  +4.1141e-03      0.097 
 280   18   19  4    +0.0262    +0.0309    +0.0271  +3.8456e-03      0.095 
 137    0   23  5    -0.0270    -0.0302    -0.0269  -3.2841e-03      0.095 
 427   16    1  4    +0.1516    +0.1450    +0.1497  -4.6693e-03      0.094 
 148    0   34  5    +0.0000    +0.0036    +0.0006  +2.9694e-03      0.093 
 134    0   20  5    -0.0130    -0.0123    -0.0154  +3.0974e-03      0.093 
   6    0    6  6    +0.9783    +0.9853    +0.9789  +6.4488e-03      0.093 
 338    8    6  1    +0.3511    +0.3415    +0.3472  -5.6642e-03      0.093 
 355   13   11  1    +0.2369    +0.2448    +0.2399  +4.8570e-03      0.092 
 417    7    6  4    -0.0393    -0.0446    -0.0408  -3.7563e-03      0.092 
 377   32   34  1    -0.0981    -0.0999    -0.0958  -4.0961e-03      0.092 
 320   53   54  4    -0.0440    -0.0393    -0.0431  +3.7894e-03      0.092 
  14    0   14  6    +0.9398    +0.9339    +0.9401  -6.2243e-03      0.091 
 487   57   39  4    -0.0261    -0.0210    -0.0249  +3.8932e-03      0.091 
 310   14   46  4    +0.3313    +0.3252    +0.3304  -5.1965e-03      0.090 
  23    0   23  6    +0.9582    +0.9523    +0.9584  -6.1702e-03      0.090 
 184   13   14  1    -0.3441    -0.3488    -0.3437  -5.1789e-03      0.089 
 159    0   45  5    +0.0000    +0.0036    +0.0009  +2.6791e-03      0.089 
 189    3   15  1    +0.4155    +0.4289    +0.4235  +5.3983e-03      0.089 
 164    0   50  5    -0.1330    -0.1288    -0.1323  +3.5695e-03      0.088 
 259    8    9  4    +0.5212    +0.5206    +0.5261  -5.5669e-03      0.087 
 200   18   19  1    +0.0642    +0.0643    +0.0680  -3.7126e-03      0.087 
 403   45   44  1    +0.5605    +0.5528    +0.5590  -6.1122e-03      0.087 
 482   43   11  4    -0.0768    -0.0714    -0.0750  +3.6174e-03      0.087 
  80    0   23  2    -0.0800    -0.0835    -0.0803  -3.1429e-03      0.086 
 367   25   24  1    -0.0853    -0.0803    -0.0842  +3.9628e-03      0.086 
  50    0   50  6    +0.9726    +0.9667    +0.9726  -5.9166e-03      0.086 
 265   13   15  4    +0.1048    +0.1010    +0.1050  -4.0550e-03      0.086 
 304   22   38  4    -0.0187    -0.0146    -0.0176  +3.0172e-03      0.086 
 253    2    3  4    -0.1872    -0.1829    -0.1871  +4.2248e-03      0.086 
 388   44   38  1    +0.3892    +0.3826    +0.3876  -5.0039e-03      0.085 
 143    0   29  5    -0.0330    -0.0333    -0.0357  +2.4146e-03      0.085 
 433    8    7  4    +0.2589    +0.2557    +0.2602  -4.5119e-03      0.085 
 439   15   14  4    +0.1554    +0.1501    +0.1542  -4.1229e-03      0.084 
 404   56   40  1    -0.0459    -0.0505    -0.0468  -3.6999e-03      0.084 
 316   10   51  4    +0.1831    +0.1902    +0.1861  +4.0531e-03      0.084 
  70    0   13  2    -0.2290    -0.2211    -0.2236  +2.5552e-03      0.084 
 423   13    9  4    -0.1404    -0.1445    -0.1403  -4.2247e-03      0.084 
 271    4   18  4    +0.0459    +0.0503    +0.0467  +3.5326e-03      0.084 
 233   48   49  1    +0.0297    +0.0270    +0.0304  -3.4063e-03      0.083 
  85    0   28  2    -0.0580    -0.0578    -0.0552  -2.6167e-03      0.083 
 302   37   39  4    +0.0316    +0.0363    +0.0332  +3.1312e-03      0.083 
 383   40   36  1    -0.0459    -0.0503    -0.0471  -3.2233e-03      0.083 
 196   12   13  1    -0.2643    -0.2671    -0.2713  +4.2352e-03      0.083 
 447   25   24  4    -0.0259    -0.0308    -0.0273  -3.5015e-03      0.083 
 322   11   43  4    +0.0825    +0.0842    +0.0808  +3.4305e-03      0.082 
 162    0   48  5    -0.0000    +0.0006    -0.0014  +2.0939e-03      0.082 
 138    0   24  5    -0.0000    +0.0034    +0.0056  -2.1966e-03      0.081 
 305   11   41  4    +0.0589    +0.0544    +0.0580  -3.6390e-03      0.081 
 251    9   55  1    +0.2551    +0.2626    +0.2585  +4.0956e-03      0.081 
  34    0   34  6    +0.8903    +0.8950    +0.8896  +5.3263e-03      0.081 
 204   22   23  1    +0.1589    +0.1527    +0.1563  -3.6797e-03      0.081 
 476   51   10  4    -0.1729    -0.1798    -0.1759  -3.8635e-03      0.081 
 470   46   14  4    -0.2971    -0.2917    -0.2962  +4.5220e-03      0.081 
 445   24   23  4    +0.0014    -0.0012    +0.0018  -2.9876e-03      0.080 
  84    0   27  2    -0.1180    -0.1239    -0.1208  -3.0496e-03      0.080 
 469   45   15  4    -0.0226    -0.0268    -0.0238  -3.0440e-03      0.080 
 232   47   48  1    +0.2432    +0.2379    +0.2419  -3.9833e-03      0.079 
 293   25   30  4    +0.0600    +0.0649    +0.0617  +3.1765e-03      0.079 
  51    0   51  6    +1.0108    +1.0157    +1.0102  +5.4928e-03      0.078 
 462   39   37  4    -0.0314    -0.0301    -0.0330  +2.9305e-03      0.078 
 261    9   11  4    +0.1739    +0.1708    +0.1747  -3.8769e-03      0.078 
 374   31   30  1    -0.0447    -0.0483    -0.0452  -3.1006e-03      0.077 
 479   53   52  4    -0.0279    -0.0246    -0.0275  +2.9113e-03      0.077 
 250   38   48  1    -0.2093    -0.2044    -0.2082  +3.7442e-03      0.075 
 263    9   13  4    +0.1070    +0.1033    +0.1069  -3.6230e-03      0.075 
 119    0    5  5    -0.0510    -0.0478    -0.0502  +2.4356e-03      0.075 
  92    0   35  2    -0.0760    -0.0772    -0.0746  -2.6183e-03      0.074 
 127    0   13  5    -0.0290    -0.0237    -0.0252  +1.5120e-03      0.074 
 249   38   49  1    -0.0362    -0.0322    -0.0354  +3.1439e-03      0.074 
 199   14   15  1    -1.1112    -1.1228    -1.1160  -6.7871e-03      0.074 
 256    4    6  4    -0.1431    -0.1401    -0.1437  +3.6519e-03      0.073 
 420   10    9  4    -0.0479    -0.0478    -0.0509  +3.1061e-03      0.073 
  90    0   33  2    -0.0480    -0.0445    -0.0473  +2.8142e-03      0.073 
 311   46   47  4    +0.2971    +0.3057    +0.3017  +4.0206e-03      0.072 
 258    6    8  4    -0.0959    -0.0926    -0.0960  +3.3831e-03      0.072 
 292    7   29  4    +0.2697    +0.2750    +0.2712  +3.7644e-03      0.072 
 286   24   25  4    +0.0394    +0.0360    +0.0391  -3.0823e-03      0.072 
 113    0   56  2    -0.0970    -0.0974    -0.0998  +2.4152e-03      0.071 
 129    0   15  5    -0.0630    -0.0668    -0.0650  -1.7968e-03      0.071 
 401   55   54  1    +0.1691    +0.1716    +0.1682  +3.4260e-03      0.070 
 205   23   24  1    +0.0786    +0.0728    +0.0758  -2.9861e-03      0.070 
 428   17    1  4    -0.0072    -0.0086    -0.0062  -2.4543e-03      0.070 
 274   10   12  4    -0.1852    -0.1914    -0.1879  -3.4959e-03      0.069 
 290   27   28  4    -0.0905    -0.0890    -0.0919  +2.9441e-03      0.068 
 186    1   15  1    +2.5802    +2.5945    +2.5855  +8.9615e-03      0.068 
 299   35   36  4    -0.0913    -0.0950    -0.0922  -2.7829e-03      0.067 
  44    0   44  6    +0.9733    +0.9779    +0.9733  +4.6478e-03      0.067 
  97    0   40  2    -0.0000    +0.0019    -0.0003  +2.1966e-03      0.066 
 394   50   49  1    -0.1595    -0.1616    -0.1585  -3.1072e-03      0.066 
 454   31   30  4    -0.0318    -0.0350    -0.0324  -2.6050e-03      0.066 
 432    6    5  4    +0.1690    +0.1727    +0.1695  +3.1857e-03      0.066 
 123    0    9  5    -0.1230    -0.1252    -0.1234  -1.7853e-03      0.066 
 314   49   50  4    +0.0357    +0.0384    +0.0358  +2.5440e-03      0.065 
 152    0   38  5    -0.0890    -0.0899    -0.0881  -1.8146e-03      0.062 
 142    0   28  5    -0.0290    -0.0249    -0.0269  +1.9852e-03      0.062 
  94    0   37  2    +0.0000    -0.0026    -0.0010  -1.5425e-03      0.062 
 317   13   49  4    +0.4048    +0.4101    +0.4062  +3.9183e-03      0.061 
  21    0   21  6    +0.9596    +0.9641    +0.9600  +4.1558e-03      0.061 
 248   57   56  1    -0.0349    -0.0374    -0.0351  -2.3226e-03      0.060 
 104    0   47  2    -0.3770    -0.3703    -0.3733  +3.0979e-03      0.060 
 183    9   13  1    -0.0824    -0.0856    -0.0828  -2.7325e-03      0.059 
 467   43   41  4    +0.0638    +0.0603    +0.0629  -2.5448e-03      0.059 
 389   45   15  1    -0.5605    -0.5569    -0.5610  +4.1068e-03      0.059 
 239   52   53  1    +0.1475    +0.1437    +0.1464  -2.6736e-03      0.059 
 376   33   32  1    -0.0480    -0.0450    -0.0473  +2.2342e-03      0.058 
  29    0   29  6    +0.9937    +0.9980    +0.9939  +4.0267e-03      0.058 
   5    0    5  6    +0.9717    +0.9683    +0.9722  -3.9824e-03      0.058 
 485   41   56  4    +0.0065    +0.0031    +0.0054  -2.3360e-03      0.057 
 181    9   11  1    +0.0536    +0.0576    +0.0553  +2.3000e-03      0.057 
 328   57   56  4    +0.0011    +0.0036    +0.0015  +2.0609e-03      0.057 
 360   19   18  1    -0.0619    -0.0679    -0.0654  -2.4314e-03      0.057 
 155    0   41  5    -0.0380    -0.0403    -0.0386  -1.6517e-03      0.056 
 160    0   46  5    +0.0000    +0.0040    +0.0054  -1.4675e-03      0.055 
 431   18    4  4    -0.0221    -0.0278    -0.0255  -2.2405e-03      0.055 
 120    0    6  5    +0.2250    +0.2302    +0.2281  +2.1641e-03      0.055 
 140    0   26  5    +0.0000    -0.0043    -0.0027  -1.6850e-03      0.055 
 222   37   39  1    +0.0502    +0.0521    +0.0542  -2.0862e-03      0.054 
 453   30   25  4    -0.0570    -0.0606    -0.0584  -2.1595e-03      0.054 
 309   15   45  4    +0.0549    +0.0582    +0.0561  +2.1810e-03      0.053 
 215   31   32  1    -0.0293    -0.0278    -0.0299  +2.1210e-03      0.053 
 484   56   40  4    -0.0318    -0.0329    -0.0307  -2.2483e-03      0.052 
  96    0   39  2    -0.0000    -0.0048    -0.0031  -1.7150e-03      0.052 
 118    0    4  5    +0.0000    -0.0014    -0.0001  -1.2112e-03      0.052 
 471   47   46  4    -0.2686    -0.2762    -0.2734  -2.8001e-03      0.051 
 243   44   45  1    -0.5412    -0.5362    -0.5398  +3.6015e-03      0.051 
  38    0   38  6    +0.9641    +0.9677    +0.9642  +3.4964e-03      0.051 
 346   15    1  1    -2.4646    -2.4761    -2.4695  -6.6005e-03      0.051 
 208   24   26  1    -0.0966    -0.0911    -0.0932  +2.1572e-03      0.051 
 443   22   21  4    -0.0014    +0.0014    -0.0004  +1.7863e-03      0.051 
 117    0    3  5    +0.3330    +0.3340    +0.3317  +2.2832e-03      0.050 
 345   15   13  1    +0.9021    +0.9093    +0.9050  +4.2477e-03      0.049 
 287   24   25  4    +0.0379    +0.0412    +0.0391  +2.1077e-03      0.049 
  76    0   19  2    -0.0420    -0.0464    -0.0447  -1.6483e-03      0.048 
 455   32   31  4    +0.0061    +0.0089    +0.0071  +1.8520e-03      0.048 
 380   37   36  1    +0.2253    +0.2220    +0.2243  -2.3377e-03      0.048 
 325   56   41  4    -0.0033    -0.0003    -0.0022  +1.9298e-03      0.048 
 275   11   13  4    +0.0491    +0.0461    +0.0480  -1.9232e-03      0.048 
 373   30   25  1    -0.0921    -0.0965    -0.0945  -1.9882e-03      0.047 
 147    0   33  5    -0.0240    -0.0232    -0.0249  +1.7405e-03      0.047 
 353    8    7  1    +0.7766    +0.7681    +0.7717  -3.5646e-03      0.047 
 133    0   19  5    -0.0080    -0.0080    -0.0094  +1.4819e-03      0.046 
 382   39   37  1    -0.0501    -0.0558    -0.0541  -1.7862e-03      0.046 
 278   12   17  4    +0.2202    +0.2206    +0.2181  +2.4695e-03      0.046 
 326   56   42  4    +0.0078    +0.0101    +0.0084  +1.7655e-03      0.046 
 474   50   49  4    -0.0321    -0.0340    -0.0323  -1.7742e-03      0.046 
 371   29   28  1    +0.2837    +0.2840    +0.2816  +2.3785e-03      0.045 
 112    0   55  2    -0.0860    -0.0919    -0.0903  -1.5296e-03      0.045 
 246   56   42  1    -0.0174    -0.0207    -0.0190  -1.7598e-03      0.045 
 337    7    6  1    +0.0505    +0.0491    +0.0473  +1.7955e-03      0.045 
 202   21   20  1    +0.0093    +0.0081    +0.0064  +1.7098e-03      0.045 
 269    3   15  4    +0.1206    +0.1235    +0.1215  +1.9825e-03      0.045 
 247   39   57  1    +0.0501    +0.0490    +0.0509  -1.9488e-03      0.044 
 130    0   16  5    -0.0380    -0.0400    -0.0413  +1.2884e-03      0.043 
  52    0   52  6    +0.9498    +0.9526    +0.9497  +2.9090e-03      0.043 
 327   39   57  4    +0.0314    +0.0285    +0.0303  -1.8111e-03      0.042 
 166    0   52  5    -0.0280    -0.0267    -0.0281  +1.3739e-03      0.042 
 307   41   43  4    -0.0527    -0.0537    -0.0520  -1.7768e-03      0.042 
  46    0   46  6    +1.0219    +1.0252    +1.0223  +2.9443e-03      0.042 
 203   21   22  1    -0.0093    -0.0073    -0.0058  -1.4820e-03      0.042 
  89    0   32  2    -0.0200    -0.0166    -0.0178  +1.2224e-03      0.041 
 156    0   42  5    -0.0560    -0.0569    -0.0555  -1.4581e-03      0.041 
 124    0   10  5    -0.0500    -0.0538    -0.0526  -1.1766e-03      0.041 
 151    0   37  5    +0.0000    +0.0019    +0.0009  +1.0580e-03      0.041 
 207   24   25  1    +0.0853    +0.0861    +0.0842  +1.8572e-03      0.040 
  81    0   24  2    -0.0000    +0.0049    +0.0039  +1.0180e-03      0.039 
 352    6    5  1    -0.1530    -0.1515    -0.1533  +1.7535e-03      0.038 
 206   24   25  1    +0.0888    +0.0824    +0.0842  -1.7628e-03      0.038 
 167    0   53  5    -0.1270    -0.1241    -0.1257  +1.5498e-03      0.037 
 336    6    4  1    -0.4029    -0.4040    -0.4063  +2.3672e-03      0.037 
  40    0   40  6    +0.9112    +0.9131    +0.9107  +2.3487e-03      0.035 
 478   52   29  4    -0.0584    -0.0566    -0.0580  +1.4309e-03      0.035 
 489   49   38  4    +0.1198    +0.1213    +0.1196  +1.7061e-03      0.035 
 144    0   30  5    -0.0230    -0.0250    -0.0238  -1.1473e-03      0.035 
 283   21   22  4    +0.0014    -0.0008    +0.0004  -1.2207e-03      0.035 
 217   34   32  1    +0.0981    +0.0943    +0.0958  -1.5139e-03      0.034 
 446   25   24  4    -0.0270    -0.0259    -0.0273  +1.4085e-03      0.033 
 245   56   41  1    -0.0689    -0.0679    -0.0694  +1.4864e-03      0.033 
 128    0   14  5    -0.0670    -0.0652    -0.0643  -9.3179e-04      0.033 
  30    0   30  6    +0.8758    +0.8763    +0.8743  +2.0416e-03      0.032 
  91    0   34  2    -0.0000    -0.0040    -0.0049  +9.9339e-04      0.032 
 296   32   33  4    +0.0241    +0.0262    +0.0250  +1.1799e-03      0.032 
 375   32   31  1    +0.0300    +0.0318    +0.0306  +1.2248e-03      0.031 
 408   56   57  1    +0.0351    +0.0365    +0.0354  +1.1686e-03      0.030 
 306   41   42  4    +0.0543    +0.0519    +0.0531  -1.2669e-03      0.030 
  74    0   17  2    -0.5330    -0.5327    -0.5341  +1.3887e-03      0.030 
 238   29   52  1    +0.2171    +0.2217    +0.2203  +1.4602e-03      0.029 
 145    0   31  5    -0.0370    -0.0375    -0.0385  +1.0090e-03      0.029 
 364   23   22  1    -0.1586    -0.1548    -0.1561  +1.3132e-03      0.029 
  99    0   42  2    -0.0900    -0.0872    -0.0883  +1.0683e-03      0.029 
 168    0   54  5    -0.0180    -0.0226    -0.0217  -8.9351e-04      0.028 
 370   28   27  1    +0.2216    +0.2238    +0.2223  +1.4073e-03      0.028 
 153    0   39  5    -0.0000    -0.0018    -0.0028  +9.2936e-04      0.028 
 272    5    6  4    -0.1772    -0.1764    -0.1777  +1.3542e-03      0.027 
 407   57   39  1    -0.0501    -0.0522    -0.0509  -1.2012e-03      0.027 
 366   25   24  1    -0.0888    -0.0855    -0.0842  -1.2572e-03      0.027 
 210   27   28  1    -0.2178    -0.2172    -0.2185  +1.3421e-03      0.027 
 450   28   27  4    +0.0964    +0.0990    +0.0979  +1.1473e-03      0.027 
 297   34   32  4    +0.0547    +0.0535    +0.0546  -1.1026e-03      0.026 
 260    9   10  4    +0.0158    +0.0199    +0.0188  +1.0467e-03      0.026 
  19    0   19  6    +0.9341    +0.9332    +0.9315  +1.6831e-03      0.025 
 464   38   22  4    +0.0196    +0.0194    +0.0185  +8.7637e-04      0.025 
 490   48   38  4    +0.2096    +0.2099    +0.2111  -1.2337e-03      0.025 
 100    0   43  2    -0.0250    -0.0267    -0.0274  +7.5651e-04      0.025 
 270    4   18  4    +0.0507    +0.0478    +0.0467  +1.0426e-03      0.024 
 282   21   20  4    -0.0014    +0.0028    +0.0019  +9.2303e-04      0.024 
  79    0   22  2    -0.0000    +0.0001    -0.0005  +6.2462e-04      0.024 
 224   22   38  1    -0.1681    -0.1638    -0.1627  -1.0750e-03      0.024 
  82    0   25  2    -0.0800    -0.0743    -0.0752  +8.1288e-04      0.024 
 169    0   55  5    -0.0430    -0.0404    -0.0396  -7.8101e-04      0.024 
 458   35   34  4    +0.0533    +0.0537    +0.0527  +9.2563e-04      0.024 
   2    0    2  6    +1.0100    +1.0121    +1.0104  +1.6471e-03      0.023 
   3    0    3  6    +0.9817    +0.9805    +0.9821  -1.6016e-03      0.023 
 384   38   22  1    +0.1687    +0.1643    +0.1632  +1.0176e-03      0.023 
  41    0   41  6    +0.9521    +0.9543    +0.9527  +1.5328e-03      0.023 
 436   13   12  4    -0.6439    -0.6395    -0.6412  +1.6313e-03      0.023 
 442   20   21  4    +0.0015    -0.0027    -0.0019  -8.5396e-04      0.022 
 303   36   40  4    +0.0366    +0.0342    +0.0351  -8.4702e-04      0.022 
 398   52   29  1    -0.2095    -0.2136    -0.2125  -1.1093e-03      0.022 
 472   48   47  4    -0.1198    -0.1246    -0.1236  -9.4280e-04      0.022 
 231   46   47  1    +0.6310    +0.6243    +0.6259  -1.5172e-03      0.021 
  64    0    7  2    +0.0000    -0.0021    -0.0017  -4.2310e-04      0.021 
 392   48   47  1    -0.2418    -0.2394    -0.2405  +1.0511e-03      0.021 
 341   11    9  1    -0.0525    -0.0551    -0.0543  -8.4005e-04      0.021 
 211   28   29  1    -0.2796    -0.2765    -0.2775  +1.0760e-03      0.021 
 273    7    8  4    -0.2304    -0.2311    -0.2322  +1.0626e-03      0.020 
 179    8    9  1    +1.4673    +1.4721    +1.4701  +1.9414e-03      0.020 
 135    0   21  5    -0.0000    +0.0030    +0.0024  +6.5234e-04      0.020 
  37    0   37  6    +0.9268    +0.9277    +0.9264  +1.3349e-03      0.020 
 425   15   13  4    -0.0502    -0.0508    -0.0500  -8.5591e-04      0.020 
  95    0   38  2    -0.1780    -0.1765    -0.1758  -6.3424e-04      0.020 
 452   29    7  4    -0.2324    -0.2352    -0.2342  -9.5119e-04      0.019 
 214   30   31  1    +0.0461    +0.0474    +0.0466  +7.4224e-04      0.019 
 381   38   37  1    +0.2833    +0.2866    +0.2875  -9.2324e-04      0.018 
 150    0   36  5    +0.0000    -0.0025    -0.0020  -4.7436e-04      0.018 
 209   26   27  1    -0.0966    -0.0954    -0.0946  -7.9213e-04      0.018 
 395   51   50  1    +0.1107    +0.1066    +0.1075  -8.0566e-04      0.018 
 396   51   10  1    -0.3397    -0.3381    -0.3390  +9.8382e-04      0.018 
  20    0   20  6    +0.9212    +0.9176    +0.9188  -1.1461e-03      0.017 
 321   54   55  4    -0.0657    -0.0692    -0.0684  -7.4214e-04      0.017 
 368   26   24  1    +0.0966    +0.0925    +0.0932  -7.3719e-04      0.017 
 106    0   49  2    -0.2290    -0.2283    -0.2289  +6.5703e-04      0.017 
 397   49   13  1    -0.3999    -0.3983    -0.3972  -1.0758e-03      0.017 
 201   19   20  1    +0.0199    +0.0214    +0.0207  +6.5315e-04      0.017 
 221   37   38  1    -0.2755    -0.2787    -0.2795  +8.5141e-04      0.017 
 429   15    3  4    -0.1616    -0.1613    -0.1621  +7.8129e-04      0.016 
  93    0   36  2    -0.0000    +0.0031    +0.0035  -4.0785e-04      0.016 
 276   12   13  4    +0.6169    +0.6131    +0.6142  -1.0662e-03      0.015 
 228   38   44  1    -0.3845    -0.3839    -0.3830  -8.8664e-04      0.015 
 146    0   32  5    -0.0100    -0.0081    -0.0086  +4.4646e-04      0.015 
 176    4    6  1    +0.4113    +0.4158    +0.4149  +9.3499e-04      0.015 
 480   54   53  4    +0.0476    +0.0461    +0.0467  -6.0137e-04      0.015 
 244   40   56  1    +0.0459    +0.0474    +0.0468  +6.2995e-04      0.014 
 157    0   43  5    -0.0130    -0.0117    -0.0122  +4.3261e-04      0.014 
 323   44   45  4    +0.0119    +0.0091    +0.0096  -5.2992e-04      0.014 
 414    4    3  4    +0.1800    +0.1794    +0.1801  -6.3039e-04      0.014 
 438   17   12  4    -0.0948    -0.0923    -0.0917  -6.1193e-04      0.013 
 267    1   16  4    +0.1600    +0.1631    +0.1638  -6.5700e-04      0.013 
  78    0   21  2    -0.0000    +0.0010    +0.0006  +4.0781e-04      0.013 
 483   45   44  4    +0.0226    +0.0252    +0.0247  +4.9312e-04      0.012 
 451   29   28  4    +0.1312    +0.1310    +0.1305  +5.3882e-04      0.012 
 334    4    3  1    -1.1483    -1.1335    -1.1346  +1.0917e-03      0.012 
 473   49   48  4    +0.0863    +0.0848    +0.0854  -5.3531e-04      0.012 
 358   17   12  1    +0.9689    +0.9716    +0.9726  -1.0131e-03      0.012 
 281   19   20  4    +0.0148    +0.0143    +0.0139  +4.4742e-04      0.012 
 488   56   57  4    -0.0007    -0.0015    -0.0011  -4.0535e-04      0.011 
 324   40   56  4    +0.0364    +0.0357    +0.0352  +4.6217e-04      0.011 
  49    0   49  6    +0.9901    +0.9908    +0.9901  +7.0647e-04      0.010 
  88    0   31  2    -0.0740    -0.0755    -0.0751  -3.5957e-04      0.010 
 363   22   21  1    +0.0093    +0.0055    +0.0058  -3.3077e-04      0.009 
 141    0   27  5    -0.0060    -0.0080    -0.0077  -2.8574e-04      0.009 
 218   34   35  1    -0.0981    -0.1012    -0.1008  -3.8269e-04      0.009 
 475   51   50  4    +0.1059    +0.1053    +0.1049  +4.1383e-04      0.009 
  36    0   36  6    +0.9146    +0.9146    +0.9141  +5.6119e-04      0.008 
 102    0   45  2    +0.0000    -0.0022    -0.0021  -1.9543e-04      0.008 
 163    0   49  5    -0.1080    -0.1109    -0.1106  -2.5609e-04      0.008 
 448   26   24  4    +0.0797    +0.0765    +0.0769  -3.2456e-04      0.008 
 456   33   32  4    -0.0240    -0.0252    -0.0249  -2.7955e-04      0.008 
 121    0    7  5    -0.0000    -0.0016    -0.0018  +1.8078e-04      0.007 
   8    0    8  6    +1.0050    +1.0049    +1.0054  -5.1169e-04      0.007 
 406   42   56  1    +0.0175    +0.0194    +0.0191  +2.7906e-04      0.007 
 125    0   11  5    -0.0000    -0.0043    -0.0044  +1.7376e-04      0.007 
  77    0   20  2    -0.0290    -0.0272    -0.0269  -2.3589e-04      0.007 
 416    6    4  4    +0.1387    +0.1394    +0.1398  -3.3487e-04      0.007 
 262    9   12  4    -0.0933    -0.0924    -0.0927  +2.9875e-04      0.006 
 212    7   29  1    +0.7168    +0.7132    +0.7136  -3.9153e-04      0.005 
 301   37   38  4    -0.1636    -0.1656    -0.1659  +2.0950e-04      0.005 
 105    0   48  2    -0.0000    +0.0009    +0.0010  -9.7119e-05      0.004 
   7    0    7  6    +0.9766    +0.9772    +0.9769  +2.7271e-04      0.004 
 466   42   41  4    -0.0483    -0.0474    -0.0473  -1.5803e-04      0.004 
 342   12    9  1    -0.0128    -0.0141    -0.0139  -1.5062e-04      0.004 
 339    9    8  1    -1.4433    -1.4463    -1.4460  -3.3291e-04      0.004 
 158    0   44  5    -0.0230    -0.0259    -0.0260  +1.1123e-04      0.003 
 111    0   54  2    -0.0520    -0.0514    -0.0513  -1.0808e-04      0.003 
 288   24   26  4    -0.0788    -0.0761    -0.0760  -1.1643e-04      0.003 
 223   36   40  1    +0.0460    +0.0473    +0.0472  +8.9049e-05      0.002 
 174    3    4  1    +1.1643    +1.1501    +1.1502  -1.4625e-04      0.002 
 101    0   44  2    -0.1520    -0.1522    -0.1521  -3.2343e-05      0.001 
 291   28   29  4    -0.1254    -0.1247    -0.1247  +3.7926e-05      0.001 
 434   12   10  4    +0.1676    +0.1703    +0.1703  +1.7580e-05      0.000 
 437   16   12  4    -0.1896    -0.1910    -0.1909  -2.3045e-06      0.000 
----------------------------------------------------------------------------------
Não foram identificados erros grosseiros.
Não foram identificadas medidas críticas.
Possíveis conjuntos críticos:
Conjunto 1: 102 36
Conjunto 2: 141 363
Conjunto 3: 358 473
Conjunto 4: 334 451
Conjunto 5: 414 323
Conjunto 6: 480 176 146
Conjunto 7: 176 146
Conjunto 8: 228 276
Conjunto 9: 429 221
Conjunto 10: 201 397
Conjunto 11: 397 106
Conjunto 12: 368 321 20
Conjunto 13: 321 20 396
Conjunto 14: 20 396 395
Conjunto 15: 396 395 209 150
Conjunto 16: 395 209 150
Conjunto 17: 209 150
Conjunto 18: 214 452
Conjunto 19: 95 425 37
Conjunto 20: 425 37
Conjunto 21: 179 273 211
Conjunto 22: 273 211
Conjunto 23: 341 392 64
Conjunto 24: 392 64
Conjunto 25: 398 303
Conjunto 26: 303 442
Conjunto 27: 442 436 41
Conjunto 28: 436 41 384
Conjunto 29: 41 384
Conjunto 30: 458 169 82
Conjunto 31: 169 82
Conjunto 32: 224 79
Conjunto 33: 79 282 270
Conjunto 34: 282 270
Conjunto 35: 270 100 490
Conjunto 36: 100 490 464
Conjunto 37: 490 464
Conjunto 38: 260 297 450
Conjunto 39: 297 450
Conjunto 40: 450 210
Conjunto 41: 366 407
Conjunto 42: 153 370
Conjunto 43: 370 168
Conjunto 44: 99 364 145
Conjunto 45: 364 145
Conjunto 46: 306 408
Conjunto 47: 91 30
Conjunto 48: 30 128 245
Conjunto 49: 128 245
Conjunto 50: 144 489 478 40
Conjunto 51: 489 478 40
Conjunto 52: 478 40
Conjunto 53: 206 352
Conjunto 54: 207 151
Conjunto 55: 151 124 156
Conjunto 56: 124 156
Conjunto 57: 89 203 46 307
Conjunto 58: 203 46 307
Conjunto 59: 46 307
Conjunto 60: 307 166
Conjunto 61: 166 327
Conjunto 62: 247 269
Conjunto 63: 269 202
Conjunto 64: 337 246 112 371
Conjunto 65: 246 112 371
Conjunto 66: 112 371 474 326
Conjunto 67: 371 474 326 278
Conjunto 68: 474 326 278 382
Conjunto 69: 326 278 382 133
Conjunto 70: 278 382 133
Conjunto 71: 382 133
Conjunto 72: 133 353
Conjunto 73: 353 147
Conjunto 74: 147 373
Conjunto 75: 373 275
Conjunto 76: 275 325 380
Conjunto 77: 325 380
Conjunto 78: 380 455
Conjunto 79: 455 76
Conjunto 80: 287 345
Conjunto 81: 117 443 208 346 38
Conjunto 82: 443 208 346 38
Conjunto 83: 208 346 38
Conjunto 84: 346 38
Conjunto 85: 38 243
Conjunto 86: 243 471 118
Conjunto 87: 471 118
Conjunto 88: 118 96
Conjunto 89: 96 484
Conjunto 90: 215 309
Conjunto 91: 309 453 222
Conjunto 92: 453 222
Conjunto 93: 140 120 431
Conjunto 94: 120 431
Conjunto 95: 431 160
Conjunto 96: 360 328 181
Conjunto 97: 328 181
Conjunto 98: 485 5 29
Conjunto 99: 5 29 376
Conjunto 100: 29 376
Conjunto 101: 239 389
Conjunto 102: 389 467 183
Conjunto 103: 467 183 104
Conjunto 104: 183 104
Conjunto 105: 104 248
Conjunto 106: 248 21 317
Conjunto 107: 21 317
Conjunto 108: 94 142 152
Conjunto 109: 142 152
Conjunto 110: 314 123 432 454
Conjunto 111: 123 432 454 394
Conjunto 112: 432 454 394 97
Conjunto 113: 454 394 97
Conjunto 114: 394 97
Conjunto 115: 44 299 186
Conjunto 116: 299 186
Conjunto 117: 290 274
Conjunto 118: 274 428
Conjunto 119: 428 205
Conjunto 120: 205 401
Conjunto 121: 129 113 286
Conjunto 122: 113 286 292 258 311
Conjunto 123: 286 292 258 311
Conjunto 124: 292 258 311
Conjunto 125: 258 311
Conjunto 126: 90 420 256 199
Conjunto 127: 420 256 199
Conjunto 128: 256 199 249 127
Conjunto 129: 199 249 127 92
Conjunto 130: 249 127 92
Conjunto 131: 127 92
Conjunto 132: 119 263 250
Conjunto 133: 263 250
Conjunto 134: 374 261 462 51
Conjunto 135: 261 462 51
Conjunto 136: 462 51
Conjunto 137: 293 232 469
Conjunto 138: 232 469 84 445
Conjunto 139: 469 84 445
Conjunto 140: 84 445 470
Conjunto 141: 445 470
Conjunto 142: 470 476 204 34 251 305 138
Conjunto 143: 476 204 34 251 305 138
Conjunto 144: 204 34 251 305 138
Conjunto 145: 34 251 305 138 162 322
Conjunto 146: 251 305 138 162 322
Conjunto 147: 305 138 162 322
Conjunto 148: 138 162 322
Conjunto 149: 162 322
Conjunto 150: 447 196 383 302 85 233 271 423
Conjunto 151: 196 383 302 85 233 271 423 70
Conjunto 152: 383 302 85 233 271 423 70 316
Conjunto 153: 302 85 233 271 423 70 316
Conjunto 154: 85 233 271 423 70 316
Conjunto 155: 233 271 423 70 316
Conjunto 156: 271 423 70 316 404
Conjunto 157: 423 70 316 404
Conjunto 158: 70 316 404 439 433
Conjunto 159: 316 404 439 433 143
Conjunto 160: 404 439 433 143 388
Conjunto 161: 439 433 143 388
Conjunto 162: 433 143 388
Conjunto 163: 143 388 253 304
Conjunto 164: 388 253 304 265 50
Conjunto 165: 253 304 265 50 367 80
Conjunto 166: 304 265 50 367 80
Conjunto 167: 265 50 367 80 482 403
Conjunto 168: 50 367 80 482 403
Conjunto 169: 367 80 482 403
Conjunto 170: 80 482 403
Conjunto 171: 482 403 200 259
Conjunto 172: 403 200 259
Conjunto 173: 200 259
Conjunto 174: 164 189 159 184
Conjunto 175: 189 159 184
Conjunto 176: 159 184
Conjunto 177: 23 310
Conjunto 178: 487 14 320 377
Conjunto 179: 14 320 377 417
Conjunto 180: 320 377 417 355 338
Conjunto 181: 377 417 355 338
Conjunto 182: 417 355 338 6 134
Conjunto 183: 355 338 6 134
Conjunto 184: 338 6 134 148
Conjunto 185: 6 134 148
Conjunto 186: 134 148 427
Conjunto 187: 148 427
Conjunto 188: 137 280
Conjunto 189: 468 418 187 110 378 11
Conjunto 190: 418 187 110 378 11 83
Conjunto 191: 187 110 378 11 83
Conjunto 192: 110 378 11 83
Conjunto 193: 378 11 83
Conjunto 194: 11 83
Conjunto 195: 426 356 415 87 413
Conjunto 196: 356 415 87 413
Conjunto 197: 415 87 413 294 216
Conjunto 198: 87 413 294 216
Conjunto 199: 413 294 216 284
Conjunto 200: 294 216 284 220
Conjunto 201: 216 284 220
Conjunto 202: 284 220 318 98
Conjunto 203: 220 318 98
Conjunto 204: 318 98 457 477
Conjunto 205: 98 457 477
Conjunto 206: 457 477
Conjunto 207: 27 444
Conjunto 208: 444 149
Conjunto 209: 149 234 136 257 195 399 308
Conjunto 210: 234 136 257 195 399 308 24
Conjunto 211: 136 257 195 399 308 24 116
Conjunto 212: 257 195 399 308 24 116
Conjunto 213: 195 399 308 24 116 385
Conjunto 214: 399 308 24 116 385
Conjunto 215: 308 24 116 385 252
Conjunto 216: 24 116 385 252
Conjunto 217: 116 385 252
Conjunto 218: 385 252
Conjunto 219: 410 486 461 264
Conjunto 220: 486 461 264
Conjunto 221: 461 264
Conjunto 222: 285 313
Conjunto 223: 313 405 463 449
Conjunto 224: 405 463 449 266
Conjunto 225: 463 449 266 402
Conjunto 226: 449 266 402
Conjunto 227: 266 402 242
Conjunto 228: 402 242
Conjunto 229: 343 465 400
Conjunto 230: 465 400
Conjunto 231: 400 165
Conjunto 232: 165 198 185
Conjunto 233: 198 185 441 369 31 67 344 289 361
Conjunto 234: 185 441 369 31 67 344 289 361
Conjunto 235: 441 369 31 67 344 289 361
Conjunto 236: 369 31 67 344 289 361 225
Conjunto 237: 31 67 344 289 361 225
Conjunto 238: 67 344 289 361 225 139 440
Conjunto 239: 344 289 361 225 139 440
Conjunto 240: 289 361 225 139 440
Conjunto 241: 361 225 139 440
Conjunto 242: 225 139 440 295 329
Conjunto 243: 139 440 295 329
Conjunto 244: 440 295 329
Conjunto 245: 295 329 319
Conjunto 246: 329 319
Conjunto 247: 491 315 481 340
Conjunto 248: 315 481 340
Conjunto 249: 481 340 424
Conjunto 250: 340 424
Conjunto 251: 424 47 86
Conjunto 252: 47 86 35
Conjunto 253: 86 35
Conjunto 254: 357 386 126 435 254
Conjunto 255: 386 126 435 254
Conjunto 256: 126 435 254 107 103
Conjunto 257: 435 254 107 103
Conjunto 258: 254 107 103 171
Conjunto 259: 107 103 171
Conjunto 260: 103 171
Conjunto 261: 171 226
Conjunto 262: 226 359
Conjunto 263: 192 277 26 422 300 16
Conjunto 264: 277 26 422 300 16
Conjunto 265: 26 422 300 16
Conjunto 266: 422 300 16
Conjunto 267: 300 16
Conjunto 268: 230 213
Conjunto 269: 213 237
Conjunto 270: 237 1
Conjunto 271: 1 393
Conjunto 272: 393 173
Conjunto 273: 56 387 182
Conjunto 274: 387 182 73 194 12
Conjunto 275: 182 73 194 12 177
Conjunto 276: 73 194 12 177 114 193
Conjunto 277: 194 12 177 114 193
Conjunto 278: 12 177 114 193 154
Conjunto 279: 177 114 193 154 421 219
Conjunto 280: 114 193 154 421 219
Conjunto 281: 193 154 421 219
Conjunto 282: 154 421 219
Conjunto 283: 421 219 18 22
Conjunto 284: 219 18 22
Conjunto 285: 18 22 236
Conjunto 286: 22 236
Conjunto 287: 330 347 351 335 170
Conjunto 288: 347 351 335 170 365 227
Conjunto 289: 351 335 170 365 227
Conjunto 290: 335 170 365 227 312
Conjunto 291: 170 365 227 312
Conjunto 292: 365 227 312 459
Conjunto 293: 227 312 459
Conjunto 294: 312 459
Conjunto 295: 180 298 109 279 15
Conjunto 296: 298 109 279 15
Conjunto 297: 109 279 15
Conjunto 298: 279 15 178
Conjunto 299: 15 178
Conjunto 300: 178 25 42
Conjunto 301: 25 42 411
Conjunto 302: 42 411
Conjunto 303: 411 235 391
Conjunto 304: 235 391 28
Conjunto 305: 391 28
Conjunto 306: 54 255
Conjunto 307: 354 412
Conjunto 308: 412 32
Conjunto 309: 32 45 241
Conjunto 310: 45 241
Conjunto 311: 33 268 131 108
Conjunto 312: 268 131 108
Conjunto 313: 131 108
Conjunto 314: 430 362 53
Conjunto 315: 362 53
Conjunto 316: 43 4 55
Conjunto 317: 4 55
Conjunto 318: 57 172 10
Conjunto 319: 172 10 460 13
Conjunto 320: 10 460 13
Conjunto 321: 460 13
Conjunto 322: 419 48 17 161 39
Conjunto 323: 48 17 161 39
Conjunto 324: 17 161 39 372 69
Conjunto 325: 161 39 372 69
Conjunto 326: 39 372 69 72
Conjunto 327: 372 69 72 379
Conjunto 328: 69 72 379
Conjunto 329: 72 379
Conjunto 330: 188 115
Conjunto 331: 71 333
Conjunto 332: 390 191
Conjunto 333: 349 63 66
Conjunto 334: 63 66
Conjunto 335: 348 132
Conjunto 336: 132 68
