================================================================================= 
=== UFF - Doutorado em Computação - Aplicaçoes em Sistemas de Potencia        === 
=== ESTIMADOR DE ESTADO MÍNIMOS QUADRADOS PONDERADOS INCLUINDO MEDIDAS DE PMU === 
=== Desenvolvido por: Rui Menezes de Moraes - 2009                            === 
================================================================================= 
Arquivo de medidores:          F:\Documents\Uff\Artigos\SimSEP\VERSAO WELDAN V2\Codigos\Med\ieee57_18_1800.med
Arquivo do sistema:            F:\Documents\Uff\Artigos\SimSEP\VERSAO WELDAN V2\Codigos\Carga\ieee57_18_1800.txt
Tolerância entre iteraçoes:     1.00e-04
Limite de iteraçoes:           100

--- DADOS DA REDE --------------------------------------------------------------- 
Data do caso:                  08/25/93
Origem:                        UW ARCHIVE          
MVA base:                      100
Ano:                           1961
Estação:                       W
Identificação:                 IEEE 57 Bus Test Case
Número de barras:              57 
Número de ramos:               80 
Referência na barra:           1

--- TELEMEDIDAS ------------------------------------------------------------------
    Tipo 1 = Fluxo de potencia ativa        Tipo  6 = Módulo da tensão            
    Tipo 2 = Injeção de potencia ativa      Tipo  7 = Corrente de ramo (real)     
    Tipo 3 = Ângulo de fase da tensão       Tipo  8 = Corrente de ramo (imag)     
    Tipo 4 = Fluxo de potencia reativa      Tipo  9 = Injeção de corrente (real)  
    Tipo 5 = Injeção de potencia reativa    Tipo 10 = Injeção de corrente (imag)  
----------------------------------------------------------------------------------
   N    D    P TP  PN ST   Exa   FS       DP      V_Ref      V_Med          E(%) 
----------------------------------------------------------------------------------
   1    0    1  6   0  0 0.015 01.1  0.00520   +1.04000   +1.05427     +1.372115 
   2    0    2  6   0  0 0.015 01.1  0.00505   +1.01000   +1.00793     -0.204950 
   3    0    3  6   0  0 0.015 01.1  0.00501   +1.00279   +1.01193     +0.911457 
   4    0    4  6   0  0 0.015 01.1  0.00496   +0.99184   +1.00072     +0.895306 
   5    0    5  6   0  0 0.015 01.1  0.00490   +0.97909   +0.99363     +1.485052 
   6    0    6  6   0  0 0.015 01.1  0.00490   +0.98000   +0.97153     -0.864286 
   7    0    7  6   0  0 0.015 01.1  0.00491   +0.98213   +0.97709     -0.513170 
   8    0    8  6   0  0 0.015 01.1  0.00502   +1.00500   +1.01291     +0.787065 
   9    0    9  6   0  0 0.015 01.1  0.00490   +0.98000   +0.98755     +0.770408 
  10    0   10  6   0  0 0.015 01.1  0.00491   +0.98282   +0.99642     +1.383773 
  11    0   11  6   0  0 0.015 01.1  0.00486   +0.97234   +0.97438     +0.209803 
  12    0   12  6   0  0 0.015 01.1  0.00507   +1.01500   +1.01830     +0.325123 
  13    0   13  6   0  0 0.015 01.1  0.00489   +0.97818   +0.97422     -0.404833 
  14    0   14  6   0  0 0.015 01.1  0.00485   +0.97036   +0.96581     -0.468898 
  15    0   15  6   0  0 0.015 01.1  0.00496   +0.99204   +0.99502     +0.300391 
  16    0   16  6   0  0 0.015 01.1  0.00508   +1.01601   +1.01679     +0.076771 
  17    0   17  6   0  0 0.015 01.1  0.00510   +1.02009   +1.01963     -0.045094 
  18    0   18  6   0  0 0.015 01.1  0.00504   +1.00775   +1.01245     +0.466386 
  19    0   19  6   0  0 0.015 01.1  0.00485   +0.96921   +0.95578     -1.385665 
  20    0   20  6   0  0 0.015 01.1  0.00480   +0.95956   +0.95064     -0.929593 
  21    0   21  6   0  0 0.015 01.1  0.00501   +1.00207   +1.01496     +1.286337 
  22    0   22  6   0  0 0.015 01.1  0.00501   +1.00283   +1.00533     +0.249294 
  23    0   23  6   0  0 0.015 01.1  0.00500   +1.00101   +0.98646     -1.453532 
  24    0   24  6   0  0 0.015 01.1  0.00494   +0.98730   +0.98119     -0.618860 
  25    0   25  6   0  0 0.015 01.1  0.00481   +0.96199   +0.94887     -1.363840 
  26    0   26  6   0  0 0.015 01.1  0.00475   +0.94937   +0.95776     +0.883744 
  27    0   27  6   0  0 0.015 01.1  0.00487   +0.97319   +0.97936     +0.633997 
  28    0   28  6   0  0 0.015 01.1  0.00495   +0.98932   +0.99040     +0.109166 
  29    0   29  6   0  0 0.015 01.1  0.00502   +1.00362   +1.00623     +0.260059 
  30    0   30  6   0  0 0.015 01.1  0.00470   +0.94019   +0.93204     -0.866846 
  31    0   31  6   0  0 0.015 01.1  0.00456   +0.91165   +0.90930     -0.257774 
  32    0   32  6   0  0 0.015 01.1  0.00465   +0.93025   +0.93070     +0.048374 
  33    0   33  6   0  0 0.015 01.1  0.00464   +0.92766   +0.93708     +1.015458 
  34    0   34  6   0  0 0.015 01.1  0.00473   +0.94509   +0.94963     +0.480378 
  35    0   35  6   0  0 0.015 01.1  0.00477   +0.95351   +0.95297     -0.056633 
  36    0   36  6   0  0 0.015 01.1  0.00482   +0.96476   +0.97497     +1.058294 
  37    0   37  6   0  0 0.015 01.1  0.00487   +0.97506   +0.97452     -0.055381 
  38    0   38  6   0  0 0.015 01.1  0.00503   +1.00658   +0.99970     -0.683503 
  39    0   39  6   0  0 0.015 01.1  0.00486   +0.97281   +0.97955     +0.692838 
  40    0   40  6   0  0 0.015 01.1  0.00481   +0.96160   +0.97514     +1.408070 
  41    0   41  6   0  0 0.015 01.1  0.00495   +0.98959   +0.98590     -0.372882 
  42    0   42  6   0  0 0.015 01.1  0.00478   +0.95525   +0.94776     -0.784088 
  43    0   43  6   0  0 0.015 01.1  0.00503   +1.00631   +0.99854     -0.772128 
  44    0   44  6   0  0 0.015 01.1  0.00506   +1.01245   +0.99784     -1.443034 
  45    0   45  6   0  0 0.015 01.1  0.00518   +1.03678   +1.05179     +1.447752 
  46    0   46  6   0  0 0.015 01.1  0.00529   +1.05833   +1.06794     +0.908034 
  47    0   47  6   0  0 0.015 01.1  0.00515   +1.02909   +1.03105     +0.190460 
  48    0   48  6   0  0 0.015 01.1  0.00511   +1.02258   +1.01917     -0.333470 
  49    0   49  6   0  0 0.015 01.1  0.00516   +1.03252   +1.03725     +0.458103 
  50    0   50  6   0  0 0.015 01.1  0.00509   +1.01758   +1.03265     +1.480965 
  51    0   51  6   0  0 0.015 01.1  0.00525   +1.04931   +1.05604     +0.641374 
  52    0   52  6   0  0 0.015 01.1  0.00485   +0.97031   +0.95874     -1.192402 
  53    0   53  6   0  0 0.015 01.1  0.00480   +0.95961   +0.95809     -0.158398 
  54    0   54  6   0  0 0.015 01.1  0.00495   +0.99005   +0.99578     +0.578759 
  55    0   55  6   0  0 0.015 01.1  0.00515   +1.03089   +1.02572     -0.501508 
  56    0   56  6   0  0 0.015 01.1  0.00478   +0.95646   +0.96856     +1.265082 
  57    0   57  6   0  0 0.015 01.1  0.00476   +0.95210   +0.95589     +0.398067 
  58    0    1  2   0  0 0.020 01.0  0.00821   +0.97083   +0.99210     +2.190909 
  59    0    2  2   0  0 0.020 01.0  0.00195   -0.03300   -0.03387     +2.636364 
  60    0    3  2   0  0 0.020 01.0  0.01740   +2.35000   +2.32917     -0.886383 
  61    0    4  2   0  0 0.020 01.0  0.00173   +0.00000   +0.00405     +0.000000 
  62    0    5  2   0  0 0.020 01.0  0.00269   -0.14400   -0.15180     +5.416667 
  63    0    6  2   0  0 0.020 01.0  0.00729   -0.83300   -0.84839     +1.847539 
  64    0    7  2   0  0 0.020 01.0  0.00173   +0.00000   +0.00478     +0.000000 
  65    0    8  2   0  0 0.020 01.0  0.01063   +1.33500   +1.34868     +1.024719 
  66    0    9  2   0  0 0.020 01.0  0.00907   -1.10100   -1.11154     +0.957312 
  67    0   10  2   0  0 0.020 01.0  0.00232   -0.08800   -0.08343     -5.193182 
  68    0   11  2   0  0 0.020 01.0  0.00173   +0.00000   +0.00320     +0.000000 
  69    0   12  2   0  0 0.020 01.0  0.01717   +2.31500   +2.35715     +1.820734 
  70    0   13  2   0  0 0.020 01.0  0.00307   -0.20000   -0.19737     -1.315000 
  71    0   14  2   0  0 0.020 01.0  0.00251   -0.11700   -0.11506     -1.658120 
  72    0   15  2   0  0 0.020 01.0  0.00336   -0.24400   -0.25169     +3.151639 
  73    0   16  2   0  0 0.020 01.0  0.00491   -0.47700   -0.46465     -2.589099 
  74    0   17  2   0  0 0.020 01.0  0.00484   -0.46600   -0.46240     -0.772532 
  75    0   18  2   0  0 0.020 01.0  0.00375   -0.30200   -0.30745     +1.804636 
  76    0   19  2   0  0 0.020 01.0  0.00198   -0.03700   -0.03164    -14.486486 
  77    0   20  2   0  0 0.020 01.0  0.00191   -0.02600   -0.03119    +19.961538 
  78    0   21  2   0  0 0.020 01.0  0.00173   -0.00000   -0.00498     +0.000000 
  79    0   22  2   0  0 0.020 01.0  0.00173   +0.00000   -0.00428     +0.000000 
  80    0   23  2   0  0 0.020 01.0  0.00220   -0.07000   -0.06976     -0.342857 
  81    0   24  2   0  0 0.020 01.0  0.00173   +0.00000   +0.00394     +0.000000 
  82    0   25  2   0  0 0.020 01.0  0.00220   -0.07000   -0.07129     +1.842857 
  83    0   26  2   0  0 0.020 01.0  0.00173   -0.00000   +0.00064     +0.000000 
  84    0   27  2   0  0 0.020 01.0  0.00242   -0.10300   -0.10157     -1.388350 
  85    0   28  2   0  0 0.020 01.0  0.00207   -0.05100   -0.05629    +10.372549 
  86    0   29  2   0  0 0.020 01.0  0.00299   -0.18900   -0.19095     +1.031746 
  87    0   30  2   0  0 0.020 01.0  0.00200   -0.04000   -0.04174     +4.350000 
  88    0   31  2   0  0 0.020 01.0  0.00216   -0.06400   -0.06731     +5.171875 
  89    0   32  2   0  0 0.020 01.0  0.00185   -0.01800   -0.02236    +24.222222 
  90    0   33  2   0  0 0.020 01.0  0.00201   -0.04200   -0.04668    +11.142857 
  91    0   34  2   0  0 0.020 01.0  0.00173   +0.00000   -0.00242     +0.000000 
  92    0   35  2   0  0 0.020 01.0  0.00218   -0.06700   -0.07006     +4.567164 
  93    0   36  2   0  0 0.020 01.0  0.00173   +0.00000   +0.00454     +0.000000 
  94    0   37  2   0  0 0.020 01.0  0.00173   +0.00000   -0.00326     +0.000000 
  95    0   38  2   0  0 0.020 01.0  0.00277   -0.15500   -0.15488     -0.077419 
  96    0   39  2   0  0 0.020 01.0  0.00173   +0.00000   -0.00367     +0.000000 
  97    0   40  2   0  0 0.020 01.0  0.00173   +0.00000   +0.00438     +0.000000 
  98    0   41  2   0  0 0.020 01.0  0.00220   -0.07000   -0.06433     -8.100000 
  99    0   42  2   0  0 0.020 01.0  0.00226   -0.07900   -0.08393     +6.240506 
 100    0   43  2   0  0 0.020 01.0  0.00188   -0.02200   -0.01781    -19.045455 
 101    0   44  2   0  0 0.020 01.0  0.00262   -0.13300   -0.14067     +5.766917 
 102    0   45  2   0  0 0.020 01.0  0.00173   -0.00000   +0.00231     +0.000000 
 103    0   46  2   0  0 0.020 01.0  0.00173   -0.00000   +0.00394     +0.000000 
 104    0   47  2   0  0 0.020 01.0  0.00393   -0.33000   -0.33266     +0.806061 
 105    0   48  2   0  0 0.020 01.0  0.00173   +0.00000   -0.00264     +0.000000 
 106    0   49  2   0  0 0.020 01.0  0.00307   -0.20000   -0.20714     +3.570000 
 107    0   50  2   0  0 0.020 01.0  0.00329   -0.23300   -0.22616     -2.935622 
 108    0   51  2   0  0 0.020 01.0  0.00307   -0.20000   -0.19706     -1.470000 
 109    0   52  2   0  0 0.020 01.0  0.00209   -0.05400   -0.05049     -6.500000 
 110    0   53  2   0  0 0.020 01.0  0.00321   -0.22200   -0.22473     +1.229730 
 111    0   54  2   0  0 0.020 01.0  0.00204   -0.04600   -0.04987     +8.413043 
 112    0   55  2   0  0 0.020 01.0  0.00223   -0.07500   -0.08156     +8.746667 
 113    0   56  2   0  0 0.020 01.0  0.00229   -0.08400   -0.08970     +6.785714 
 114    0   57  2   0  0 0.020 01.0  0.00223   -0.07400   -0.07628     +3.081081 
 115    0    1  5   0  0 0.020 01.0  0.01257   +1.62535   +1.61033     -0.924109 
 116    0    2  5   0  0 0.020 01.0  0.00898   -1.08681   -1.08646     -0.032204 
 117    0    3  5   0  0 0.020 01.0  0.00395   -0.33300   -0.33568     +0.804805 
 118    0    4  5   0  0 0.020 01.0  0.00173   -0.00000   +0.00455     +0.000000 
 119    0    5  5   0  0 0.020 01.0  0.00203   -0.04400   -0.04814     +9.409091 
 120    0    6  5   0  0 0.020 01.0  0.00178   +0.00744   +0.01043    +40.188172 
 121    0    7  5   0  0 0.020 01.0  0.00173   +0.00000   -0.00335     +0.000000 
 122    0    8  5   0  0 0.020 01.0  0.00614   +0.66155   +0.67280     +1.700552 
 123    0    9  5   0  0 0.020 01.0  0.00303   -0.19411   -0.19298     -0.582144 
 124    0   10  5   0  0 0.020 01.0  0.00197   -0.03500   -0.03535     +1.000000 
 125    0   11  5   0  0 0.020 01.0  0.00173   -0.00000   -0.00146     +0.000000 
 126    0   12  5   0  0 0.020 01.0  0.00389   +0.32379   +0.32080     -0.923438 
 127    0   13  5   0  0 0.020 01.0  0.00191   -0.02600   -0.02734     +5.153846 
 128    0   14  5   0  0 0.020 01.0  0.00213   -0.05900   -0.06211     +5.271186 
 129    0   15  5   0  0 0.020 01.0  0.00211   -0.05600   -0.05003    -10.660714 
 130    0   16  5   0  0 0.020 01.0  0.00195   -0.03300   -0.03112     -5.696970 
 131    0   17  5   0  0 0.020 01.0  0.00233   -0.08900   -0.08893     -0.078652 
 132    0   18  5   0  0 0.020 01.0  0.00246   -0.10900   -0.11346     +4.091743 
 133    0   19  5   0  0 0.020 01.0  0.00178   -0.00700   -0.01123    +60.428571 
 134    0   20  5   0  0 0.020 01.0  0.00181   -0.01100   -0.00679    -38.272727 
 135    0   21  5   0  0 0.020 01.0  0.00173   +0.00000   -0.00143     +0.000000 
 136    0   22  5   0  0 0.020 01.0  0.00173   +0.00000   -0.00048     +0.000000 
 137    0   23  5   0  0 0.020 01.0  0.00189   -0.02300   -0.02793    +21.434783 
 138    0   24  5   0  0 0.020 01.0  0.00173   -0.00000   +0.00365     +0.000000 
 139    0   25  5   0  0 0.020 01.0  0.00197   -0.03600   -0.03861     +7.250000 
 140    0   26  5   0  0 0.020 01.0  0.00173   +0.00000   +0.00428     +0.000000 
 141    0   27  5   0  0 0.020 01.0  0.00177   -0.00600   -0.01068    +78.000000 
 142    0   28  5   0  0 0.020 01.0  0.00191   -0.02600   -0.02467     -5.115385 
 143    0   29  5   0  0 0.020 01.0  0.00193   -0.02900   -0.02826     -2.551724 
 144    0   30  5   0  0 0.020 01.0  0.00187   -0.02000   -0.01812     -9.400000 
 145    0   31  5   0  0 0.020 01.0  0.00195   -0.03200   -0.03392     +6.000000 
 146    0   32  5   0  0 0.020 01.0  0.00179   -0.00900   -0.01397    +55.222222 
 147    0   33  5   0  0 0.020 01.0  0.00187   -0.02100   -0.02341    +11.476190 
 148    0   34  5   0  0 0.020 01.0  0.00173   -0.00000   +0.00448     +0.000000 
 149    0   35  5   0  0 0.020 01.0  0.00195   -0.03300   -0.02949    -10.636364 
 150    0   36  5   0  0 0.020 01.0  0.00173   -0.00000   -0.00176     +0.000000 
 151    0   37  5   0  0 0.020 01.0  0.00173   +0.00000   +0.00247     +0.000000 
 152    0   38  5   0  0 0.020 01.0  0.00225   -0.07800   -0.07709     -1.166667 
 153    0   39  5   0  0 0.020 01.0  0.00173   -0.00000   -0.00503     +0.000000 
 154    0   40  5   0  0 0.020 01.0  0.00173   -0.00000   -0.00077     +0.000000 
 155    0   41  5   0  0 0.020 01.0  0.00195   -0.03300   -0.03852    +16.727273 
 156    0   42  5   0  0 0.020 01.0  0.00206   -0.04900   -0.04549     -7.163265 
 157    0   43  5   0  0 0.020 01.0  0.00181   -0.01100   -0.00579    -47.363636 
 158    0   44  5   0  0 0.020 01.0  0.00187   -0.02000   -0.01787    -10.650000 
 159    0   45  5   0  0 0.020 01.0  0.00173   +0.00000   +0.00291     +0.000000 
 160    0   46  5   0  0 0.020 01.0  0.00173   +0.00000   +0.00102     +0.000000 
 161    0   47  5   0  0 0.020 01.0  0.00259   -0.12900   -0.13235     +2.596899 
 162    0   48  5   0  0 0.020 01.0  0.00173   -0.00000   +0.00256     +0.000000 
 163    0   49  5   0  0 0.020 01.0  0.00236   -0.09400   -0.09125     -2.925532 
 164    0   50  5   0  0 0.020 01.0  0.00251   -0.11700   -0.11787     +0.743590 
 165    0   51  5   0  0 0.020 01.0  0.00213   -0.05900   -0.06003     +1.745763 
 166    0   52  5   0  0 0.020 01.0  0.00189   -0.02400   -0.02797    +16.541667 
 167    0   53  5   0  0 0.020 01.0  0.00247   -0.11100   -0.11040     -0.540541 
 168    0   54  5   0  0 0.020 01.0  0.00184   -0.01600   -0.01935    +20.937500 
 169    0   55  5   0  0 0.020 01.0  0.00199   -0.03800   -0.03503     -7.815789 
 170    0   56  5   0  0 0.020 01.0  0.00189   -0.02400   -0.02155    -10.208333 
 171    0   57  5   0  0 0.020 01.0  0.00188   -0.02200   -0.01969    -10.500000 
 172    1    2  1   0  0 0.020 01.0  0.00204   -0.04581   -0.04292     -6.308666 
 173    2    3  1   0  0 0.020 01.0  0.00232   -0.08862   -0.08644     -2.459941 
 174    3    4  1   0  0 0.020 01.0  0.00995   +1.23283   +1.25618     +1.894016 
 175    4    5  1   0  0 0.020 01.0  0.00426   +0.37836   +0.37813     -0.060789 
 176    4    6  1   0  0 0.020 01.0  0.00492   +0.47875   +0.47407     -0.977546 
 177    6    7  1   0  0 0.020 01.0  0.00203   +0.04530   +0.05095    +12.472406 
 178    6    8  1   0  0 0.020 01.0  0.00298   -0.18673   -0.19343     +3.588068 
 179    8    9  1   0  0 0.020 01.0  0.00588   +0.62137   +0.61109     -1.654409 
 180    9   10  1   0  0 0.020 01.0  0.00251   -0.11588   -0.12107     +4.478771 
 181    9   11  1   0  0 0.020 01.0  0.00234   -0.09151   -0.08718     -4.731723 
 182    9   12  1   0  0 0.020 01.0  0.00381   -0.31126   -0.32114     +3.174195 
 183    9   13  1   0  0 0.020 01.0  0.00313   -0.21008   -0.21025     +0.080922 
 184   13   14  1   0  0 0.020 01.0  0.00245   +0.10809   +0.10954     +1.341475 
 185   13   15  1   0  0 0.020 01.0  0.00370   -0.29488   -0.29787     +1.013972 
 186    1   15  1   0  0 0.020 01.0  0.00498   +0.48751   +0.49315     +1.156899 
 187    1   16  1   0  0 0.020 01.0  0.00297   +0.18603   +0.19239     +3.418803 
 188    1   17  1   0  0 0.020 01.0  0.00402   +0.34310   +0.35277     +2.818420 
 189    3   15  1   0  0 0.020 01.0  0.00859   +1.02792   +1.05118     +2.262822 
 190    4   18  1   0  0 0.020 01.0  0.00278   +0.15734   +0.16402     +4.245583 
 191    4   18  1   0  0 0.020 01.0  0.00308   +0.20142   +0.19231     -4.522887 
 192    5    6  1   0  0 0.020 01.0  0.00323   +0.22494   +0.21605     -3.952165 
 193    7    8  1   0  0 0.020 01.0  0.00521   -0.52078   -0.50920     -2.223588 
 194   10   12  1   0  0 0.020 01.0  0.00555   -0.57301   -0.57486     +0.322856 
 195   11   13  1   0  0 0.020 01.0  0.00403   -0.34510   -0.34650     +0.405680 
 196   12   13  1   0  0 0.020 01.0  0.00836   +0.99352   +0.98502     -0.855544 
 197   12   16  1   0  0 0.020 01.0  0.00369   +0.29432   +0.30407     +3.312721 
 198   12   17  1   0  0 0.020 01.0  0.00258   +0.12655   +0.12984     +2.599763 
 199   14   15  1   0  0 0.020 01.0  0.00541   -0.55093   -0.53669     -2.584720 
 200   18   19  1   0  0 0.020 01.0  0.00211   +0.05677   +0.05716     +0.686983 
 201   19   20  1   0  0 0.020 01.0  0.00185   +0.01814   +0.01282    -29.327453 
 202   21   20  1   0  0 0.020 01.0  0.00179   +0.00799   +0.01142    +42.928661 
 203   21   22  1   0  0 0.020 01.0  0.00179   -0.00799   -0.01027    +28.535670 
 204   22   23  1   0  0 0.020 01.0  0.00285   +0.16830   +0.17460     +3.743316 
 205   23   24  1   0  0 0.020 01.0  0.00239   +0.09802   +0.10318     +5.264232 
 206   24   25  1   0  0 0.020 01.0  0.00224   +0.07535   +0.07603     +0.902455 
 207   24   25  1   0  0 0.020 01.0  0.00222   +0.07241   +0.07184     -0.787184 
 208   24   26  1   0  0 0.020 01.0  0.00208   -0.05134   -0.04698     -8.492404 
 209   26   27  1   0  0 0.020 01.0  0.00208   -0.05134   -0.05324     +3.700818 
 210   27   28  1   0  0 0.020 01.0  0.00277   -0.15539   -0.15973     +2.792973 
 211   28   29  1   0  0 0.020 01.0  0.00312   -0.20823   -0.21664     +4.038803 
 212    7   29  1   0  0 0.020 01.0  0.00551   +0.56602   +0.55396     -2.130667 
 213   25   30  1   0  0 0.020 01.0  0.00225   +0.07776   +0.07881     +1.350309 
 214   30   31  1   0  0 0.020 01.0  0.00198   +0.03648   +0.04128    +13.157895 
 215   31   32  1   0  0 0.020 01.0  0.00192   -0.02835   -0.02522    -11.040564 
 216   32   33  1   0  0 0.020 01.0  0.00201   +0.04210   +0.04457     +5.866983 
 217   34   32  1   0  0 0.020 01.0  0.00233   +0.08894   +0.08786     -1.214302 
 218   34   35  1   0  0 0.020 01.0  0.00233   -0.08894   -0.08255     -7.184619 
 219   35   36  1   0  0 0.020 01.0  0.00278   -0.15651   -0.15225     -2.721871 
 220   36   37  1   0  0 0.020 01.0  0.00304   -0.19623   -0.19868     +1.248535 
 221   37   38  1   0  0 0.020 01.0  0.00334   -0.24061   -0.23960     -0.419766 
 222   37   39  1   0  0 0.020 01.0  0.00202   +0.04276   +0.03939     -7.881197 
 223   36   40  1   0  0 0.020 01.0  0.00199   +0.03831   +0.03539     -7.622031 
 224   22   38  1   0  0 0.020 01.0  0.00291   -0.17630   -0.17219     -2.331254 
 225   11   41  1   0  0 0.020 01.0  0.00241   +0.10209   +0.09942     -2.615339 
 226   41   42  1   0  0 0.020 01.0  0.00239   +0.09836   +0.09725     -1.128508 
 227   41   43  1   0  0 0.020 01.0  0.00259   -0.12891   -0.12504     -3.002094 
 228   38   44  1   0  0 0.020 01.0  0.00339   -0.24855   -0.25154     +1.202977 
 229   15   45  1   0  0 0.020 01.0  0.00435   +0.39228   +0.39088     -0.356888 
 230   14   46  1   0  0 0.020 01.0  0.00534   +0.54157   +0.52663     -2.758646 
 231   46   47  1   0  0 0.020 01.0  0.00534   +0.54157   +0.54888     +1.349779 
 232   47   48  1   0  0 0.020 01.0  0.00309   +0.20396   +0.20621     +1.103157 
 233   48   49  1   0  0 0.020 01.0  0.00198   -0.03739   -0.04184    +11.901578 
 234   49   50  1   0  0 0.020 01.0  0.00219   +0.06906   +0.06532     -5.415581 
 235   50   51  1   0  0 0.020 01.0  0.00283   -0.16475   -0.16800     +1.972686 
 236   10   51  1   0  0 0.020 01.0  0.00419   +0.36860   +0.35681     -3.198589 
 237   13   49  1   0  0 0.020 01.0  0.00440   +0.40044   +0.39255     -1.970333 
 238   29   52  1   0  0 0.020 01.0  0.00284   +0.16658   +0.15920     -4.430304 
 239   52   53  1   0  0 0.020 01.0  0.00246   +0.10822   +0.10086     -6.800961 
 240   53   54  1   0  0 0.020 01.0  0.00250   -0.11477   -0.11272     -1.786181 
 241   54   55  1   0  0 0.020 01.0  0.00282   -0.16366   -0.15853     -3.134547 
 242   11   43  1   0  0 0.020 01.0  0.00274   +0.15091   +0.14917     -1.153005 
 243   44   45  1   0  0 0.020 01.0  0.00429   -0.38333   -0.38944     +1.593927 
 244   40   56  1   0  0 0.020 01.0  0.00199   +0.03821   +0.03563     -6.752159 
 245   56   41  1   0  0 0.020 01.0  0.00214   -0.06042   -0.05769     -4.518371 
 246   56   42  1   0  0 0.020 01.0  0.00185   -0.01687   -0.02026    +20.094843 
 247   39   57  1   0  0 0.020 01.0  0.00202   +0.04269   +0.04366     +2.272195 
 248   57   56  1   0  0 0.020 01.0  0.00194   -0.03131   -0.03425     +9.389971 
 249   38   49  1   0  0 0.020 01.0  0.00234   -0.09181   -0.08568     -6.676833 
 250   38   48  1   0  0 0.020 01.0  0.00332   -0.23761   -0.23633     -0.538698 
 251    9   55  1   0  0 0.020 01.0  0.00336   +0.24387   +0.25152     +3.136917 
 252    1    2  4   0  0 0.020 01.0  0.00880   +1.06003   +1.08605     +2.454648 
 253    2    3  4   0  0 0.020 01.0  0.00224   +0.07568   +0.08168     +7.928118 
 254    3    4  4   0  0 0.020 01.0  0.00218   -0.06772   -0.06800     +0.413467 
 255    4    5  4   0  0 0.020 01.0  0.00230   -0.08441   -0.08958     +6.124867 
 256    4    6  4   0  0 0.020 01.0  0.00212   -0.05847   -0.06403     +9.509150 
 257    6    7  4   0  0 0.020 01.0  0.00202   -0.04244   -0.04381     +3.228087 
 258    6    8  4   0  0 0.020 01.0  0.00257   -0.12516   -0.12426     -0.719080 
 259    8    9  4   0  0 0.020 01.0  0.00411   +0.35569   +0.36609     +2.923894 
 260    9   10  4   0  0 0.020 01.0  0.00181   -0.01093   -0.00622    -43.092406 
 261    9   11  4   0  0 0.020 01.0  0.00244   +0.10659   +0.11136     +4.475091 
 262    9   12  4   0  0 0.020 01.0  0.00221   -0.07126   -0.07546     +5.893910 
 263    9   13  4   0  0 0.020 01.0  0.00214   +0.06027   +0.05890     -2.273104 
 264   13   14  4   0  0 0.020 01.0  0.00265   +0.13813   +0.14471     +4.763628 
 265   13   15  4   0  0 0.020 01.0  0.00221   -0.07232   -0.07187     -0.622235 
 266    1   15  4   0  0 0.020 01.0  0.00444   +0.40629   +0.40500     -0.317507 
 267    1   16  4   0  0 0.020 01.0  0.00209   +0.05332   +0.05063     -5.045011 
 268    1   17  4   0  0 0.020 01.0  0.00244   +0.10571   +0.10750     +1.693312 
 269    3   15  4   0  0 0.020 01.0  0.00246   -0.10855   -0.11324     +4.320590 
 270    4   18  4   0  0 0.020 01.0  0.00196   +0.03390   +0.03892    +14.808260 
 271    4   18  4   0  0 0.020 01.0  0.00189   +0.02366   +0.02609    +10.270499 
 272    5    6  4   0  0 0.020 01.0  0.00255   -0.12325   -0.11816     -4.129817 
 273    7    8  4   0  0 0.020 01.0  0.00317   -0.21485   -0.21491     +0.027926 
 274   10   12  4   0  0 0.020 01.0  0.00254   -0.12151   -0.11444     -5.818451 
 275   11   13  4   0  0 0.020 01.0  0.00189   +0.02353   +0.02742    +16.532087 
 276   12   13  4   0  0 0.020 01.0  0.00394   +0.33106   +0.32194     -2.754788 
 277   12   16  4   0  0 0.020 01.0  0.00230   -0.08513   -0.07911     -7.071538 
 278   12   17  4   0  0 0.020 01.0  0.00227   -0.07981   -0.07725     -3.207618 
 279   14   15  4   0  0 0.020 01.0  0.00315   -0.21253   -0.21618     +1.717405 
 280   18   19  4   0  0 0.020 01.0  0.00186   +0.01917   +0.02320    +21.022431 
 281   19   20  4   0  0 0.020 01.0  0.00180   +0.00975   +0.01459    +49.641026 
 282   21   20  4   0  0 0.020 01.0  0.00174   +0.00150   +0.00341   +127.333333 
 283   21   22  4   0  0 0.020 01.0  0.00174   -0.00150   -0.00084    -44.000000 
 284   22   23  4   0  0 0.020 01.0  0.00180   +0.01065   +0.00686    -35.586854 
 285   23   24  4   0  0 0.020 01.0  0.00182   -0.01278   -0.00747    -41.549296 
 286   24   25  4   0  0 0.020 01.0  0.00190   +0.02468   +0.02827    +14.546191 
 287   24   25  4   0  0 0.020 01.0  0.00189   +0.02372   +0.02840    +19.730185 
 288   24   26  4   0  0 0.020 01.0  0.00210   -0.05535   -0.05303     -4.191509 
 289   26   27  4   0  0 0.020 01.0  0.00210   -0.05565   -0.05814     +4.474394 
 290   27   28  4   0  0 0.020 01.0  0.00215   -0.06326   -0.06027     -4.726525 
 291   28   29  4   0  0 0.020 01.0  0.00235   -0.09210   -0.09525     +3.420195 
 292    7   29  4   0  0 0.020 01.0  0.00306   +0.19866   +0.20077     +1.062116 
 293   25   30  4   0  0 0.020 01.0  0.00208   +0.05205   +0.04949     -4.918348 
 294   30   31  4   0  0 0.020 01.0  0.00193   +0.03014   +0.03035     +0.696749 
 295   31   32  4   0  0 0.020 01.0  0.00175   -0.00312   -0.00060    -80.769231 
 296   32   33  4   0  0 0.020 01.0  0.00187   +0.02109   +0.02384    +13.039355 
 297   34   32  4   0  0 0.020 01.0  0.00203   +0.04393   +0.04276     -2.663328 
 298   34   35  4   0  0 0.020 01.0  0.00203   -0.04393   -0.04805     +9.378557 
 299   35   36  4   0  0 0.020 01.0  0.00223   -0.07489   -0.08129     +8.545867 
 300   36   37  4   0  0 0.020 01.0  0.00251   -0.11599   -0.12192     +5.112510 
 301   37   38  4   0  0 0.020 01.0  0.00273   -0.14916   -0.14209     -4.739877 
 302   37   39  4   0  0 0.020 01.0  0.00194   +0.03113   +0.03248     +4.336653 
 303   36   40  4   0  0 0.020 01.0  0.00200   +0.04079   +0.04240     +3.947046 
 304   22   38  4   0  0 0.020 01.0  0.00181   -0.01217   -0.01754    +44.124897 
 305   11   41  4   0  0 0.020 01.0  0.00202   +0.04271   +0.03926     -8.077734 
 306   41   42  4   0  0 0.020 01.0  0.00200   +0.03973   +0.03471    -12.635288 
 307   41   43  4   0  0 0.020 01.0  0.00198   -0.03671   -0.04073    +10.950695 
 308   38   44  4   0  0 0.020 01.0  0.00188   +0.02261   +0.01799    -20.433437 
 309   15   45  4   0  0 0.020 01.0  0.00192   +0.02749   +0.02328    -15.314660 
 310   14   46  4   0  0 0.020 01.0  0.00374   +0.30065   +0.29104     -3.196408 
 311   46   47  4   0  0 0.020 01.0  0.00358   +0.27639   +0.27143     -1.794566 
 312   47   48  4   0  0 0.020 01.0  0.00259   +0.12837   +0.12122     -5.569837 
 313   48   49  4   0  0 0.020 01.0  0.00211   -0.05717   -0.05408     -5.404933 
 314   49   50  4   0  0 0.020 01.0  0.00225   +0.07734   +0.08334     +7.757952 
 315   50   51  4   0  0 0.020 01.0  0.00201   -0.04095   -0.04431     +8.205128 
 316   10   51  4   0  0 0.020 01.0  0.00250   +0.11559   +0.11710     +1.306341 
 317   13   49  4   0  0 0.020 01.0  0.00413   +0.35929   +0.35771     -0.439756 
 318   29   52  4   0  0 0.020 01.0  0.00208   +0.05185   +0.04777     -7.868852 
 319   52   53  4   0  0 0.020 01.0  0.00188   +0.02220   +0.01875    -15.540541 
 320   53   54  4   0  0 0.020 01.0  0.00195   -0.03207   -0.03570    +11.318990 
 321   54   55  4   0  0 0.020 01.0  0.00208   -0.05164   -0.04628    -10.379551 
 322   11   43  4   0  0 0.020 01.0  0.00213   +0.05917   +0.05905     -0.202805 
 323   44   45  4   0  0 0.020 01.0  0.00174   +0.00105   +0.00414   +294.285714 
 324   40   56  4   0  0 0.020 01.0  0.00200   +0.04064   +0.03685     -9.325787 
 325   56   41  4   0  0 0.020 01.0  0.00176   +0.00436   +0.00148    -66.055046 
 326   56   42  4   0  0 0.020 01.0  0.00182   +0.01349   +0.01732    +28.391401 
 327   39   57  4   0  0 0.020 01.0  0.00194   +0.03102   +0.03095     -0.225661 
 328   57   56  4   0  0 0.020 01.0  0.00177   +0.00519   +0.01034    +99.229287 
 329   38   49  4   0  0 0.020 01.0  0.00233   -0.08933   -0.09391     +5.127057 
 330   38   48  4   0  0 0.020 01.0  0.00293   -0.18004   -0.17211     -4.404577 
 331    9   55  4   0  0 0.020 01.0  0.00243   +0.10425   +0.10253     -1.649880 
 332    2    1  1   0  0 0.020 01.0  0.00210   +0.05562   +0.05496     -1.186624 
 333    3    2  1   0  0 0.020 01.0  0.00233   +0.08925   +0.08730     -2.184874 
 334    4    3  1   0  0 0.020 01.0  0.00984   -1.21587   -1.23686     +1.726336 
 335    5    4  1   0  0 0.020 01.0  0.00419   -0.36894   -0.36097     -2.160243 
 336    6    4  1   0  0 0.020 01.0  0.00486   -0.46866   -0.47793     +1.977980 
 337    7    6  1   0  0 0.020 01.0  0.00203   -0.04524   -0.04117     -8.996463 
 338    8    6  1   0  0 0.020 01.0  0.00299   +0.18833   +0.18665     -0.892051 
 339    9    8  1   0  0 0.020 01.0  0.00584   -0.61614   -0.61889     +0.446327 
 340   10    9  1   0  0 0.020 01.0  0.00251   +0.11640   +0.11690     +0.429553 
 341   11    9  1   0  0 0.020 01.0  0.00235   +0.09210   +0.09112     -1.064061 
 342   12    9  1   0  0 0.020 01.0  0.00385   +0.31787   +0.30637     -3.617831 
 343   13    9  1   0  0 0.020 01.0  0.00315   +0.21260   +0.21572     +1.467545 
 344   14   13  1   0  0 0.020 01.0  0.00245   -0.10764   -0.11122     +3.325901 
 345   15   13  1   0  0 0.020 01.0  0.00372   +0.29743   +0.29948     +0.689238 
 346   15    1  1   0  0 0.020 01.0  0.00493   -0.48012   -0.48433     +0.876864 
 347   16    1  1   0  0 0.020 01.0  0.00296   -0.18429   -0.18343     -0.466656 
 348   17    1  1   0  0 0.020 01.0  0.00400   -0.34019   -0.33345     -1.981246 
 349   15    3  1   0  0 0.020 01.0  0.00847   -1.01079   -1.00780     -0.295808 
 350   18    4  1   0  0 0.020 01.0  0.00278   -0.15734   -0.16065     +2.103724 
 351   18    4  1   0  0 0.020 01.0  0.00308   -0.20142   -0.20215     +0.362427 
 352    6    5  1   0  0 0.020 01.0  0.00322   -0.22291   -0.21478     -3.647212 
 353    8    7  1   0  0 0.020 01.0  0.00524   +0.52530   +0.53743     +2.309157 
 354   12   10  1   0  0 0.020 01.0  0.00562   +0.58274   +0.59553     +2.194804 
 355   13   11  1   0  0 0.020 01.0  0.00405   +0.34794   +0.35938     +3.287923 
 356   13   12  1   0  0 0.020 01.0  0.00823   -0.97420   -0.96174     -1.278998 
 357   16   12  1   0  0 0.020 01.0  0.00368   -0.29271   -0.30342     +3.658912 
 358   17   12  1   0  0 0.020 01.0  0.00257   -0.12581   -0.11821     -6.040855 
 359   15   14  1   0  0 0.020 01.0  0.00545   +0.55721   +0.55576     -0.260225 
 360   19   18  1   0  0 0.020 01.0  0.00210   -0.05514   -0.05488     -0.471527 
 361   20   19  1   0  0 0.020 01.0  0.00185   -0.01801   -0.02258    +25.374792 
 362   20   21  1   0  0 0.020 01.0  0.00179   -0.00799   -0.00493    -38.297872 
 363   22   21  1   0  0 0.020 01.0  0.00179   +0.00800   +0.01033    +29.125000 
 364   23   22  1   0  0 0.020 01.0  0.00285   -0.16802   -0.16724     -0.464230 
 365   24   23  1   0  0 0.020 01.0  0.00238   -0.09642   -0.09294     -3.609210 
 366   25   24  1   0  0 0.020 01.0  0.00224   -0.07535   -0.07284     -3.331121 
 367   25   24  1   0  0 0.020 01.0  0.00222   -0.07241   -0.07093     -2.043917 
 368   26   24  1   0  0 0.020 01.0  0.00208   +0.05134   +0.04614    -10.128555 
 369   27   26  1   0  0 0.020 01.0  0.00208   +0.05239   +0.05085     -2.939492 
 370   28   27  1   0  0 0.020 01.0  0.00278   +0.15723   +0.15564     -1.011257 
 371   29   28  1   0  0 0.020 01.0  0.00314   +0.21044   +0.21397     +1.677438 
 372   29    7  1   0  0 0.020 01.0  0.00551   -0.56602   -0.56916     +0.554751 
 373   30   25  1   0  0 0.020 01.0  0.00224   -0.07648   -0.07575     -0.954498 
 374   31   30  1   0  0 0.020 01.0  0.00197   -0.03565   -0.03426     -3.899018 
 375   32   31  1   0  0 0.020 01.0  0.00193   +0.02884   +0.02789     -3.294036 
 376   33   32  1   0  0 0.020 01.0  0.00201   -0.04200   -0.03783     -9.928571 
 377   32   34  1   0  0 0.020 01.0  0.00233   -0.08894   -0.08822     -0.809535 
 378   35   34  1   0  0 0.020 01.0  0.00233   +0.08951   +0.09389     +4.893308 
 379   36   35  1   0  0 0.020 01.0  0.00279   +0.15793   +0.15484     -1.956563 
 380   37   36  1   0  0 0.020 01.0  0.00305   +0.19785   +0.20443     +3.325752 
 381   38   37  1   0  0 0.020 01.0  0.00337   +0.24608   +0.24036     -2.324447 
 382   39   37  1   0  0 0.020 01.0  0.00202   -0.04269   -0.04735    +10.915905 
 383   40   36  1   0  0 0.020 01.0  0.00199   -0.03821   -0.04315    +12.928553 
 384   38   22  1   0  0 0.020 01.0  0.00291   +0.17689   +0.17086     -3.408898 
 385   41   11  1   0  0 0.020 01.0  0.00241   -0.10209   -0.09772     -4.280537 
 386   42   41  1   0  0 0.020 01.0  0.00237   -0.09598   -0.08937     -6.886851 
 387   43   41  1   0  0 0.020 01.0  0.00259   +0.12891   +0.12419     -3.661469 
 388   44   38  1   0  0 0.020 01.0  0.00340   +0.25033   +0.25601     +2.269005 
 389   45   15  1   0  0 0.020 01.0  0.00435   -0.39228   -0.40463     +3.148261 
 390   46   14  1   0  0 0.020 01.0  0.00534   -0.54157   -0.55395     +2.285946 
 391   47   46  1   0  0 0.020 01.0  0.00529   -0.53396   -0.54391     +1.863435 
 392   48   47  1   0  0 0.020 01.0  0.00309   -0.20296   -0.19508     -3.882538 
 393   49   48  1   0  0 0.020 01.0  0.00198   +0.03774   +0.03833     +1.563328 
 394   50   49  1   0  0 0.020 01.0  0.00219   -0.06825   -0.07441     +9.025641 
 395   51   50  1   0  0 0.020 01.0  0.00286   +0.16860   +0.17506     +3.831554 
 396   51   10  1   0  0 0.020 01.0  0.00419   -0.36860   -0.35728     -3.071080 
 397   49   13  1   0  0 0.020 01.0  0.00440   -0.40044   -0.40089     +0.112376 
 398   52   29  1   0  0 0.020 01.0  0.00281   -0.16222   -0.16335     +0.696585 
 399   53   52  1   0  0 0.020 01.0  0.00245   -0.10723   -0.10547     -1.641332 
 400   54   53  1   0  0 0.020 01.0  0.00252   +0.11766   +0.11359     -3.459119 
 401   55   54  1   0  0 0.020 01.0  0.00286   +0.16887   +0.17231     +2.037070 
 402   43   11  1   0  0 0.020 01.0  0.00274   -0.15091   -0.14300     -5.241535 
 403   45   44  1   0  0 0.020 01.0  0.00435   +0.39228   +0.38350     -2.238197 
 404   56   40  1   0  0 0.020 01.0  0.00199   -0.03821   -0.03665     -4.082701 
 405   41   56  1   0  0 0.020 01.0  0.00215   +0.06264   +0.06447     +2.921456 
 406   42   56  1   0  0 0.020 01.0  0.00185   +0.01698   +0.01849     +8.892815 
 407   57   39  1   0  0 0.020 01.0  0.00202   -0.04269   -0.03679    -13.820567 
 408   56   57  1   0  0 0.020 01.0  0.00194   +0.03150   +0.03018     -4.190476 
 409   49   38  1   0  0 0.020 01.0  0.00236   +0.09364   +0.09027     -3.598889 
 410   48   38  1   0  0 0.020 01.0  0.00334   +0.24035   +0.23950     -0.353651 
 411   55    9  1   0  0 0.020 01.0  0.00336   -0.24387   -0.25164     +3.186124 
 412    2    1  4   0  0 0.020 01.0  0.00948   -1.16249   -1.17057     +0.695060 
 413    3    2  4   0  0 0.020 01.0  0.00278   -0.15673   -0.15197     -3.037070 
 414    4    3  4   0  0 0.020 01.0  0.00230   +0.08532   +0.08263     -3.152836 
 415    5    4  4   0  0 0.020 01.0  0.00226   +0.07925   +0.08238     +3.949527 
 416    6    4  4   0  0 0.020 01.0  0.00213   +0.05938   +0.06124     +3.132368 
 417    7    6  4   0  0 0.020 01.0  0.00184   +0.01619   +0.01994    +23.162446 
 418    8    6  4   0  0 0.020 01.0  0.00231   +0.08703   +0.08732     +0.333218 
 419    9    8  4   0  0 0.020 01.0  0.00429   -0.38303   -0.38608     +0.796282 
 420   10    9  4   0  0 0.020 01.0  0.00193   -0.02908   -0.02771     -4.711142 
 421   11    9  4   0  0 0.020 01.0  0.00257   -0.12542   -0.12380     -1.291660 
 422   12    9  4   0  0 0.020 01.0  0.00190   +0.02454   +0.02495     +1.670742 
 423   13    9  4   0  0 0.020 01.0  0.00234   -0.09088   -0.08765     -3.554137 
 424   14   13  4   0  0 0.020 01.0  0.00271   -0.14711   -0.14913     +1.373122 
 425   15   13  4   0  0 0.020 01.0  0.00212   +0.05824   +0.05342     -8.276099 
 426   15    1  4   0  0 0.020 01.0  0.00487   -0.47056   -0.47445     +0.826675 
 427   16    1  4   0  0 0.020 01.0  0.00242   -0.10313   -0.09861     -4.382818 
 428   17    1  4   0  0 0.020 01.0  0.00255   -0.12283   -0.11674     -4.958072 
 429   15    3  4   0  0 0.020 01.0  0.00247   +0.11046   +0.10819     -2.055043 
 430   18    4  4   0  0 0.020 01.0  0.00187   -0.02014   -0.02557    +26.961271 
 431   18    4  4   0  0 0.020 01.0  0.00178   -0.00647   -0.01149    +77.588872 
 432    6    5  4   0  0 0.020 01.0  0.00250   +0.11566   +0.12091     +4.539167 
 433    8    7  4   0  0 0.020 01.0  0.00319   +0.21883   +0.22725     +3.847736 
 434   12   10  4   0  0 0.020 01.0  0.00262   +0.13312   +0.13725     +3.102464 
 435   13   11  4   0  0 0.020 01.0  0.00195   -0.03211   -0.02667    -16.941763 
 436   13   12  4   0  0 0.020 01.0  0.00392   -0.32812   -0.32829     +0.051810 
 437   16   12  4   0  0 0.020 01.0  0.00220   +0.07013   +0.07085     +1.026665 
 438   17   12  4   0  0 0.020 01.0  0.00196   +0.03383   +0.03562     +5.291162 
 439   15   14  4   0  0 0.020 01.0  0.00319   +0.21837   +0.22742     +4.144342 
 440   19   18  4   0  0 0.020 01.0  0.00185   -0.01675   -0.01228    -26.686567 
 441   20   19  4   0  0 0.020 01.0  0.00180   -0.00955   -0.01467    +53.612565 
 442   20   21  4   0  0 0.020 01.0  0.00174   -0.00145   -0.00067    -53.793103 
 443   22   21  4   0  0 0.020 01.0  0.00174   +0.00151   +0.00391   +158.940397 
 444   23   22  4   0  0 0.020 01.0  0.00180   -0.01022   -0.01399    +36.888454 
 445   24   23  4   0  0 0.020 01.0  0.00178   +0.00695   +0.00214    -69.208633 
 446   25   24  4   0  0 0.020 01.0  0.00185   -0.01706   -0.01667     -2.286049 
 447   25   24  4   0  0 0.020 01.0  0.00184   -0.01639   -0.02148    +31.055522 
 448   26   24  4   0  0 0.020 01.0  0.00210   +0.05565   +0.05565     +0.000000 
 449   27   26  4   0  0 0.020 01.0  0.00212   +0.05726   +0.05359     -6.409361 
 450   28   27  4   0  0 0.020 01.0  0.00217   +0.06610   +0.06579     -0.468986 
 451   29   28  4   0  0 0.020 01.0  0.00237   +0.09521   +0.09740     +2.300179 
 452   29    7  4   0  0 0.020 01.0  0.00291   -0.17606   -0.18392     +4.464387 
 453   30   25  4   0  0 0.020 01.0  0.00207   -0.05014   -0.04570     -8.855205 
 454   31   30  4   0  0 0.020 01.0  0.00193   -0.02888   -0.03420    +18.421053 
 455   32   31  4   0  0 0.020 01.0  0.00176   +0.00386   +0.00534    +38.341969 
 456   33   32  4   0  0 0.020 01.0  0.00187   -0.02100   -0.02093     -0.333333 
 457   32   34  4   0  0 0.020 01.0  0.00196   -0.03395   -0.03304     -2.680412 
 458   35   34  4   0  0 0.020 01.0  0.00201   +0.04189   +0.04647    +10.933397 
 459   36   35  4   0  0 0.020 01.0  0.00224   +0.07519   +0.07096     -5.625748 
 460   37   36  4   0  0 0.020 01.0  0.00252   +0.11803   +0.11352     -3.821062 
 461   38   37  4   0  0 0.020 01.0  0.00277   +0.15567   +0.14955     -3.931393 
 462   39   37  4   0  0 0.020 01.0  0.00194   -0.03102   -0.02727    -12.088975 
 463   40   36  4   0  0 0.020 01.0  0.00200   -0.04064   -0.03781     -6.963583 
 464   38   22  4   0  0 0.020 01.0  0.00182   +0.01308   +0.01738    +32.874618 
 465   41   11  4   0  0 0.020 01.0  0.00196   -0.03387   -0.03787    +11.809861 
 466   42   41  4   0  0 0.020 01.0  0.00197   -0.03569   -0.03661     +2.577753 
 467   43   41  4   0  0 0.020 01.0  0.00203   +0.04427   +0.04584     +3.546420 
 468   44   38  4   0  0 0.020 01.0  0.00187   -0.02105   -0.01996     -5.178147 
 469   45   15  4   0  0 0.020 01.0  0.00182   -0.01256   -0.01479    +17.754777 
 470   46   14  4   0  0 0.020 01.0  0.00358   -0.27639   -0.27034     -2.188936 
 471   47   46  4   0  0 0.020 01.0  0.00345   -0.25737   -0.25981     +0.948051 
 472   48   47  4   0  0 0.020 01.0  0.00258   -0.12709   -0.11958     -5.909198 
 473   49   48  4   0  0 0.020 01.0  0.00208   +0.05265   +0.04896     -7.008547 
 474   50   49  4   0  0 0.020 01.0  0.00224   -0.07605   -0.07229     -4.944116 
 475   51   50  4   0  0 0.020 01.0  0.00205   +0.04708   +0.05131     +8.984707 
 476   51   10  4   0  0 0.020 01.0  0.00244   -0.10608   -0.10664     +0.527903 
 477   49   13  4   0  0 0.020 01.0  0.00382   -0.31301   -0.30891     -1.309862 
 478   52   29  4   0  0 0.020 01.0  0.00204   -0.04620   -0.04256     -7.878788 
 479   53   52  4   0  0 0.020 01.0  0.00187   -0.02092   -0.02389    +14.196941 
 480   54   53  4   0  0 0.020 01.0  0.00197   +0.03564   +0.03863     +8.389450 
 481   55   54  4   0  0 0.020 01.0  0.00212   +0.05845   +0.06380     +9.153122 
 482   43   11  4   0  0 0.020 01.0  0.00210   -0.05527   -0.04903    -11.290031 
 483   45   44  4   0  0 0.020 01.0  0.00182   +0.01256   +0.01673    +33.200637 
 484   56   40  4   0  0 0.020 01.0  0.00198   -0.03695   -0.03691     -0.108254 
 485   41   56  4   0  0 0.020 01.0  0.00175   -0.00215   -0.00734   +241.395349 
 486   42   56  4   0  0 0.020 01.0  0.00182   -0.01331   -0.01861    +39.819684 
 487   57   39  4   0  0 0.020 01.0  0.00192   -0.02719   -0.03183    +17.065097 
 488   56   57  4   0  0 0.020 01.0  0.00177   -0.00490   -0.00186    -62.040816 
 489   49   38  4   0  0 0.020 01.0  0.00233   +0.08903   +0.08978     +0.842413 
 490   48   38  4   0  0 0.020 01.0  0.00296   +0.18426   +0.18816     +2.116574 
 491   55    9  4   0  0 0.020 01.0  0.00238   -0.09645   -0.10032     +4.012442 
----------------------------------------------------------------------------------
Número de medidores SCADA:     491
Número de PMUs:                0
Número de medidas das PMUs:    0
----------------------------------------------------------------------------------

Não há medidas de ângulo.
Não há medidores desabilitados.
============================== Estado Estimado ===================================
                 Barra     Mod(pu)    Ang(graus)              
----------------------------------------------------------------------------------
                    1            1.0411              0.00        
                    2            1.0110              0.58        
                    3            1.0038              1.19        
                    4            0.9928             -1.44        
                    5            0.9799             -4.71        
                    6            0.9811             -5.77        
                    7            0.9833             -6.06        
                    8            1.0065             -4.08        
                    9            0.9813             -5.67        
                   10            0.9842             -4.46        
                   11            0.9736             -5.01        
                   12            1.0162             -0.48        
                   13            0.9794             -3.44        
                   14            0.9715             -3.61        
                   15            0.9932             -2.03        
                   16            1.0172             -1.90        
                   17            1.0214             -1.85        
                   18            1.0059             -6.09        
                   19            0.9683             -7.78        
                   20            0.9586             -8.22        
                   21            1.0032             -7.98        
                   22            1.0043             -7.95        
                   23            1.0024             -8.08        
                   24            0.9884             -9.62        
                   25            0.9601            -15.04        
                   26            0.9504             -9.47        
                   27            0.9737             -9.25        
                   28            0.9900             -8.61        
                   29            1.0046             -8.12        
                   30            0.9386            -15.61        
                   31            0.9095            -16.15        
                   32            0.9287            -14.81        
                   33            0.9261            -14.85        
                   34            0.9471             -9.38        
                   35            0.9557             -9.09        
                   36            0.9669             -8.77        
                   37            0.9772             -8.54        
                   38            1.0081             -7.67        
                   39            0.9749             -8.59        
                   40            0.9638             -8.80        
                   41            0.9906             -9.28        
                   42            0.9571            -10.90        
                   43            1.0081             -6.28        
                   44            1.0141             -6.82        
                   45            1.0383             -4.21        
                   46            1.0597             -5.60        
                   47            1.0304             -7.22        
                   48            1.0240             -7.35        
                   49            1.0340             -7.33        
                   50            1.0189             -7.45        
                   51            1.0508             -5.80        
                   52            0.9719             -9.47        
                   53            0.9614            -10.02        
                   54            0.9914             -8.83        
                   55            1.0323             -7.28        
                   56            0.9589            -11.51        
                   57            0.9550            -12.08        
----------------------------------------------------------------------------------
Convergiu em:    3 iteraçoes. 
----------------------------------------------------------------------------------
--- RESIDUOS NORMALIZADOS --------------------------------------------------------
   N    D    P  TP      Real     Medido   Estimado      Med-Est        rn 
----------------------------------------------------------------------------------
 350   18    4  1    -0.1573    -0.1606    -0.1925  +3.1811e-02      0.644 
 190    4   18  1    +0.1573    +0.1640    +0.1925  -2.8441e-02      0.576 
  75    0   18  2    -0.3020    -0.3075    -0.2880  -1.9427e-02      0.408 
  61    0    4  2    +0.0000    +0.0040    -0.0022  +6.2437e-03      0.362 
  73    0   16  2    -0.4770    -0.4647    -0.4840  +1.9323e-02      0.345 
 430   18    4  4    -0.0201    -0.0256    -0.0139  -1.1669e-02      0.288 
  69    0   12  2    +2.3150    +2.3571    +2.3267  +3.0469e-02      0.283 
 174    3    4  1    +1.2328    +1.2562    +1.2318  +2.4383e-02      0.269 
 252    1    2  4    +1.0600    +1.0860    +1.0648  +2.1286e-02      0.261 
  68    0   11  2    +0.0000    +0.0032    -0.0026  +5.7849e-03      0.254 
 189    3   15  1    +1.0279    +1.0512    +1.0302  +2.1013e-02      0.244 
 334    4    3  1    -1.2159    -1.2369    -1.2149  -2.1954e-02      0.243 
 335    5    4  1    -0.3689    -0.3610    -0.3757  +1.4716e-02      0.237 
  44    0   44  6    +1.0125    +0.9978    +1.0141  -1.6220e-02      0.230 
  23    0   23  6    +1.0010    +0.9865    +1.0024  -1.5964e-02      0.228 
 342   12    9  1    +0.3179    +0.3064    +0.3202  -1.3831e-02      0.226 
 201   19   20  1    +0.0181    +0.0128    +0.0215  -8.6501e-03      0.223 
 177    6    7  1    +0.0453    +0.0510    +0.0421  +8.8640e-03      0.223 
 270    4   18  4    +0.0339    +0.0389    +0.0297  +9.1945e-03      0.221 
 230   14   46  1    +0.5416    +0.5266    +0.5416  -1.5003e-02      0.221 
  67    0   10  2    -0.0880    -0.0834    -0.0895  +6.0590e-03      0.219 
 132    0   18  5    -0.1090    -0.1135    -0.1220  +8.5557e-03      0.218 
 394   50   49  1    -0.0683    -0.0744    -0.0661  -8.3224e-03      0.204 
   5    0    5  6    +0.9791    +0.9936    +0.9799  +1.3693e-02      0.197 
  79    0   22  2    +0.0000    -0.0043    +0.0008  -5.0449e-03      0.196 
 193    7    8  1    -0.5208    -0.5092    -0.5221  +1.2897e-02      0.194 
  50    0   50  6    +1.0176    +1.0327    +1.0189  +1.3716e-02      0.194 
 356   13   12  1    -0.9742    -0.9617    -0.9780  +1.6283e-02      0.194 
  52    0   52  6    +0.9703    +0.9587    +0.9719  -1.3125e-02      0.191 
 441   20   19  4    -0.0095    -0.0147    -0.0074  -7.3126e-03      0.190 
 212    7   29  1    +0.5660    +0.5540    +0.5665  -1.2559e-02      0.189 
  45    0   45  6    +1.0368    +1.0518    +1.0383  +1.3464e-02      0.189 
 351   18    4  1    -0.2014    -0.2021    -0.1925  -9.6894e-03      0.185 
  19    0   19  6    +0.9692    +0.9558    +0.9683  -1.2485e-02      0.185 
   1    0    1  6    +1.0400    +1.0543    +1.0411  +1.3172e-02      0.184 
 281   19   20  4    +0.0097    +0.0146    +0.0076  +6.9925e-03      0.182 
 390   46   14  1    -0.5416    -0.5540    -0.5416  -1.2317e-02      0.181 
 389   45   15  1    -0.3923    -0.4046    -0.3936  -1.0993e-02      0.180 
 199   14   15  1    -0.5509    -0.5367    -0.5492  +1.2537e-02      0.180 
 181    9   11  1    -0.0915    -0.0872    -0.0949  +7.6857e-03      0.178 
  10    0   10  6    +0.9828    +0.9964    +0.9842  +1.2207e-02      0.176 
 115    0    1  5    +1.6254    +1.6103    +1.6261  -1.5808e-02      0.175 
 253    2    3  4    +0.0757    +0.0817    +0.0745  +7.1393e-03      0.173 
  60    0    3  2    +2.3500    +2.3292    +2.3486  -1.9419e-02      0.171 
  33    0   33  6    +0.9277    +0.9371    +0.9261  +1.1022e-02      0.170 
 202   21   20  1    +0.0080    +0.0114    +0.0050  +6.4692e-03      0.169 
 354   12   10  1    +0.5827    +0.5955    +0.5836  +1.1911e-02      0.169 
  25    0   25  6    +0.9620    +0.9489    +0.9601  -1.1276e-02      0.169 
  21    0   21  6    +1.0021    +1.0150    +1.0032  +1.1765e-02      0.168 
 355   13   11  1    +0.3479    +0.3594    +0.3495  +9.8626e-03      0.168 
 179    8    9  1    +0.6214    +0.6111    +0.6219  -1.0823e-02      0.166 
 272    5    6  4    -0.1232    -0.1182    -0.1258  +7.6684e-03      0.166 
 435   13   11  4    -0.0321    -0.0267    -0.0332  +6.5249e-03      0.165 
  99    0   42  2    -0.0790    -0.0839    -0.0779  -6.0240e-03      0.165 
  40    0   40  6    +0.9616    +0.9751    +0.9638  +1.1325e-02      0.165 
 403   45   44  1    +0.3923    +0.3835    +0.3937  -1.0182e-02      0.163 
 358   17   12  1    -0.1258    -0.1182    -0.1258  +7.5674e-03      0.162 
 353    8    7  1    +0.5253    +0.5374    +0.5267  +1.0777e-02      0.162 
 380   37   36  1    +0.1978    +0.2044    +0.1967  +7.6834e-03      0.162 
 299   35   36  4    -0.0749    -0.0813    -0.0748  -6.4558e-03      0.161 
 284   22   23  4    +0.0106    +0.0069    +0.0126  -5.7201e-03      0.160 
 276   12   13  4    +0.3311    +0.3219    +0.3312  -9.2124e-03      0.160 
 321   54   55  4    -0.0516    -0.0463    -0.0529  +6.5896e-03      0.158 
 176    4    6  1    +0.4788    +0.4741    +0.4845  -1.0387e-02      0.154 
 392   48   47  1    -0.2030    -0.1951    -0.2024  +7.3455e-03      0.153 
 218   34   35  1    -0.0889    -0.0825    -0.0889  +6.3019e-03      0.151 
 188    1   17  1    +0.3431    +0.3528    +0.3442  +8.5813e-03      0.151 
 237   13   49  1    +0.4004    +0.3926    +0.4022  -9.6485e-03      0.151 
 204   22   23  1    +0.1683    +0.1746    +0.1677  +6.9220e-03      0.150 
 386   42   41  1    -0.0960    -0.0894    -0.0961  +6.7020e-03      0.149 
 239   52   53  1    +0.1082    +0.1009    +0.1073  -6.4470e-03      0.149 
 101    0   44  2    -0.1330    -0.1407    -0.1352  -5.4673e-03      0.148 
 196   12   13  1    +0.9935    +0.9850    +0.9974  -1.2413e-02      0.148 
 429   15    3  4    +0.1105    +0.1082    +0.1146  -6.4048e-03      0.146 
  77    0   20  2    -0.0260    -0.0312    -0.0263  -4.9257e-03      0.146 
  56    0   56  6    +0.9565    +0.9686    +0.9589  +9.6849e-03      0.143 
 128    0   14  5    -0.0590    -0.0621    -0.0662  +4.1038e-03      0.143 
 277   12   16  4    -0.0851    -0.0791    -0.0852  +6.0763e-03      0.142 
 469   45   15  4    -0.0126    -0.0148    -0.0095  -5.3325e-03      0.142 
 474   50   49  4    -0.0761    -0.0723    -0.0783  +6.0032e-03      0.142 
 310   14   46  4    +0.3006    +0.2910    +0.2990  -7.9278e-03      0.141 
 110    0   53  2    -0.2220    -0.2247    -0.2182  -6.5178e-03      0.141 
 330   38   48  4    -0.1800    -0.1721    -0.1789  +6.8357e-03      0.141 
 300   36   37  4    -0.1160    -0.1219    -0.1160  -5.9411e-03      0.139 
  42    0   42  6    +0.9553    +0.9478    +0.9571  -9.3304e-03      0.138 
   6    0    6  6    +0.9800    +0.9715    +0.9811  -9.5881e-03      0.138 
 348   17    1  1    -0.3402    -0.3335    -0.3413  +7.8245e-03      0.138 
 134    0   20  5    -0.0110    -0.0068    -0.0113  +4.5346e-03      0.137 
  97    0   40  2    +0.0000    +0.0044    -0.0001  +4.5193e-03      0.136 
  43    0   43  6    +1.0063    +0.9985    +1.0081  -9.5177e-03      0.135 
 236   10   51  1    +0.3686    +0.3568    +0.3647  -7.8460e-03      0.135 
 153    0   39  5    -0.0000    -0.0050    -0.0005  -4.5272e-03      0.135 
 407   57   39  1    -0.0427    -0.0368    -0.0427  +5.8859e-03      0.135 
  90    0   33  2    -0.0420    -0.0467    -0.0416  -5.0724e-03      0.133 
 325   56   41  4    +0.0044    +0.0015    +0.0068  -5.3388e-03      0.132 
 249   38   49  1    -0.0918    -0.0857    -0.0918  +6.0902e-03      0.131 
 274   10   12  4    -0.1215    -0.1144    -0.1205  +6.1060e-03      0.130 
  58    0    1  2    +0.9708    +0.9921    +0.9827  +9.4156e-03      0.130 
  94    0   37  2    +0.0000    -0.0033    -0.0000  -3.2400e-03      0.129 
 119    0    5  5    -0.0440    -0.0481    -0.0439  -4.2682e-03      0.129 
 383   40   36  1    -0.0382    -0.0432    -0.0382  -4.9155e-03      0.129 
 483   45   44  4    +0.0126    +0.0167    +0.0117  +4.9909e-03      0.128 
 396   51   10  1    -0.3686    -0.3573    -0.3647  +7.3760e-03      0.127 
 388   44   38  1    +0.2503    +0.2560    +0.2495  +6.5120e-03      0.127 
 107    0   50  2    -0.2330    -0.2262    -0.2320  +5.8160e-03      0.127 
 113    0   56  2    -0.0840    -0.0897    -0.0856  -4.1379e-03      0.126 
 182    9   12  1    -0.3113    -0.3211    -0.3135  -7.6285e-03      0.125 
 439   15   14  4    +0.2184    +0.2274    +0.2209  +6.5336e-03      0.123 
  89    0   32  2    -0.0180    -0.0224    -0.0187  -3.6313e-03      0.123 
 297   34   32  4    +0.0439    +0.0428    +0.0478  -5.0168e-03      0.122 
 488   56   57  4    -0.0049    -0.0019    -0.0063  +4.4335e-03      0.121 
 100    0   43  2    -0.0220    -0.0178    -0.0215  +3.7115e-03      0.121 
  38    0   38  6    +1.0066    +0.9997    +1.0081  -8.4315e-03      0.120 
  20    0   20  6    +0.9596    +0.9506    +0.9586  -7.9731e-03      0.119 
 487   57   39  4    -0.0272    -0.0318    -0.0268  -5.0554e-03      0.118 
 357   16   12  1    -0.2927    -0.3034    -0.2973  -6.1557e-03      0.118 
 175    4    5  1    +0.3784    +0.3781    +0.3855  -7.3212e-03      0.118 
 214   30   31  1    +0.0365    +0.0413    +0.0367  +4.5910e-03      0.117 
  36    0   36  6    +0.9648    +0.9750    +0.9669  +8.0244e-03      0.117 
 137    0   23  5    -0.0230    -0.0279    -0.0239  -3.9995e-03      0.117 
   3    0    3  6    +1.0028    +1.0119    +1.0038  +8.1469e-03      0.116 
 290   27   28  4    -0.0633    -0.0603    -0.0650  +4.7246e-03      0.115 
  46    0   46  6    +1.0583    +1.0679    +1.0597  +8.2562e-03      0.115 
  93    0   36  2    +0.0000    +0.0045    +0.0016  +2.9786e-03      0.114 
 402   43   11  1    -0.1509    -0.1430    -0.1483  +5.2784e-03      0.114 
   4    0    4  6    +0.9918    +1.0007    +0.9928  +7.9144e-03      0.113 
 285   23   24  4    -0.0128    -0.0075    -0.0118  +4.3065e-03      0.112 
 260    9   10  4    -0.0109    -0.0062    -0.0107  +4.4393e-03      0.112 
  63    0    6  2    -0.8330    -0.8484    -0.8408  -7.5843e-03      0.112 
 479   53   52  4    -0.0209    -0.0239    -0.0197  -4.1929e-03      0.111 
 425   15   13  4    +0.0582    +0.0534    +0.0583  -4.9184e-03      0.111 
 454   31   30  4    -0.0289    -0.0342    -0.0298  -4.3744e-03      0.111 
  64    0    7  2    +0.0000    +0.0048    +0.0024  +2.3900e-03      0.111 
 440   19   18  4    -0.0168    -0.0123    -0.0167  +4.3981e-03      0.111 
  65    0    8  2    +1.3350    +1.3487    +1.3394  +9.2954e-03      0.110 
 192    5    6  1    +0.2249    +0.2160    +0.2216  -5.5286e-03      0.110 
 434   12   10  4    +0.1331    +0.1373    +0.1321  +5.1925e-03      0.110 
  26    0   26  6    +0.9494    +0.9578    +0.9504  +7.3518e-03      0.108 
 378   35   34  1    +0.0895    +0.0939    +0.0894  +4.4618e-03      0.107 
 384   38   22  1    +0.1769    +0.1709    +0.1757  -4.8627e-03      0.107 
 280   18   19  4    +0.0192    +0.0232    +0.0190  +4.2469e-03      0.107 
 329   38   49  4    -0.0893    -0.0939    -0.0889  -4.9676e-03      0.106 
 148    0   34  5    -0.0000    +0.0045    +0.0011  +3.3869e-03      0.106 
 395   51   50  1    +0.1686    +0.1751    +0.1698  +5.2726e-03      0.106 
 382   39   37  1    -0.0427    -0.0474    -0.0433  -4.0585e-03      0.106 
 457   32   34  4    -0.0340    -0.0330    -0.0374  +4.3341e-03      0.106 
 210   27   28  1    -0.1554    -0.1597    -0.1548  -4.9176e-03      0.105 
 156    0   42  5    -0.0490    -0.0455    -0.0492  +3.6855e-03      0.105 
 460   37   36  4    +0.1180    +0.1135    +0.1180  -4.4762e-03      0.105 
 262    9   12  4    -0.0713    -0.0755    -0.0706  -4.8533e-03      0.105 
 459   36   35  4    +0.0752    +0.0710    +0.0751  -4.1668e-03      0.104 
 490   48   38  4    +0.1843    +0.1882    +0.1831  +5.0559e-03      0.104 
 219   35   36  1    -0.1565    -0.1522    -0.1570  +4.7075e-03      0.104 
 222   37   39  1    +0.0428    +0.0394    +0.0434  -3.9729e-03      0.104 
 381   38   37  1    +0.2461    +0.2404    +0.2455  -5.1055e-03      0.104 
  24    0   24  6    +0.9873    +0.9812    +0.9884  -7.1672e-03      0.103 
 328   57   56  4    +0.0052    +0.0103    +0.0066  +3.7621e-03      0.102 
 106    0   49  2    -0.2000    -0.2071    -0.2034  -3.7504e-03      0.101 
 341   11    9  1    +0.0921    +0.0911    +0.0955  -4.3644e-03      0.101 
 445   24   23  4    +0.0069    +0.0021    +0.0060  -3.8116e-03      0.101 
 205   23   24  1    +0.0980    +0.1032    +0.0987  +4.4408e-03      0.101 
 462   39   37  4    -0.0310    -0.0273    -0.0310  +3.7783e-03      0.100 
  30    0   30  6    +0.9402    +0.9320    +0.9386  -6.5960e-03      0.100 
  91    0   34  2    +0.0000    -0.0024    +0.0007  -3.1061e-03      0.100 
 139    0   25  5    -0.0360    -0.0386    -0.0419  +3.3266e-03      0.100 
 259    8    9  4    +0.3557    +0.3661    +0.3605  +5.5485e-03      0.099 
 481   55   54  4    +0.0585    +0.0638    +0.0596  +4.1682e-03      0.099 
 376   33   32  1    -0.0420    -0.0378    -0.0416  +3.7776e-03      0.099 
 197   12   16  1    +0.2943    +0.3041    +0.2989  +5.1529e-03      0.099 
 417    7    6  4    +0.0162    +0.0199    +0.0161  +3.8554e-03      0.098 
 318   29   52  4    +0.0519    +0.0478    +0.0517  -3.8862e-03      0.097 
 273    7    8  4    -0.2149    -0.2149    -0.2199  +4.9729e-03      0.097 
 423   13    9  4    -0.0909    -0.0877    -0.0922  +4.5586e-03      0.097 
 475   51   50  4    +0.0471    +0.0513    +0.0473  +4.0455e-03      0.096 
 428   17    1  4    -0.1228    -0.1167    -0.1211  +4.3272e-03      0.095 
 352    6    5  1    -0.2229    -0.2148    -0.2196  +4.8026e-03      0.095 
 365   24   23  1    -0.0964    -0.0929    -0.0971  +4.1791e-03      0.094 
 491   55    9  4    -0.0964    -0.1003    -0.0964  -3.9413e-03      0.094 
  18    0   18  6    +1.0077    +1.0125    +1.0059  +6.5935e-03      0.094 
 452   29    7  4    -0.1761    -0.1839    -0.1795  -4.4214e-03      0.094 
 233   48   49  1    -0.0374    -0.0418    -0.0380  -3.8676e-03      0.093 
 398   52   29  1    -0.1622    -0.1633    -0.1589  -4.4015e-03      0.093 
  55    0   55  6    +1.0309    +1.0257    +1.0323  -6.5700e-03      0.092 
 478   52   29  4    -0.0462    -0.0426    -0.0462  +3.6710e-03      0.092 
  96    0   39  2    +0.0000    -0.0037    -0.0006  -3.0544e-03      0.092 
 146    0   32  5    -0.0090    -0.0140    -0.0112  -2.7588e-03      0.091 
  83    0   26  2    -0.0000    +0.0006    -0.0022  +2.8054e-03      0.091 
 102    0   45  2    -0.0000    +0.0023    +0.0000  +2.2648e-03      0.091 
   8    0    8  6    +1.0050    +1.0129    +1.0065  +6.3812e-03      0.091 
 482   43   11  4    -0.0553    -0.0490    -0.0526  +3.6178e-03      0.090 
   9    0    9  6    +0.9800    +0.9876    +0.9813  +6.2381e-03      0.090 
 241   54   55  1    -0.1637    -0.1585    -0.1629  +4.4020e-03      0.090 
 283   21   22  4    -0.0015    -0.0008    -0.0040  +3.1649e-03      0.090 
   7    0    7  6    +0.9821    +0.9771    +0.9833  -6.2132e-03      0.089 
 271    4   18  4    +0.0237    +0.0261    +0.0297  -3.6355e-03      0.089 
 140    0   26  5    +0.0000    +0.0043    +0.0015  +2.7796e-03      0.089 
 314   49   50  4    +0.0773    +0.0833    +0.0796  +3.7526e-03      0.089 
 311   46   47  4    +0.2764    +0.2714    +0.2763  -4.8444e-03      0.089 
 248   57   56  1    -0.0313    -0.0343    -0.0309  -3.3617e-03      0.088 
 324   40   56  4    +0.0406    +0.0369    +0.0406  -3.7830e-03      0.087 
 442   20   21  4    -0.0014    -0.0007    -0.0040  +3.2971e-03      0.086 
 305   11   41  4    +0.0427    +0.0393    +0.0430  -3.7716e-03      0.086 
 401   55   54  1    +0.1689    +0.1723    +0.1681  +4.2070e-03      0.086 
 168    0   54  5    -0.0160    -0.0193    -0.0166  -2.7248e-03      0.086 
 215   31   32  1    -0.0284    -0.0252    -0.0286  +3.3719e-03      0.084 
  74    0   17  2    -0.4660    -0.4624    -0.4671  +4.6519e-03      0.084 
 238   29   52  1    +0.1666    +0.1592    +0.1631  -3.9320e-03      0.084 
 308   38   44  4    +0.0226    +0.0180    +0.0211  -3.1314e-03      0.084 
 151    0   37  5    +0.0000    +0.0025    +0.0046  -2.1737e-03      0.083 
 268    1   17  4    +0.1057    +0.1075    +0.1039  +3.6263e-03      0.083 
 166    0   52  5    -0.0240    -0.0280    -0.0253  -2.6814e-03      0.082 
 473   49   48  4    +0.0527    +0.0490    +0.0525  -3.5434e-03      0.082 
  14    0   14  6    +0.9704    +0.9658    +0.9715  -5.6496e-03      0.082 
 178    6    8  1    -0.1867    -0.1934    -0.1892  -4.2567e-03      0.082 
 211   28   29  1    -0.2082    -0.2166    -0.2127  -3.9550e-03      0.082 
  27    0   27  6    +0.9732    +0.9794    +0.9737  +5.6279e-03      0.082 
 470   46   14  4    -0.2764    -0.2703    -0.2748  +4.4823e-03      0.082 
 413    3    2  4    -0.1567    -0.1520    -0.1558  +3.8423e-03      0.081 
 116    0    2  5    -1.0868    -1.0865    -1.0928  +6.2908e-03      0.081 
 338    8    6  1    +0.1883    +0.1867    +0.1908  -4.1685e-03      0.080 
 295   31   32  4    -0.0031    -0.0006    -0.0036  +3.0362e-03      0.079 
 465   41   11  4    -0.0339    -0.0379    -0.0344  -3.4248e-03      0.079 
 427   16    1  4    -0.1031    -0.0986    -0.1024  +3.7498e-03      0.079 
  88    0   31  2    -0.0640    -0.0673    -0.0644  -2.8858e-03      0.079 
 426   15    1  4    -0.4706    -0.4744    -0.4692  -5.2600e-03      0.079 
 289   26   27  4    -0.0556    -0.0581    -0.0548  -3.3558e-03      0.079 
 209   26   27  1    -0.0513    -0.0532    -0.0500  -3.2713e-03      0.079 
 379   36   35  1    +0.1579    +0.1548    +0.1584  -3.5358e-03      0.078 
 264   13   14  4    +0.1381    +0.1447    +0.1410  +3.6692e-03      0.078 
 127    0   13  5    -0.0260    -0.0273    -0.0256  -1.6998e-03      0.078 
 315   50   51  4    -0.0410    -0.0443    -0.0411  -3.2343e-03      0.078 
 486   42   56  4    -0.0133    -0.0186    -0.0156  -3.0262e-03      0.077 
 223   36   40  1    +0.0383    +0.0354    +0.0383  -2.9437e-03      0.077 
 344   14   13  1    -0.1076    -0.1112    -0.1078  -3.3743e-03      0.076 
 243   44   45  1    -0.3833    -0.3894    -0.3847  -4.7393e-03      0.076 
 187    1   16  1    +0.1860    +0.1924    +0.1885  +3.9110e-03      0.076 
 256    4    6  4    -0.0585    -0.0640    -0.0607  -3.3271e-03      0.075 
 216   32   33  1    +0.0421    +0.0446    +0.0417  +2.8618e-03      0.075 
  13    0   13  6    +0.9782    +0.9742    +0.9794  -5.1788e-03      0.075 
 288   24   26  4    -0.0554    -0.0530    -0.0560  +2.9690e-03      0.074 
 220   36   37  1    -0.1962    -0.1987    -0.1951  -3.5318e-03      0.074 
 466   42   41  4    -0.0357    -0.0366    -0.0336  -3.0183e-03      0.074 
 228   38   44  1    -0.2485    -0.2515    -0.2477  -3.8012e-03      0.074 
 391   47   46  1    -0.5340    -0.5439    -0.5390  -4.9360e-03      0.073 
  51    0   51  6    +1.0493    +1.0560    +1.0508  +5.2378e-03      0.073 
  92    0   35  2    -0.0670    -0.0701    -0.0675  -2.5307e-03      0.073 
 275   11   13  4    +0.0235    +0.0274    +0.0246  +2.7852e-03      0.072 
 198   12   17  1    +0.1265    +0.1298    +0.1265  +3.3287e-03      0.071 
 142    0   28  5    -0.0260    -0.0247    -0.0270  +2.2966e-03      0.071 
 114    0   57  2    -0.0740    -0.0763    -0.0736  -2.7158e-03      0.071 
 409   49   38  1    +0.0936    +0.0903    +0.0936  -3.3178e-03      0.071 
 320   53   54  4    -0.0321    -0.0357    -0.0328  -2.8676e-03      0.071 
 185   13   15  1    -0.2949    -0.2979    -0.2937  -4.1520e-03      0.071 
 447   25   24  4    -0.0164    -0.0215    -0.0186  -2.9064e-03      0.070 
 306   41   42  4    +0.0397    +0.0347    +0.0376  -2.8620e-03      0.070 
  86    0   29  2    -0.1890    -0.1910    -0.1884  -2.5606e-03      0.070 
 206   24   25  1    +0.0754    +0.0760    +0.0729  +3.1679e-03      0.070 
 453   30   25  4    -0.0501    -0.0457    -0.0485  +2.7683e-03      0.070 
 255    4    5  4    -0.0844    -0.0896    -0.0864  -3.1454e-03      0.069 
 121    0    7  5    +0.0000    -0.0034    -0.0016  -1.7251e-03      0.069 
 261    9   11  4    +0.1066    +0.1114    +0.1082  +3.1414e-03      0.069 
  66    0    9  2    -1.1010    -1.1115    -1.1067  -4.8634e-03      0.068 
 421   11    9  4    -0.1254    -0.1238    -0.1270  +3.2138e-03      0.068 
  48    0   48  6    +1.0226    +1.0192    +1.0240  -4.8347e-03      0.068 
 313   48   49  4    -0.0572    -0.0541    -0.0570  +2.9626e-03      0.068 
  41    0   41  6    +0.9896    +0.9859    +0.9906  -4.7211e-03      0.068 
 485   41   56  4    -0.0022    -0.0073    -0.0046  -2.7354e-03      0.068 
 477   49   13  4    -0.3130    -0.3089    -0.3129  +4.0348e-03      0.067 
  39    0   39  6    +0.9728    +0.9796    +0.9749  +4.6226e-03      0.067 
 133    0   19  5    -0.0070    -0.0112    -0.0091  -2.1494e-03      0.067 
 322   11   43  4    +0.0592    +0.0590    +0.0564  +2.6745e-03      0.066 
 224   22   38  1    -0.1763    -0.1722    -0.1751  +2.9431e-03      0.065 
 449   27   26  4    +0.0573    +0.0536    +0.0563  -2.7402e-03      0.064 
 141    0   27  5    -0.0060    -0.0107    -0.0087  -2.0157e-03      0.064 
 278   12   17  4    -0.0798    -0.0772    -0.0801  +2.8875e-03      0.064 
  54    0   54  6    +0.9900    +0.9958    +0.9914  +4.4143e-03      0.064 
 347   16    1  1    -0.1843    -0.1834    -0.1867  +3.2783e-03      0.064 
 433    8    7  4    +0.2188    +0.2273    +0.2240  +3.2371e-03      0.063 
 245   56   41  1    -0.0604    -0.0577    -0.0605  +2.8223e-03      0.063 
 332    2    1  1    +0.0556    +0.0550    +0.0525  +2.4118e-03      0.062 
  62    0    5  2    -0.1440    -0.1518    -0.1541  +2.3071e-03      0.062 
 263    9   13  4    +0.0603    +0.0589    +0.0617  -2.7867e-03      0.062 
 340   10    9  1    +0.1164    +0.1169    +0.1197  -2.8427e-03      0.061 
 431   18    4  4    -0.0065    -0.0115    -0.0139  +2.4106e-03      0.061 
 432    6    5  4    +0.1157    +0.1209    +0.1181  +2.7669e-03      0.061 
 349   15    3  1    -1.0108    -1.0078    -1.0130  +5.1874e-03      0.060 
 463   40   36  4    -0.0406    -0.0378    -0.0401  +2.3136e-03      0.060 
  84    0   27  2    -0.1030    -0.1016    -0.1038  +2.2694e-03      0.060 
 125    0   11  5    -0.0000    -0.0015    -0.0030  +1.5118e-03      0.060 
 363   22   21  1    +0.0080    +0.0103    +0.0082  +2.1100e-03      0.059 
 258    6    8  4    -0.1252    -0.1243    -0.1272  +2.9078e-03      0.059 
 104    0   47  2    -0.3300    -0.3327    -0.3356  +2.9184e-03      0.059 
 480   54   53  4    +0.0356    +0.0386    +0.0362  +2.3856e-03      0.059 
 232   47   48  1    +0.2040    +0.2062    +0.2034  +2.8144e-03      0.059 
 323   44   45  4    +0.0010    +0.0041    +0.0019  +2.2153e-03      0.058 
 319   52   53  4    +0.0222    +0.0187    +0.0209  -2.1924e-03      0.058 
 203   21   22  1    -0.0080    -0.0103    -0.0082  -2.0561e-03      0.058 
 472   48   47  4    -0.1271    -0.1196    -0.1221  +2.5354e-03      0.057 
 246   56   42  1    -0.0169    -0.0203    -0.0180  -2.2269e-03      0.057 
 244   40   56  1    +0.0382    +0.0356    +0.0381  -2.4653e-03      0.057 
 336    6    4  1    -0.4687    -0.4779    -0.4741  -3.7942e-03      0.056 
 200   18   19  1    +0.0568    +0.0572    +0.0548  +2.3787e-03      0.056 
 296   32   33  4    +0.0211    +0.0238    +0.0218  +2.0717e-03      0.056 
 303   36   40  4    +0.0408    +0.0424    +0.0403  +2.1223e-03      0.055 
 345   15   13  1    +0.2974    +0.2995    +0.2962  +3.2365e-03      0.055 
 287   24   25  4    +0.0237    +0.0284    +0.0261  +2.2828e-03      0.055 
 301   37   38  4    -0.1492    -0.1421    -0.1445  +2.4240e-03      0.055 
 385   41   11  1    -0.1021    -0.0977    -0.1003  +2.5961e-03      0.054 
 387   43   41  1    +0.1289    +0.1242    +0.1268  -2.5669e-03      0.054 
 131    0   17  5    -0.0890    -0.0889    -0.0870  -1.9015e-03      0.054 
 123    0    9  5    -0.1941    -0.1930    -0.1947  +1.7661e-03      0.054 
 162    0   48  5    -0.0000    +0.0026    +0.0039  -1.3860e-03      0.054 
  78    0   21  2    -0.0000    -0.0050    -0.0033  -1.7169e-03      0.054 
 155    0   41  5    -0.0330    -0.0385    -0.0401  +1.5660e-03      0.053 
 143    0   29  5    -0.0290    -0.0283    -0.0298  +1.5373e-03      0.053 
 108    0   51  2    -0.2000    -0.1971    -0.1949  -2.1914e-03      0.053 
  98    0   41  2    -0.0700    -0.0643    -0.0659  +1.5876e-03      0.053 
 471   47   46  4    -0.2574    -0.2598    -0.2570  -2.8202e-03      0.052 
 169    0   55  5    -0.0380    -0.0350    -0.0367  +1.7169e-03      0.052 
 307   41   43  4    -0.0367    -0.0407    -0.0386  -2.1218e-03      0.052 
 286   24   25  4    +0.0247    +0.0283    +0.0261  +2.1528e-03      0.051 
 444   23   22  4    -0.0102    -0.0140    -0.0122  -1.8360e-03      0.051 
  87    0   30  2    -0.0400    -0.0417    -0.0400  -1.7254e-03      0.051 
 450   28   27  4    +0.0661    +0.0658    +0.0678  -2.0411e-03      0.050 
 111    0   54  2    -0.0460    -0.0499    -0.0483  -1.5695e-03      0.049 
 312   47   48  4    +0.1284    +0.1212    +0.1234  -2.1373e-03      0.048 
  53    0   53  6    +0.9596    +0.9581    +0.9614  -3.2857e-03      0.048 
 458   35   34  4    +0.0419    +0.0465    +0.0447  +1.8183e-03      0.047 
 147    0   33  5    -0.0210    -0.0234    -0.0217  -1.7341e-03      0.047 
 331    9   55  4    +0.1042    +0.1025    +0.1045  -1.9752e-03      0.047 
 103    0   46  2    -0.0000    +0.0039    +0.0050  -1.1056e-03      0.046 
  49    0   49  6    +1.0325    +1.0373    +1.0340  +3.2836e-03      0.046 
 446   25   24  4    -0.0171    -0.0167    -0.0186  +1.9036e-03      0.046 
 229   15   45  1    +0.3923    +0.3909    +0.3936  -2.7569e-03      0.045 
 267    1   16  4    +0.0533    +0.0506    +0.0526  -1.9277e-03      0.044 
 150    0   36  5    -0.0000    -0.0018    -0.0006  -1.1856e-03      0.044 
 135    0   21  5    +0.0000    -0.0014    -0.0000  -1.4262e-03      0.044 
 183    9   13  1    -0.2101    -0.2102    -0.2126  +2.3482e-03      0.043 
   2    0    2  6    +1.0100    +1.0079    +1.0110  -3.0430e-03      0.043 
 367   25   24  1    -0.0724    -0.0709    -0.0729  +1.9321e-03      0.043 
 235   50   51  1    -0.1648    -0.1680    -0.1659  -2.1116e-03      0.042 
 368   26   24  1    +0.0513    +0.0461    +0.0478  -1.6633e-03      0.042 
  72    0   15  2    -0.2440    -0.2517    -0.2529  +1.1924e-03      0.041 
 180    9   10  1    -0.1159    -0.1211    -0.1192  -1.8759e-03      0.040 
  35    0   35  6    +0.9535    +0.9530    +0.9557  -2.7343e-03      0.040 
 374   31   30  1    -0.0357    -0.0343    -0.0358  +1.5723e-03      0.040 
 372   29    7  1    -0.5660    -0.5692    -0.5665  -2.6411e-03      0.040 
 420   10    9  4    -0.0291    -0.0277    -0.0293  +1.6305e-03      0.040 
 418    8    6  4    +0.0870    +0.0873    +0.0891  -1.8151e-03      0.039 
 254    3    4  4    -0.0677    -0.0680    -0.0665  -1.5171e-03      0.039 
 326   56   42  4    +0.0135    +0.0173    +0.0158  +1.5148e-03      0.039 
  37    0   37  6    +0.9751    +0.9745    +0.9772  -2.6761e-03      0.039 
 234   49   50  1    +0.0691    +0.0653    +0.0669  -1.5775e-03      0.039 
 405   41   56  1    +0.0626    +0.0645    +0.0627  +1.7274e-03      0.039 
 360   19   18  1    -0.0551    -0.0549    -0.0533  -1.6298e-03      0.038 
 154    0   40  5    -0.0000    -0.0008    +0.0005  -1.2794e-03      0.038 
 164    0   50  5    -0.1170    -0.1179    -0.1194  +1.4988e-03      0.038 
 217   34   32  1    +0.0889    +0.0879    +0.0895  -1.6780e-03      0.038 
 438   17   12  4    +0.0338    +0.0356    +0.0340  +1.5813e-03      0.038 
 412    2    1  4    -1.1625    -1.1706    -1.1673  -3.2784e-03      0.038 
  34    0   34  6    +0.9451    +0.9496    +0.9471  +2.5430e-03      0.038 
 124    0   10  5    -0.0350    -0.0353    -0.0343  -1.0633e-03      0.037 
 129    0   15  5    -0.0560    -0.0500    -0.0509  +8.9847e-04      0.036 
 227   41   43  1    -0.1289    -0.1250    -0.1268  +1.7169e-03      0.036 
 298   34   35  4    -0.0439    -0.0481    -0.0467  -1.3663e-03      0.035 
 109    0   52  2    -0.0540    -0.0505    -0.0516  +1.1515e-03      0.035 
 302   37   39  4    +0.0311    +0.0325    +0.0312  +1.3185e-03      0.035 
 105    0   48  2    +0.0000    -0.0026    -0.0018  -8.5758e-04      0.035 
 339    9    8  1    -0.6161    -0.6189    -0.6167  -2.2300e-03      0.034 
 316   10   51  4    +0.1156    +0.1171    +0.1156  +1.5001e-03      0.034 
 404   56   40  1    -0.0382    -0.0367    -0.0381  +1.4453e-03      0.033 
 257    6    7  4    -0.0424    -0.0438    -0.0424  -1.3764e-03      0.033 
 161    0   47  5    -0.1290    -0.1323    -0.1336  +1.2825e-03      0.033 
 361   20   19  1    -0.0180    -0.0226    -0.0213  -1.2665e-03      0.033 
 231   46   47  1    +0.5416    +0.5489    +0.5467  +2.2010e-03      0.033 
 163    0   49  5    -0.0940    -0.0912    -0.0922  +9.9220e-04      0.032 
  32    0   32  6    +0.9303    +0.9307    +0.9287  +2.0378e-03      0.031 
 419    9    8  4    -0.3830    -0.3861    -0.3879  +1.8105e-03      0.031 
 170    0   56  5    -0.0240    -0.0215    -0.0206  -9.1003e-04      0.031 
  80    0   23  2    -0.0700    -0.0698    -0.0687  -1.0987e-03      0.031 
 375   32   31  1    +0.0288    +0.0279    +0.0291  -1.2111e-03      0.031 
 377   32   34  1    -0.0889    -0.0882    -0.0895  +1.3180e-03      0.030 
 309   15   45  4    +0.0275    +0.0233    +0.0244  -1.1620e-03      0.030 
 411   55    9  1    -0.2439    -0.2516    -0.2502  -1.4871e-03      0.030 
  70    0   13  2    -0.2000    -0.1974    -0.1965  -8.3193e-04      0.030 
 414    4    3  4    +0.0853    +0.0826    +0.0838  -1.1790e-03      0.029 
  12    0   12  6    +1.0150    +1.0183    +1.0162  +2.0577e-03      0.029 
 292    7   29  4    +0.1987    +0.2008    +0.2022  -1.4034e-03      0.029 
 130    0   16  5    -0.0330    -0.0311    -0.0320  +9.1621e-04      0.029 
 461   38   37  4    +0.1557    +0.1495    +0.1508  -1.2632e-03      0.028 
 165    0   51  5    -0.0590    -0.0600    -0.0590  -9.9755e-04      0.028 
 184   13   14  1    +0.1081    +0.1095    +0.1083  +1.2383e-03      0.028 
 157    0   43  5    -0.0110    -0.0058    -0.0067  +8.7809e-04      0.028 
 251    9   55  1    +0.2439    +0.2515    +0.2502  +1.3671e-03      0.027 
 126    0   12  5    +0.3238    +0.3208    +0.3219  -1.1107e-03      0.026 
 317   13   49  4    +0.3593    +0.3577    +0.3593  -1.6318e-03      0.026 
 226   41   42  1    +0.0984    +0.0973    +0.0984  -1.1627e-03      0.026 
  15    0   15  6    +0.9920    +0.9950    +0.9932  +1.7960e-03      0.026 
 489   49   38  4    +0.0890    +0.0898    +0.0886  +1.1681e-03      0.025 
 455   32   31  4    +0.0039    +0.0053    +0.0044  +9.4546e-04      0.025 
 416    6    4  4    +0.0594    +0.0612    +0.0623  -1.0887e-03      0.025 
  17    0   17  6    +1.0201    +1.0196    +1.0214  -1.7488e-03      0.025 
 152    0   38  5    -0.0780    -0.0771    -0.0778  +6.9251e-04      0.024 
 144    0   30  5    -0.0200    -0.0181    -0.0173  -7.8340e-04      0.024 
 408   56   57  1    +0.0315    +0.0302    +0.0311  -8.9858e-04      0.024 
 373   30   25  1    -0.0765    -0.0757    -0.0767  +9.5356e-04      0.023 
  29    0   29  6    +1.0036    +1.0062    +1.0046  +1.6051e-03      0.023 
 400   54   53  1    +0.1177    +0.1136    +0.1146  -1.0416e-03      0.023 
 464   38   22  4    +0.0131    +0.0174    +0.0182  -7.9103e-04      0.023 
 207   24   25  1    +0.0724    +0.0718    +0.0729  -1.0221e-03      0.023 
 247   39   57  1    +0.0427    +0.0437    +0.0427  +9.8413e-04      0.023 
 293   25   30  4    +0.0520    +0.0495    +0.0504  -8.6583e-04      0.022 
 370   28   27  1    +0.1572    +0.1556    +0.1566  -1.0099e-03      0.022 
 337    7    6  1    -0.0452    -0.0412    -0.0420  +8.6158e-04      0.022 
 422   12    9  4    +0.0245    +0.0249    +0.0240  +9.2536e-04      0.022 
 371   29   28  1    +0.2104    +0.2140    +0.2150  -1.0276e-03      0.021 
 149    0   35  5    -0.0330    -0.0295    -0.0302  +6.9257e-04      0.021 
 208   24   26  1    -0.0513    -0.0470    -0.0478  +8.2334e-04      0.021 
 213   25   30  1    +0.0778    +0.0788    +0.0780  +8.4497e-04      0.021 
 159    0   45  5    +0.0000    +0.0029    +0.0023  +6.2842e-04      0.021 
 118    0    4  5    -0.0000    +0.0046    +0.0051  -5.0736e-04      0.020 
 397   49   13  1    -0.4004    -0.4009    -0.4022  +1.3085e-03      0.020 
  95    0   38  2    -0.1550    -0.1549    -0.1542  -6.3536e-04      0.020 
 456   33   32  4    -0.0210    -0.0209    -0.0217  +7.4593e-04      0.020 
 399   53   52  1    -0.1072    -0.1055    -0.1063  +8.7262e-04      0.020 
 294   30   31  4    +0.0301    +0.0303    +0.0311  -7.8169e-04      0.020 
 242   11   43  1    +0.1509    +0.1492    +0.1483  +8.9160e-04      0.019 
 279   14   15  4    -0.2125    -0.2162    -0.2152  -1.0062e-03      0.019 
 225   11   41  1    +0.1021    +0.0994    +0.1003  -8.9612e-04      0.019 
 240   53   54  1    -0.1148    -0.1127    -0.1119  -8.5039e-04      0.018 
 424   14   13  4    -0.1471    -0.1491    -0.1500  +8.7773e-04      0.018 
 120    0    6  5    +0.0074    +0.0104    +0.0109  -4.4038e-04      0.017 
 410   48   38  1    +0.2404    +0.2395    +0.2386  +8.8444e-04      0.017 
  82    0   25  2    -0.0700    -0.0713    -0.0707  -5.7188e-04      0.017 
 160    0   46  5    +0.0000    +0.0010    +0.0015  -4.3210e-04      0.016 
 448   26   24  4    +0.0556    +0.0556    +0.0563  -6.3454e-04      0.016 
 333    3    2  1    +0.0892    +0.0873    +0.0866  +6.7549e-04      0.016 
 117    0    3  5    -0.3330    -0.3357    -0.3349  -7.5597e-04      0.016 
 282   21   20  4    +0.0015    +0.0034    +0.0040  -5.9114e-04      0.016 
 451   29   28  4    +0.0952    +0.0974    +0.0980  -6.4520e-04      0.015 
  22    0   22  6    +1.0028    +1.0053    +1.0043  +1.0654e-03      0.015 
 265   13   15  4    -0.0723    -0.0719    -0.0726  +6.8558e-04      0.015 
 112    0   55  2    -0.0750    -0.0816    -0.0820  +4.8989e-04      0.015 
 138    0   24  5    -0.0000    +0.0037    +0.0032  +4.0242e-04      0.015 
 171    0   57  5    -0.0220    -0.0197    -0.0202  +5.0671e-04      0.015 
 122    0    8  5    +0.6615    +0.6728    +0.6737  -8.8949e-04      0.014 
 269    3   15  4    -0.1085    -0.1132    -0.1126  -6.1121e-04      0.014 
 346   15    1  1    -0.4801    -0.4843    -0.4853  +9.2317e-04      0.014 
 194   10   12  1    -0.5730    -0.5749    -0.5739  -9.7233e-04      0.014 
  57    0   57  6    +0.9521    +0.9559    +0.9550  +9.0005e-04      0.013 
 145    0   31  5    -0.0320    -0.0339    -0.0335  -4.5812e-04      0.013 
  59    0    2  2    -0.0330    -0.0339    -0.0335  -4.0403e-04      0.013 
 437   16   12  4    +0.0701    +0.0708    +0.0703  +5.2638e-04      0.013 
  71    0   14  2    -0.1170    -0.1151    -0.1154  +3.7900e-04      0.012 
  11    0   11  6    +0.9723    +0.9744    +0.9736  +7.6686e-04      0.011 
 291   28   29  4    -0.0921    -0.0953    -0.0948  -4.5232e-04      0.011 
 221   37   38  1    -0.2406    -0.2396    -0.2401  +5.2949e-04      0.011 
 173    2    3  1    -0.0886    -0.0864    -0.0860  -4.2586e-04      0.010 
 343   13    9  1    +0.2126    +0.2157    +0.2152  +5.3461e-04      0.010 
 468   44   38  4    -0.0210    -0.0200    -0.0196  -3.5490e-04      0.009 
 327   39   57  4    +0.0310    +0.0309    +0.0305  +4.0446e-04      0.009 
 415    5    4  4    +0.0793    +0.0824    +0.0820  +4.2339e-04      0.009 
  47    0   47  6    +1.0291    +1.0311    +1.0304  +6.6605e-04      0.009 
 167    0   53  5    -0.1110    -0.1104    -0.1108  +3.5681e-04      0.009 
 406   42   56  1    +0.0170    +0.0185    +0.0182  +3.2400e-04      0.008 
  85    0   28  2    -0.0510    -0.0563    -0.0560  -2.5486e-04      0.008 
 304   22   38  4    -0.0122    -0.0175    -0.0173  -2.7484e-04      0.008 
 250   38   48  1    -0.2376    -0.2363    -0.2359  -4.0615e-04      0.008 
 476   51   10  4    -0.1061    -0.1066    -0.1063  -3.4310e-04      0.008 
 186    1   15  1    +0.4875    +0.4931    +0.4927  +4.5823e-04      0.007 
  81    0   24  2    +0.0000    +0.0039    +0.0038  +1.7933e-04      0.007 
 136    0   22  5    +0.0000    -0.0005    -0.0007  +1.9039e-04      0.007 
 172    1    2  1    -0.0458    -0.0429    -0.0427  -2.4489e-04      0.006 
  28    0   28  6    +0.9893    +0.9904    +0.9900  +4.1309e-04      0.006 
 158    0   44  5    -0.0200    -0.0179    -0.0177  -1.8962e-04      0.006 
  16    0   16  6    +1.0160    +1.0168    +1.0172  -3.9328e-04      0.006 
  76    0   19  2    -0.0370    -0.0316    -0.0318  +1.4018e-04      0.004 
 359   15   14  1    +0.5572    +0.5558    +0.5555  +2.8216e-04      0.004 
 436   13   12  4    -0.3281    -0.3283    -0.3281  -2.2638e-04      0.004 
 364   23   22  1    -0.1680    -0.1672    -0.1674  +1.6046e-04      0.003 
 467   43   41  4    +0.0443    +0.0458    +0.0460  -1.3973e-04      0.003 
 443   22   21  4    +0.0015    +0.0039    +0.0040  -1.0465e-04      0.003 
 369   27   26  1    +0.0524    +0.0508    +0.0510  -1.2306e-04      0.003 
 191    4   18  1    +0.2014    +0.1923    +0.1925  -1.5059e-04      0.003 
 195   11   13  1    -0.3451    -0.3465    -0.3467  +1.6380e-04      0.003 
  31    0   31  6    +0.9116    +0.9093    +0.9095  -1.5031e-04      0.002 
 484   56   40  4    -0.0369    -0.0369    -0.0370  +6.0359e-05      0.001 
 266    1   15  4    +0.4063    +0.4050    +0.4049  +5.7930e-05      0.001 
 362   20   21  1    -0.0080    -0.0049    -0.0050  +2.0835e-05      0.001 
 366   25   24  1    -0.0754    -0.0728    -0.0729  +2.2140e-05      0.000 
 393   49   48  1    +0.0377    +0.0383    +0.0383  +6.4020e-06      0.000 
----------------------------------------------------------------------------------
Não foram identificados erros grosseiros.
Não foram identificadas medidas críticas.
Possíveis conjuntos críticos:
Conjunto 1: 369 443
Conjunto 2: 136 81
Conjunto 3: 476 250 304
Conjunto 4: 250 304
Conjunto 5: 47 415 327
Conjunto 6: 415 327 468
Conjunto 7: 327 468
Conjunto 8: 145 57
Conjunto 9: 194 346
Conjunto 10: 346 269
Conjunto 11: 171 138
Conjunto 12: 138 112
Conjunto 13: 265 22
Conjunto 14: 451 282
Conjunto 15: 117 333 448
Conjunto 16: 333 448
Conjunto 17: 410 120
Conjunto 18: 279 242
Conjunto 19: 294 399
Conjunto 20: 399 456
Conjunto 21: 456 95
Conjunto 22: 95 397 118 159
Conjunto 23: 397 118 159 213
Conjunto 24: 118 159 213
Conjunto 25: 159 213
Conjunto 26: 208 149
Conjunto 27: 422 337 370
Conjunto 28: 337 370 293
Conjunto 29: 370 293
Conjunto 30: 247 207 464 400
Conjunto 31: 207 464 400
Conjunto 32: 464 400 29
Conjunto 33: 400 29
Conjunto 34: 144 152
Conjunto 35: 17 416 455
Conjunto 36: 416 455
Conjunto 37: 226 317
Conjunto 38: 317 126
Conjunto 39: 157 184
Conjunto 40: 165 461 130
Conjunto 41: 461 130
Conjunto 42: 292 12 414
Conjunto 43: 12 414
Conjunto 44: 70 411
Conjunto 45: 411 309 377
Conjunto 46: 309 377
Conjunto 47: 80 170
Conjunto 48: 170 419 32
Conjunto 49: 419 32
Conjunto 50: 163 231 361
Conjunto 51: 231 361
Conjunto 52: 161 257 404
Conjunto 53: 257 404
Conjunto 54: 316 339
Conjunto 55: 105 302 109
Conjunto 56: 302 109 298
Conjunto 57: 109 298
Conjunto 58: 227 129
Conjunto 59: 34 412
Conjunto 60: 438 217 164 154 360 405
Conjunto 61: 217 164 154 360 405
Conjunto 62: 164 154 360 405 234
Conjunto 63: 154 360 405 234
Conjunto 64: 360 405 234
Conjunto 65: 405 234 37 326 254
Conjunto 66: 234 37 326 254 418
Conjunto 67: 37 326 254 418
Conjunto 68: 326 254 418
Conjunto 69: 254 418
Conjunto 70: 420 372
Conjunto 71: 372 374
Conjunto 72: 374 35 180
Conjunto 73: 35 180
Conjunto 74: 180 72
Conjunto 75: 368 235
Conjunto 76: 367 2
Conjunto 77: 2 183
Conjunto 78: 135 150
Conjunto 79: 150 267
Conjunto 80: 446 49 103
Conjunto 81: 49 103
Conjunto 82: 331 147 458
Conjunto 83: 147 458
Conjunto 84: 53 312 111
Conjunto 85: 312 111
Conjunto 86: 87 444 286 307
Conjunto 87: 444 286 307
Conjunto 88: 286 307
Conjunto 89: 169 471 98
Conjunto 90: 471 98
Conjunto 91: 98 108
Conjunto 92: 108 143 155 78 162
Conjunto 93: 143 155 78 162
Conjunto 94: 155 78 162 123
Conjunto 95: 78 162 123 131
Conjunto 96: 162 123 131
Conjunto 97: 123 131 387 385
Conjunto 98: 131 387 385
Conjunto 99: 387 385 301 287
Conjunto 100: 385 301 287
Conjunto 101: 301 287
Conjunto 102: 287 345
Conjunto 103: 345 303
Conjunto 104: 296 200 336
Conjunto 105: 200 336
Conjunto 106: 244 246 472
Conjunto 107: 246 472
Conjunto 108: 472 203
Conjunto 109: 203 319 323
Conjunto 110: 319 323 232
Conjunto 111: 323 232 480 104
Conjunto 112: 232 480 104 258
Conjunto 113: 480 104 258 363
Conjunto 114: 104 258 363
Conjunto 115: 258 363
Conjunto 116: 363 125 84
Conjunto 117: 125 84 463
Conjunto 118: 84 463
Conjunto 119: 463 349 432
Conjunto 120: 349 432
Conjunto 121: 432 431 340
Conjunto 122: 431 340
Conjunto 123: 263 62 332
Conjunto 124: 62 332 245
Conjunto 125: 332 245
Conjunto 126: 245 433
Conjunto 127: 433 347 54
Conjunto 128: 347 54 278 141
Conjunto 129: 54 278 141
Conjunto 130: 278 141 449 224
Conjunto 131: 141 449 224
Conjunto 132: 449 224
Conjunto 133: 133 39 477
Conjunto 134: 39 477 485
Conjunto 135: 477 485
Conjunto 136: 485 41 313 48
Conjunto 137: 41 313 48 421 66
Conjunto 138: 313 48 421 66
Conjunto 139: 48 421 66
Conjunto 140: 421 66 261
Conjunto 141: 66 261
Conjunto 142: 261 121 255 453
Conjunto 143: 121 255 453 206 86
Conjunto 144: 255 453 206 86
Conjunto 145: 453 206 86 306 447
Conjunto 146: 206 86 306 447
Conjunto 147: 86 306 447
Conjunto 148: 306 447 185
Conjunto 149: 447 185
Conjunto 150: 185 320 409 114 142 198
Conjunto 151: 320 409 114 142 198
Conjunto 152: 409 114 142 198
Conjunto 153: 114 142 198 275
Conjunto 154: 142 198 275
Conjunto 155: 198 275
Conjunto 156: 92 51 391
Conjunto 157: 51 391
Conjunto 158: 228 466 220 288
Conjunto 159: 466 220 288 13
Conjunto 160: 220 288 13 216
Conjunto 161: 288 13 216
Conjunto 162: 13 216
Conjunto 163: 216 256
Conjunto 164: 256 187 243
Conjunto 165: 187 243 344
Conjunto 166: 243 344
Conjunto 167: 344 223
Conjunto 168: 223 486 315 127 264
Conjunto 169: 486 315 127 264
Conjunto 170: 315 127 264 379
Conjunto 171: 127 264 379
Conjunto 172: 264 379
Conjunto 173: 379 209 289
Conjunto 174: 209 289 426 88 427
Conjunto 175: 289 426 88 427
Conjunto 176: 426 88 427 465 295 338
Conjunto 177: 88 427 465 295 338
Conjunto 178: 427 465 295 338
Conjunto 179: 465 295 338
Conjunto 180: 295 338
Conjunto 181: 338 116
Conjunto 182: 116 413
Conjunto 183: 413 470 27 211 178 14
Conjunto 184: 470 27 211 178 14 473
Conjunto 185: 27 211 178 14 473
Conjunto 186: 211 178 14 473
Conjunto 187: 178 14 473
Conjunto 188: 14 473 166
Conjunto 189: 473 166 268 151
Conjunto 190: 166 268 151
Conjunto 191: 268 151
Conjunto 192: 151 308
Conjunto 193: 308 238 74
Conjunto 194: 238 74 215
Conjunto 195: 74 215
Conjunto 196: 168 401 305 442
Conjunto 197: 401 305 442
Conjunto 198: 305 442 324
Conjunto 199: 442 324
Conjunto 200: 324 248
Conjunto 201: 248 311
Conjunto 202: 311 314 140 271 7
Conjunto 203: 314 140 271 7 283
Conjunto 204: 140 271 7 283 241 9 482
Conjunto 205: 271 7 283 241 9 482
Conjunto 206: 7 283 241 9 482
Conjunto 207: 283 241 9 482
Conjunto 208: 241 9 482
Conjunto 209: 9 482 8
Conjunto 210: 482 8
Conjunto 211: 8 102 83 146
Conjunto 212: 102 83 146
Conjunto 213: 83 146
Conjunto 214: 96 478 55
Conjunto 215: 478 55
Conjunto 216: 55 398 233
Conjunto 217: 398 233 452
Conjunto 218: 233 452 18
Conjunto 219: 452 18 491 365
Conjunto 220: 18 491 365
Conjunto 221: 491 365 352
Conjunto 222: 365 352 428
Conjunto 223: 352 428
Conjunto 224: 428 475
Conjunto 225: 475 423 273 318
Conjunto 226: 423 273 318
Conjunto 227: 273 318
Conjunto 228: 417 197 376
Conjunto 229: 197 376 481 259
Conjunto 230: 376 481 259
Conjunto 231: 481 259 139 91
Conjunto 232: 259 139 91 30
Conjunto 233: 139 91 30 462 205 445
Conjunto 234: 91 30 462 205 445 341
Conjunto 235: 30 462 205 445 341 106
Conjunto 236: 462 205 445 341 106
Conjunto 237: 205 445 341 106
Conjunto 238: 445 341 106
Conjunto 239: 341 106
Conjunto 240: 328 24
Conjunto 241: 24 381 222 219 490 459
Conjunto 242: 381 222 219 490 459 262
Conjunto 243: 222 219 490 459 262
Conjunto 244: 219 490 459 262
Conjunto 245: 490 459 262
Conjunto 246: 459 262 460
Conjunto 247: 262 460 156 210
Conjunto 248: 460 156 210 457 382 395 148
Conjunto 249: 156 210 457 382 395 148
Conjunto 250: 210 457 382 395 148 329
Conjunto 251: 457 382 395 148 329 280
Conjunto 252: 382 395 148 329 280
Conjunto 253: 395 148 329 280
Conjunto 254: 148 329 280
Conjunto 255: 329 280 384
Conjunto 256: 280 384 378
Conjunto 257: 384 378 26
Conjunto 258: 378 26
Conjunto 259: 434 192 65 440
Conjunto 260: 192 65 440
Conjunto 261: 65 440 64
Conjunto 262: 440 64 454 425 479 63
Conjunto 263: 64 454 425 479 63 260
Conjunto 264: 454 425 479 63 260 285
Conjunto 265: 425 479 63 260 285
Conjunto 266: 479 63 260 285
Conjunto 267: 63 260 285
Conjunto 268: 260 285
Conjunto 269: 285 4
Conjunto 270: 4 402
Conjunto 271: 402 93 46 290
Conjunto 272: 93 46 290
Conjunto 273: 46 290
Conjunto 274: 290 3
Conjunto 275: 3 137 36
Conjunto 276: 137 36 214 175 357
Conjunto 277: 36 214 175 357
Conjunto 278: 214 175 357 487
Conjunto 279: 175 357 487 20
Conjunto 280: 357 487 20
Conjunto 281: 487 20
Conjunto 282: 38 100 488
Conjunto 283: 100 488
Conjunto 284: 89 439
Conjunto 285: 182 113 107
Conjunto 286: 113 107 388
Conjunto 287: 107 388 396
Conjunto 288: 388 396
Conjunto 289: 396 483
Conjunto 290: 483 383 119 94
Conjunto 291: 383 119 94 58
Conjunto 292: 119 94 58
Conjunto 293: 94 58 274
Conjunto 294: 58 274 249
Conjunto 295: 274 249 325
Conjunto 296: 249 325
Conjunto 297: 325 90
Conjunto 298: 407 153 236 43 97
Conjunto 299: 153 236 43 97
Conjunto 300: 236 43 97
Conjunto 301: 43 97
Conjunto 302: 97 134
Conjunto 303: 134 348 6 42
Conjunto 304: 348 6 42
Conjunto 305: 6 42 300
Conjunto 306: 42 300
Conjunto 307: 300 330
Conjunto 308: 330 110 310 474 469 277
Conjunto 309: 110 310 474 469 277
Conjunto 310: 310 474 469 277
Conjunto 311: 474 469 277
Conjunto 312: 469 277 128
Conjunto 313: 277 128 56
Conjunto 314: 128 56
Conjunto 315: 77 429
Conjunto 316: 429 196
Conjunto 317: 196 101
Conjunto 318: 101 239
Conjunto 319: 239 386 204
Conjunto 320: 386 204 237
Conjunto 321: 204 237 188 218
Conjunto 322: 237 188 218
Conjunto 323: 188 218 392
Conjunto 324: 218 392
Conjunto 325: 392 176
Conjunto 326: 276 284 299
Conjunto 327: 284 299
Conjunto 328: 299 380 353
Conjunto 329: 380 353 358 403
Conjunto 330: 353 358 403
Conjunto 331: 358 403
Conjunto 332: 40 99 435 272 179
Conjunto 333: 99 435 272 179
Conjunto 334: 435 272 179
Conjunto 335: 272 179
Conjunto 336: 355 21 25 354 202
Conjunto 337: 21 25 354 202 33
Conjunto 338: 25 354 202 33
Conjunto 339: 354 202 33
Conjunto 340: 202 33
Conjunto 341: 33 60
Conjunto 342: 253 115
Conjunto 343: 115 10
Conjunto 344: 181 199 389
Conjunto 345: 199 389 390
Conjunto 346: 389 390
Conjunto 347: 390 281
Conjunto 348: 1 19 351
Conjunto 349: 19 351
Conjunto 350: 45 212 441
Conjunto 351: 212 441
Conjunto 352: 441 52
Conjunto 353: 356 50 193 79
Conjunto 354: 50 193 79
Conjunto 355: 193 79
Conjunto 356: 79 5
Conjunto 357: 132 67
Conjunto 358: 67 230
Conjunto 359: 230 270 177
Conjunto 360: 270 177 201
Conjunto 361: 177 201
Conjunto 362: 342 23
Conjunto 363: 23 44
Conjunto 364: 334 189
