================================================================================= 
=== UFF - Doutorado em Computação - Aplicaçoes em Sistemas de Potencia        === 
=== ESTIMADOR DE ESTADO MÍNIMOS QUADRADOS PONDERADOS INCLUINDO MEDIDAS DE PMU === 
=== Desenvolvido por: Rui Menezes de Moraes - 2009                            === 
================================================================================= 
Arquivo de medidores:          F:\Documents\Uff\Artigos\SimSEP\VERSAO WELDAN V2\Codigos\Med\ieee57_7_0700.med
Arquivo do sistema:            F:\Documents\Uff\Artigos\SimSEP\VERSAO WELDAN V2\Codigos\Carga\ieee57_7_0700.txt
Tolerância entre iteraçoes:     1.00e-04
Limite de iteraçoes:           100

--- DADOS DA REDE --------------------------------------------------------------- 
Data do caso:                  08/25/93
Origem:                        UW ARCHIVE          
MVA base:                      100
Ano:                           1961
Estação:                       W
Identificação:                 IEEE 57 Bus Test Case
Número de barras:              57 
Número de ramos:               80 
Referência na barra:           1

--- TELEMEDIDAS ------------------------------------------------------------------
    Tipo 1 = Fluxo de potencia ativa        Tipo  6 = Módulo da tensão            
    Tipo 2 = Injeção de potencia ativa      Tipo  7 = Corrente de ramo (real)     
    Tipo 3 = Ângulo de fase da tensão       Tipo  8 = Corrente de ramo (imag)     
    Tipo 4 = Fluxo de potencia reativa      Tipo  9 = Injeção de corrente (real)  
    Tipo 5 = Injeção de potencia reativa    Tipo 10 = Injeção de corrente (imag)  
----------------------------------------------------------------------------------
   N    D    P TP  PN ST   Exa   FS       DP      V_Ref      V_Med          E(%) 
----------------------------------------------------------------------------------
   1    0    1  6   0  0 0.015 01.1  0.00520   +1.04000   +1.03309     -0.664423 
   2    0    2  6   0  0 0.015 01.1  0.00505   +1.01000   +1.01274     +0.271287 
   3    0    3  6   0  0 0.015 01.1  0.00502   +1.00458   +0.99817     -0.638078 
   4    0    4  6   0  0 0.015 01.1  0.00496   +0.99188   +1.00438     +1.260233 
   5    0    5  6   0  0 0.015 01.1  0.00489   +0.97837   +0.96387     -1.482057 
   6    0    6  6   0  0 0.015 01.1  0.00490   +0.98000   +0.98190     +0.193878 
   7    0    7  6   0  0 0.015 01.1  0.00490   +0.98020   +0.97634     -0.393797 
   8    0    8  6   0  0 0.015 01.1  0.00502   +1.00500   +1.00112     -0.386070 
   9    0    9  6   0  0 0.015 01.1  0.00492   +0.98449   +0.97035     -1.436277 
  10    0   10  6   0  0 0.015 01.1  0.00491   +0.98117   +0.98668     +0.561574 
  11    0   11  6   0  0 0.015 01.1  0.00486   +0.97236   +0.97395     +0.163520 
  12    0   12  6   0  0 0.015 01.1  0.00507   +1.01500   +1.02308     +0.796059 
  13    0   13  6   0  0 0.015 01.1  0.00488   +0.97668   +0.98522     +0.874391 
  14    0   14  6   0  0 0.015 01.1  0.00484   +0.96723   +0.95988     -0.759902 
  15    0   15  6   0  0 0.015 01.1  0.00495   +0.99014   +0.98122     -0.900883 
  16    0   16  6   0  0 0.015 01.1  0.00507   +1.01504   +1.01099     -0.398999 
  17    0   17  6   0  0 0.015 01.1  0.00509   +1.01867   +1.02538     +0.658702 
  18    0   18  6   0  0 0.015 01.1  0.00502   +1.00376   +0.99248     -1.123775 
  19    0   19  6   0  0 0.015 01.1  0.00480   +0.96052   +0.95850     -0.210303 
  20    0   20  6   0  0 0.015 01.1  0.00475   +0.94913   +0.93536     -1.450802 
  21    0   21  6   0  0 0.015 01.1  0.00496   +0.99179   +0.97903     -1.286563 
  22    0   22  6   0  0 0.015 01.1  0.00496   +0.99242   +0.99868     +0.630781 
  23    0   23  6   0  0 0.015 01.1  0.00495   +0.99030   +0.99930     +0.908816 
  24    0   24  6   0  0 0.015 01.1  0.00487   +0.97369   +0.98567     +1.230371 
  25    0   25  6   0  0 0.015 01.1  0.00470   +0.94026   +0.95188     +1.235828 
  26    0   26  6   0  0 0.015 01.1  0.00468   +0.93673   +0.94037     +0.388586 
  27    0   27  6   0  0 0.015 01.1  0.00483   +0.96491   +0.95424     -1.105803 
  28    0   28  6   0  0 0.015 01.1  0.00492   +0.98340   +0.97049     -1.312792 
  29    0   29  6   0  0 0.015 01.1  0.00500   +0.99962   +1.00795     +0.833317 
  30    0   30  6   0  0 0.015 01.1  0.00458   +0.91573   +0.92238     +0.726197 
  31    0   31  6   0  0 0.015 01.1  0.00442   +0.88377   +0.88711     +0.377926 
  32    0   32  6   0  0 0.015 01.1  0.00453   +0.90574   +0.91197     +0.687835 
  33    0   33  6   0  0 0.015 01.1  0.00451   +0.90283   +0.89478     -0.891641 
  34    0   34  6   0  0 0.015 01.1  0.00464   +0.92818   +0.93640     +0.885604 
  35    0   35  6   0  0 0.015 01.1  0.00469   +0.93788   +0.95123     +1.423423 
  36    0   36  6   0  0 0.015 01.1  0.00475   +0.95068   +0.94841     -0.238776 
  37    0   37  6   0  0 0.015 01.1  0.00481   +0.96208   +0.95474     -0.762930 
  38    0   38  6   0  0 0.015 01.1  0.00498   +0.99671   +0.99612     -0.059195 
  39    0   39  6   0  0 0.015 01.1  0.00480   +0.95968   +0.96455     +0.507461 
  40    0   40  6   0  0 0.015 01.1  0.00474   +0.94749   +0.95751     +1.057531 
  41    0   41  6   0  0 0.015 01.1  0.00492   +0.98320   +0.99633     +1.335435 
  42    0   42  6   0  0 0.015 01.1  0.00471   +0.94278   +0.93228     -1.113727 
  43    0   43  6   0  0 0.015 01.1  0.00502   +1.00431   +1.01023     +0.589459 
  44    0   44  6   0  0 0.015 01.1  0.00502   +1.00405   +0.99140     -1.259897 
  45    0   45  6   0  0 0.015 01.1  0.00517   +1.03295   +1.02067     -1.188828 
  46    0   46  6   0  0 0.015 01.1  0.00526   +1.05292   +1.04127     -1.106447 
  47    0   47  6   0  0 0.015 01.1  0.00511   +1.02097   +1.02143     +0.045055 
  48    0   48  6   0  0 0.015 01.1  0.00507   +1.01398   +1.01343     -0.054242 
  49    0   49  6   0  0 0.015 01.1  0.00513   +1.02498   +1.02331     -0.162930 
  50    0   50  6   0  0 0.015 01.1  0.00505   +1.00936   +1.01839     +0.894626 
  51    0   51  6   0  0 0.015 01.1  0.00523   +1.04595   +1.04686     +0.087002 
  52    0   52  6   0  0 0.015 01.1  0.00481   +0.96286   +0.96773     +0.505785 
  53    0   53  6   0  0 0.015 01.1  0.00476   +0.95115   +0.95067     -0.050465 
  54    0   54  6   0  0 0.015 01.1  0.00494   +0.98711   +0.98216     -0.501464 
  55    0   55  6   0  0 0.015 01.1  0.00517   +1.03434   +1.02685     -0.724133 
  56    0   56  6   0  0 0.015 01.1  0.00471   +0.94207   +0.95546     +1.421338 
  57    0   57  6   0  0 0.015 01.1  0.00468   +0.93625   +0.92963     -0.707076 
  58    0    1  2   0  0 0.020 01.0  0.00777   +0.90551   +0.91902     +1.491977 
  59    0    2  2   0  0 0.020 01.0  0.00198   -0.03700   -0.03703     +0.081081 
  60    0    3  2   0  0 0.020 01.0  0.02139   +2.94900   +2.92600     -0.779925 
  61    0    4  2   0  0 0.020 01.0  0.00173   +0.00000   +0.00121     +0.000000 
  62    0    5  2   0  0 0.020 01.0  0.00279   -0.15900   -0.16726     +5.194969 
  63    0    6  2   0  0 0.020 01.0  0.00783   -0.91500   -0.93554     +2.244809 
  64    0    7  2   0  0 0.020 01.0  0.00173   +0.00000   +0.00437     +0.000000 
  65    0    8  2   0  0 0.020 01.0  0.00953   +1.17000   +1.19323     +1.985470 
  66    0    9  2   0  0 0.020 01.0  0.00464   -0.43600   -0.42677     -2.116972 
  67    0   10  2   0  0 0.020 01.0  0.00256   -0.12400   -0.11765     -5.120968 
  68    0   11  2   0  0 0.020 01.0  0.00173   +0.00000   +0.00186     +0.000000 
  69    0   12  2   0  0 0.020 01.0  0.01441   +1.90100   +1.92495     +1.259863 
  70    0   13  2   0  0 0.020 01.0  0.00320   -0.22000   -0.21628     -1.690909 
  71    0   14  2   0  0 0.020 01.0  0.00259   -0.12800   -0.13267     +3.648438 
  72    0   15  2   0  0 0.020 01.0  0.00352   -0.26800   -0.26901     +0.376866 
  73    0   16  2   0  0 0.020 01.0  0.00523   -0.52500   -0.51593     -1.727619 
  74    0   17  2   0  0 0.020 01.0  0.00515   -0.51200   -0.52738     +3.003906 
  75    0   18  2   0  0 0.020 01.0  0.00395   -0.33200   -0.33068     -0.397590 
  76    0   19  2   0  0 0.020 01.0  0.00200   -0.04000   -0.04080     +2.000000 
  77    0   20  2   0  0 0.020 01.0  0.00192   -0.02800   -0.03309    +18.178571 
  78    0   21  2   0  0 0.020 01.0  0.00173   -0.00000   -0.00060     +0.000000 
  79    0   22  2   0  0 0.020 01.0  0.00173   -0.00000   +0.00353     +0.000000 
  80    0   23  2   0  0 0.020 01.0  0.00225   -0.07700   -0.07541     -2.064935 
  81    0   24  2   0  0 0.020 01.0  0.00173   +0.00000   +0.00251     +0.000000 
  82    0   25  2   0  0 0.020 01.0  0.00225   -0.07700   -0.07113     -7.623377 
  83    0   26  2   0  0 0.020 01.0  0.00173   +0.00000   -0.00182     +0.000000 
  84    0   27  2   0  0 0.020 01.0  0.00249   -0.11300   -0.10933     -3.247788 
  85    0   28  2   0  0 0.020 01.0  0.00211   -0.05600   -0.05129     -8.410714 
  86    0   29  2   0  0 0.020 01.0  0.00311   -0.20700   -0.20825     +0.603865 
  87    0   30  2   0  0 0.020 01.0  0.00203   -0.04400   -0.04374     -0.590909 
  88    0   31  2   0  0 0.020 01.0  0.00221   -0.07100   -0.06898     -2.845070 
  89    0   32  2   0  0 0.020 01.0  0.00187   -0.02000   -0.02035     +1.750000 
  90    0   33  2   0  0 0.020 01.0  0.00204   -0.04600   -0.04988     +8.434783 
  91    0   34  2   0  0 0.020 01.0  0.00173   -0.00000   -0.00285     +0.000000 
  92    0   35  2   0  0 0.020 01.0  0.00222   -0.07300   -0.07417     +1.602740 
  93    0   36  2   0  0 0.020 01.0  0.00173   -0.00000   -0.00504     +0.000000 
  94    0   37  2   0  0 0.020 01.0  0.00173   +0.00000   +0.00261     +0.000000 
  95    0   38  2   0  0 0.020 01.0  0.00287   -0.17100   -0.17855     +4.415205 
  96    0   39  2   0  0 0.020 01.0  0.00173   +0.00000   -0.00071     +0.000000 
  97    0   40  2   0  0 0.020 01.0  0.00173   +0.00000   +0.00044     +0.000000 
  98    0   41  2   0  0 0.020 01.0  0.00225   -0.07700   -0.07552     -1.922078 
  99    0   42  2   0  0 0.020 01.0  0.00231   -0.08700   -0.08789     +1.022989 
 100    0   43  2   0  0 0.020 01.0  0.00189   -0.02400   -0.02876    +19.833333 
 101    0   44  2   0  0 0.020 01.0  0.00271   -0.14600   -0.14951     +2.404110 
 102    0   45  2   0  0 0.020 01.0  0.00173   +0.00000   -0.00444     +0.000000 
 103    0   46  2   0  0 0.020 01.0  0.00173   +0.00000   +0.00239     +0.000000 
 104    0   47  2   0  0 0.020 01.0  0.00415   -0.36200   -0.36582     +1.055249 
 105    0   48  2   0  0 0.020 01.0  0.00173   -0.00000   +0.00158     +0.000000 
 106    0   49  2   0  0 0.020 01.0  0.00320   -0.22000   -0.22035     +0.159091 
 107    0   50  2   0  0 0.020 01.0  0.00344   -0.25600   -0.25842     +0.945312 
 108    0   51  2   0  0 0.020 01.0  0.00320   -0.22000   -0.22332     +1.509091 
 109    0   52  2   0  0 0.020 01.0  0.00213   -0.06000   -0.06508     +8.466667 
 110    0   53  2   0  0 0.020 01.0  0.00336   -0.24400   -0.24661     +1.069672 
 111    0   54  2   0  0 0.020 01.0  0.00207   -0.05000   -0.05152     +3.040000 
 112    0   55  2   0  0 0.020 01.0  0.00229   -0.08300   -0.08325     +0.301205 
 113    0   56  2   0  0 0.020 01.0  0.00235   -0.09300   -0.08883     -4.483871 
 114    0   57  2   0  0 0.020 01.0  0.00228   -0.08200   -0.07938     -3.195122 
 115    0    1  5   0  0 0.020 01.0  0.01305   +1.69692   +1.72430     +1.613512 
 116    0    2  5   0  0 0.020 01.0  0.00902   -1.09246   -1.09180     -0.060414 
 117    0    3  5   0  0 0.020 01.0  0.00411   -0.35600   -0.34725     -2.457865 
 118    0    4  5   0  0 0.020 01.0  0.00173   +0.00000   -0.00036     +0.000000 
 119    0    5  5   0  0 0.020 01.0  0.00206   -0.04900   -0.05191     +5.938776 
 120    0    6  5   0  0 0.020 01.0  0.00223   +0.07391   +0.07564     +2.340685 
 121    0    7  5   0  0 0.020 01.0  0.00173   +0.00000   +0.00065     +0.000000 
 122    0    8  5   0  0 0.020 01.0  0.00592   +0.62864   +0.63010     +0.232247 
 123    0    9  5   0  0 0.020 01.0  0.00256   -0.12400   -0.12564     +1.322581 
 124    0   10  5   0  0 0.020 01.0  0.00207   -0.05000   -0.05099     +1.980000 
 125    0   11  5   0  0 0.020 01.0  0.00173   +0.00000   -0.00377     +0.000000 
 126    0   12  5   0  0 0.020 01.0  0.00476   +0.45413   +0.44819     -1.307996 
 127    0   13  5   0  0 0.020 01.0  0.00192   -0.02800   -0.03368    +20.285714 
 128    0   14  5   0  0 0.020 01.0  0.00217   -0.06500   -0.05937     -8.661538 
 129    0   15  5   0  0 0.020 01.0  0.00214   -0.06100   -0.05960     -2.295082 
 130    0   16  5   0  0 0.020 01.0  0.00198   -0.03700   -0.03234    -12.594595 
 131    0   17  5   0  0 0.020 01.0  0.00239   -0.09800   -0.09913     +1.153061 
 132    0   18  5   0  0 0.020 01.0  0.00253   -0.12000   -0.12152     +1.266667 
 133    0   19  5   0  0 0.020 01.0  0.00178   -0.00700   -0.00642     -8.285714 
 134    0   20  5   0  0 0.020 01.0  0.00181   -0.01200   -0.01095     -8.750000 
 135    0   21  5   0  0 0.020 01.0  0.00173   +0.00000   +0.00007     +0.000000 
 136    0   22  5   0  0 0.020 01.0  0.00173   +0.00000   +0.00091     +0.000000 
 137    0   23  5   0  0 0.020 01.0  0.00191   -0.02600   -0.03020    +16.153846 
 138    0   24  5   0  0 0.020 01.0  0.00173   -0.00000   +0.00272     +0.000000 
 139    0   25  5   0  0 0.020 01.0  0.00199   -0.03900   -0.03719     -4.641026 
 140    0   26  5   0  0 0.020 01.0  0.00173   +0.00000   -0.00155     +0.000000 
 141    0   27  5   0  0 0.020 01.0  0.00177   -0.00600   -0.00799    +33.166667 
 142    0   28  5   0  0 0.020 01.0  0.00192   -0.02800   -0.03060     +9.285714 
 143    0   29  5   0  0 0.020 01.0  0.00195   -0.03200   -0.03609    +12.781250 
 144    0   30  5   0  0 0.020 01.0  0.00188   -0.02200   -0.02387     +8.500000 
 145    0   31  5   0  0 0.020 01.0  0.00197   -0.03500   -0.03107    -11.228571 
 146    0   32  5   0  0 0.020 01.0  0.00180   -0.01000   -0.01288    +28.800000 
 147    0   33  5   0  0 0.020 01.0  0.00189   -0.02300   -0.02788    +21.217391 
 148    0   34  5   0  0 0.020 01.0  0.00173   -0.00000   -0.00005     +0.000000 
 149    0   35  5   0  0 0.020 01.0  0.00198   -0.03700   -0.04149    +12.135135 
 150    0   36  5   0  0 0.020 01.0  0.00173   +0.00000   -0.00101     +0.000000 
 151    0   37  5   0  0 0.020 01.0  0.00173   +0.00000   -0.00425     +0.000000 
 152    0   38  5   0  0 0.020 01.0  0.00230   -0.08500   -0.08196     -3.576471 
 153    0   39  5   0  0 0.020 01.0  0.00173   -0.00000   -0.00164     +0.000000 
 154    0   40  5   0  0 0.020 01.0  0.00173   -0.00000   +0.00069     +0.000000 
 155    0   41  5   0  0 0.020 01.0  0.00198   -0.03700   -0.03516     -4.972973 
 156    0   42  5   0  0 0.020 01.0  0.00209   -0.05400   -0.05208     -3.555556 
 157    0   43  5   0  0 0.020 01.0  0.00181   -0.01200   -0.00981    -18.250000 
 158    0   44  5   0  0 0.020 01.0  0.00188   -0.02200   -0.02424    +10.181818 
 159    0   45  5   0  0 0.020 01.0  0.00173   +0.00000   -0.00431     +0.000000 
 160    0   46  5   0  0 0.020 01.0  0.00173   +0.00000   +0.00139     +0.000000 
 161    0   47  5   0  0 0.020 01.0  0.00268   -0.14200   -0.14576     +2.647887 
 162    0   48  5   0  0 0.020 01.0  0.00173   +0.00000   +0.00410     +0.000000 
 163    0   49  5   0  0 0.020 01.0  0.00243   -0.10400   -0.10691     +2.798077 
 164    0   50  5   0  0 0.020 01.0  0.00259   -0.12800   -0.12466     -2.609375 
 165    0   51  5   0  0 0.020 01.0  0.00217   -0.06500   -0.06721     +3.400000 
 166    0   52  5   0  0 0.020 01.0  0.00191   -0.02700   -0.02855     +5.740741 
 167    0   53  5   0  0 0.020 01.0  0.00255   -0.12200   -0.12059     -1.155738 
 168    0   54  5   0  0 0.020 01.0  0.00185   -0.01700   -0.01251    -26.411765 
 169    0   55  5   0  0 0.020 01.0  0.00201   -0.04100   -0.04384     +6.926829 
 170    0   56  5   0  0 0.020 01.0  0.00191   -0.02700   -0.02184    -19.111111 
 171    0   57  5   0  0 0.020 01.0  0.00189   -0.02400   -0.02129    -11.291667 
 172    1    2  1   0  0 0.020 01.0  0.00310   -0.20553   -0.21476     +4.490829 
 173    2    3  1   0  0 0.020 01.0  0.00342   -0.25353   -0.24633     -2.839901 
 174    3    4  1   0  0 0.020 01.0  0.01101   +1.39103   +1.40395     +0.928808 
 175    4    5  1   0  0 0.020 01.0  0.00458   +0.42775   +0.42947     +0.402104 
 176    4    6  1   0  0 0.020 01.0  0.00536   +0.54443   +0.53921     -0.958801 
 177    6    7  1   0  0 0.020 01.0  0.00215   +0.06198   +0.05983     -3.468861 
 178    6    8  1   0  0 0.020 01.0  0.00301   -0.19169   -0.19932     +3.980385 
 179    8    9  1   0  0 0.020 01.0  0.00450   +0.41533   +0.41420     -0.272073 
 180    9   10  1   0  0 0.020 01.0  0.00178   +0.00718   +0.00886    +23.398329 
 181    9   11  1   0  0 0.020 01.0  0.00186   +0.01962   +0.02043     +4.128440 
 182    9   12  1   0  0 0.020 01.0  0.00318   -0.21743   -0.21930     +0.860047 
 183    9   13  1   0  0 0.020 01.0  0.00250   -0.11464   -0.10813     -5.678646 
 184   13   14  1   0  0 0.020 01.0  0.00233   +0.08912   +0.08718     -2.176840 
 185   13   15  1   0  0 0.020 01.0  0.00410   -0.35518   -0.34416     -3.102652 
 186    1   15  1   0  0 0.020 01.0  0.00464   +0.43551   +0.42244     -3.001079 
 187    1   16  1   0  0 0.020 01.0  0.00341   +0.25163   +0.25042     -0.480865 
 188    1   17  1   0  0 0.020 01.0  0.00456   +0.42390   +0.42939     +1.295117 
 189    3   15  1   0  0 0.020 01.0  0.01041   +1.30184   +1.31452     +0.974006 
 190    4   18  1   0  0 0.020 01.0  0.00290   +0.17427   +0.17444     +0.097550 
 191    4   18  1   0  0 0.020 01.0  0.00322   +0.22309   +0.22525     +0.968219 
 192    5    6  1   0  0 0.020 01.0  0.00344   +0.25666   +0.26175     +1.983168 
 193    7    8  1   0  0 0.020 01.0  0.00544   -0.55613   -0.54629     -1.769370 
 194   10   12  1   0  0 0.020 01.0  0.00517   -0.51613   -0.52120     +0.982311 
 195   11   13  1   0  0 0.020 01.0  0.00351   -0.26691   -0.26556     -0.505788 
 196   12   13  1   0  0 0.020 01.0  0.00697   +0.78550   +0.80035     +1.890516 
 197   12   16  1   0  0 0.020 01.0  0.00359   +0.27768   +0.27960     +0.691443 
 198   12   17  1   0  0 0.020 01.0  0.00235   +0.09276   +0.09288     +0.129366 
 199   14   15  1   0  0 0.020 01.0  0.00593   -0.62975   -0.61717     -1.997618 
 200   18   19  1   0  0 0.020 01.0  0.00217   +0.06535   +0.06774     +3.657230 
 201   19   20  1   0  0 0.020 01.0  0.00189   +0.02321   +0.01875    -19.215855 
 202   21   20  1   0  0 0.020 01.0  0.00177   +0.00499   +0.00501     +0.400802 
 203   21   22  1   0  0 0.020 01.0  0.00177   -0.00499   -0.01009   +102.204409 
 204   22   23  1   0  0 0.020 01.0  0.00293   +0.18004   +0.17903     -0.560986 
 205   23   24  1   0  0 0.020 01.0  0.00242   +0.10271   +0.10862     +5.754065 
 206   24   25  1   0  0 0.020 01.0  0.00229   +0.08353   +0.07727     -7.494313 
 207   24   25  1   0  0 0.020 01.0  0.00227   +0.08027   +0.08633     +7.549520 
 208   24   26  1   0  0 0.020 01.0  0.00215   -0.06287   -0.06700     +6.569111 
 209   26   27  1   0  0 0.020 01.0  0.00215   -0.06287   -0.06455     +2.672181 
 210   27   28  1   0  0 0.020 01.0  0.00292   -0.17736   -0.18252     +2.909337 
 211   28   29  1   0  0 0.020 01.0  0.00331   -0.23579   -0.24381     +3.401332 
 212    7   29  1   0  0 0.020 01.0  0.00585   +0.61802   +0.61566     -0.381865 
 213   25   30  1   0  0 0.020 01.0  0.00231   +0.08680   +0.08371     -3.559908 
 214   30   31  1   0  0 0.020 01.0  0.00201   +0.04116   +0.03635    -11.686103 
 215   31   32  1   0  0 0.020 01.0  0.00194   -0.03090   -0.03091     +0.032362 
 216   32   33  1   0  0 0.020 01.0  0.00204   +0.04613   +0.04293     -6.936917 
 217   34   32  1   0  0 0.020 01.0  0.00238   +0.09766   +0.09550     -2.211755 
 218   34   35  1   0  0 0.020 01.0  0.00238   -0.09766   -0.09682     -0.860127 
 219   35   36  1   0  0 0.020 01.0  0.00288   -0.17138   -0.17055     -0.484304 
 220   36   37  1   0  0 0.020 01.0  0.00315   -0.21228   -0.21377     +0.701903 
 221   37   38  1   0  0 0.020 01.0  0.00346   -0.25897   -0.26135     +0.919025 
 222   37   39  1   0  0 0.020 01.0  0.00203   +0.04473   +0.04327     -3.264029 
 223   36   40  1   0  0 0.020 01.0  0.00199   +0.03910   +0.03647     -6.726343 
 224   22   38  1   0  0 0.020 01.0  0.00297   -0.18503   -0.19073     +3.080582 
 225   11   41  1   0  0 0.020 01.0  0.00250   +0.11569   +0.11009     -4.840522 
 226   41   42  1   0  0 0.020 01.0  0.00248   +0.11166   +0.10446     -6.448146 
 227   41   43  1   0  0 0.020 01.0  0.00271   -0.14634   -0.14223     -2.808528 
 228   38   44  1   0  0 0.020 01.0  0.00359   -0.27891   -0.27880     -0.039439 
 229   15   45  1   0  0 0.020 01.0  0.00466   +0.43848   +0.44469     +1.416256 
 230   14   46  1   0  0 0.020 01.0  0.00567   +0.59029   +0.59917     +1.504345 
 231   46   47  1   0  0 0.020 01.0  0.00567   +0.59029   +0.58243     -1.331549 
 232   47   48  1   0  0 0.020 01.0  0.00319   +0.21916   +0.21329     -2.678408 
 233   48   49  1   0  0 0.020 01.0  0.00197   -0.03501   -0.04016    +14.710083 
 234   49   50  1   0  0 0.020 01.0  0.00228   +0.08221   +0.08119     -1.240725 
 235   50   51  1   0  0 0.020 01.0  0.00290   -0.17472   -0.17120     -2.014652 
 236   10   51  1   0  0 0.020 01.0  0.00439   +0.39929   +0.41188     +3.153097 
 237   13   49  1   0  0 0.020 01.0  0.00462   +0.43326   +0.43469     +0.330056 
 238   29   52  1   0  0 0.020 01.0  0.00288   +0.17237   +0.16448     -4.577363 
 239   52   53  1   0  0 0.020 01.0  0.00245   +0.10747   +0.10868     +1.125896 
 240   53   54  1   0  0 0.020 01.0  0.00265   -0.13756   -0.14108     +2.558883 
 241   54   55  1   0  0 0.020 01.0  0.00301   -0.19174   -0.19097     -0.401585 
 242   11   43  1   0  0 0.020 01.0  0.00287   +0.17034   +0.16937     -0.569449 
 243   44   45  1   0  0 0.020 01.0  0.00458   -0.42718   -0.43770     +2.462662 
 244   40   56  1   0  0 0.020 01.0  0.00199   +0.03899   +0.03756     -3.667607 
 245   56   41  1   0  0 0.020 01.0  0.00220   -0.07029   -0.06679     -4.979371 
 246   56   42  1   0  0 0.020 01.0  0.00188   -0.02135   -0.01664    -22.060890 
 247   39   57  1   0  0 0.020 01.0  0.00203   +0.04465   +0.04700     +5.263158 
 248   57   56  1   0  0 0.020 01.0  0.00198   -0.03735   -0.03176    -14.966533 
 249   38   49  1   0  0 0.020 01.0  0.00236   -0.09347   -0.09876     +5.659570 
 250   38   48  1   0  0 0.020 01.0  0.00340   -0.24986   -0.24687     -1.196670 
 251    9   55  1   0  0 0.020 01.0  0.00361   +0.28184   +0.27939     -0.869288 
 252    1    2  4   0  0 0.020 01.0  0.00913   +1.10956   +1.11297     +0.307329 
 253    2    3  4   0  0 0.020 01.0  0.00250   +0.11556   +0.11102     -3.928695 
 254    3    4  4   0  0 0.020 01.0  0.00213   -0.06011   -0.06147     +2.262519 
 255    4    5  4   0  0 0.020 01.0  0.00239   -0.09874   -0.10104     +2.329350 
 256    4    6  4   0  0 0.020 01.0  0.00221   -0.07172   -0.07363     +2.663134 
 257    6    7  4   0  0 0.020 01.0  0.00191   -0.02711   -0.02857     +5.385467 
 258    6    8  4   0  0 0.020 01.0  0.00256   -0.12403   -0.12994     +4.764976 
 259    8    9  4   0  0 0.020 01.0  0.00375   +0.30228   +0.30231     +0.009925 
 260    9   10  4   0  0 0.020 01.0  0.00176   -0.00345   -0.00011    -96.811594 
 261    9   11  4   0  0 0.020 01.0  0.00256   +0.12427   +0.12187     -1.931279 
 262    9   12  4   0  0 0.020 01.0  0.00230   -0.08515   -0.08517     +0.023488 
 263    9   13  4   0  0 0.020 01.0  0.00217   +0.06547   +0.06050     -7.591263 
 264   13   14  4   0  0 0.020 01.0  0.00294   +0.18043   +0.18176     +0.737128 
 265   13   15  4   0  0 0.020 01.0  0.00205   -0.04692   -0.04673     -0.404945 
 266    1   15  4   0  0 0.020 01.0  0.00464   +0.43634   +0.43231     -0.923592 
 267    1   16  4   0  0 0.020 01.0  0.00204   +0.04640   +0.05086     +9.612069 
 268    1   17  4   0  0 0.020 01.0  0.00243   +0.10462   +0.10234     -2.179316 
 269    3   15  4   0  0 0.020 01.0  0.00243   -0.10476   -0.10539     +0.601375 
 270    4   18  4   0  0 0.020 01.0  0.00202   +0.04286   +0.03968     -7.419505 
 271    4   18  4   0  0 0.020 01.0  0.00197   +0.03514   +0.03834     +9.106431 
 272    5    6  4   0  0 0.020 01.0  0.00272   -0.14825   -0.15195     +2.495784 
 273    7    8  4   0  0 0.020 01.0  0.00328   -0.23266   -0.23217     -0.210608 
 274   10   12  4   0  0 0.020 01.0  0.00274   -0.15051   -0.15000     -0.338848 
 275   11   13  4   0  0 0.020 01.0  0.00185   +0.01791   +0.02206    +23.171413 
 276   12   13  4   0  0 0.020 01.0  0.00447   +0.41072   +0.42246     +2.858395 
 277   12   16  4   0  0 0.020 01.0  0.00220   -0.06980   -0.07575     +8.524355 
 278   12   17  4   0  0 0.020 01.0  0.00217   -0.06498   -0.05875     -9.587565 
 279   14   15  4   0  0 0.020 01.0  0.00311   -0.20593   -0.20346     -1.199437 
 280   18   19  4   0  0 0.020 01.0  0.00187   +0.02033   +0.01554    -23.561240 
 281   19   20  4   0  0 0.020 01.0  0.00180   +0.01015   +0.00703    -30.738916 
 282   21   20  4   0  0 0.020 01.0  0.00175   +0.00218   +0.00071    -67.431193 
 283   21   22  4   0  0 0.020 01.0  0.00175   -0.00218   -0.00295    +35.321101 
 284   22   23  4   0  0 0.020 01.0  0.00188   +0.02144   +0.02434    +13.526119 
 285   23   24  4   0  0 0.020 01.0  0.00177   -0.00507   -0.00066    -86.982249 
 286   24   25  4   0  0 0.020 01.0  0.00195   +0.03206   +0.03357     +4.709919 
 287   24   25  4   0  0 0.020 01.0  0.00194   +0.03081   +0.03611    +17.202207 
 288   24   26  4   0  0 0.020 01.0  0.00215   -0.06259   -0.05930     -5.256431 
 289   26   27  4   0  0 0.020 01.0  0.00215   -0.06302   -0.06268     -0.539511 
 290   27   28  4   0  0 0.020 01.0  0.00221   -0.07131   -0.06667     -6.506801 
 291   28   29  4   0  0 0.020 01.0  0.00242   -0.10306   -0.09847     -4.453716 
 292    7   29  4   0  0 0.020 01.0  0.00328   +0.23163   +0.22440     -3.121357 
 293   25   30  4   0  0 0.020 01.0  0.00211   +0.05646   +0.05976     +5.844846 
 294   30   31  4   0  0 0.020 01.0  0.00195   +0.03201   +0.03338     +4.279913 
 295   31   32  4   0  0 0.020 01.0  0.00176   -0.00460   -0.00569    +23.695652 
 296   32   33  4   0  0 0.020 01.0  0.00189   +0.02312   +0.02698    +16.695502 
 297   34   32  4   0  0 0.020 01.0  0.00208   +0.05148   +0.04573    -11.169386 
 298   34   35  4   0  0 0.020 01.0  0.00208   -0.05148   -0.05651     +9.770785 
 299   35   36  4   0  0 0.020 01.0  0.00231   -0.08678   -0.08057     -7.156027 
 300   36   37  4   0  0 0.020 01.0  0.00258   -0.12760   -0.12921     +1.261755 
 301   37   38  4   0  0 0.020 01.0  0.00282   -0.16278   -0.16223     -0.337879 
 302   37   39  4   0  0 0.020 01.0  0.00195   +0.03269   +0.03742    +14.469257 
 303   36   40  4   0  0 0.020 01.0  0.00200   +0.04000   +0.03808     -4.800000 
 304   22   38  4   0  0 0.020 01.0  0.00189   -0.02362   -0.02176     -7.874682 
 305   11   41  4   0  0 0.020 01.0  0.00208   +0.05257   +0.05541     +5.402321 
 306   41   42  4   0  0 0.020 01.0  0.00206   +0.04853   +0.04512     -7.026581 
 307   41   43  4   0  0 0.020 01.0  0.00204   -0.04591   -0.04523     -1.481159 
 308   38   44  4   0  0 0.020 01.0  0.00183   +0.01423   +0.01374     -3.443429 
 309   15   45  4   0  0 0.020 01.0  0.00205   +0.04756   +0.04892     +2.859546 
 310   14   46  4   0  0 0.020 01.0  0.00393   +0.32982   +0.33086     +0.315324 
 311   46   47  4   0  0 0.020 01.0  0.00374   +0.30072   +0.30113     +0.136339 
 312   47   48  4   0  0 0.020 01.0  0.00264   +0.13518   +0.13180     -2.500370 
 313   48   49  4   0  0 0.020 01.0  0.00217   -0.06624   -0.06130     -7.457729 
 314   49   50  4   0  0 0.020 01.0  0.00222   +0.07369   +0.07952     +7.911521 
 315   50   51  4   0  0 0.020 01.0  0.00211   -0.05579   -0.05192     -6.936727 
 316   10   51  4   0  0 0.020 01.0  0.00266   +0.13950   +0.14699     +5.369176 
 317   13   49  4   0  0 0.020 01.0  0.00436   +0.39478   +0.39542     +0.162116 
 318   29   52  4   0  0 0.020 01.0  0.00217   +0.06508   +0.06005     -7.728949 
 319   52   53  4   0  0 0.020 01.0  0.00194   +0.03173   +0.03348     +5.515285 
 320   53   54  4   0  0 0.020 01.0  0.00196   -0.03461   -0.03825    +10.517192 
 321   54   55  4   0  0 0.020 01.0  0.00211   -0.05677   -0.05225     -7.961952 
 322   11   43  4   0  0 0.020 01.0  0.00222   +0.07304   +0.07894     +8.077766 
 323   44   45  4   0  0 0.020 01.0  0.00180   -0.01036   -0.01465    +41.409266 
 324   40   56  4   0  0 0.020 01.0  0.00200   +0.03984   +0.03740     -6.124498 
 325   56   41  4   0  0 0.020 01.0  0.00175   +0.00178   +0.00491   +175.842697 
 326   56   42  4   0  0 0.020 01.0  0.00181   +0.01110   +0.01046     -5.765766 
 327   39   57  4   0  0 0.020 01.0  0.00195   +0.03257   +0.03248     -0.276328 
 328   57   56  4   0  0 0.020 01.0  0.00176   +0.00425   -0.00072   -116.941176 
 329   38   49  4   0  0 0.020 01.0  0.00240   -0.09985   -0.09881     -1.041562 
 330   38   48  4   0  0 0.020 01.0  0.00303   -0.19507   -0.19375     -0.676680 
 331    9   55  4   0  0 0.020 01.0  0.00251   +0.11730   +0.12095     +3.111679 
 332    2    1  1   0  0 0.020 01.0  0.00318   +0.21653   +0.20846     -3.726966 
 333    3    2  1   0  0 0.020 01.0  0.00344   +0.25613   +0.26206     +2.315231 
 334    4    3  1   0  0 0.020 01.0  0.01086   -1.36954   -1.38952     +1.458884 
 335    5    4  1   0  0 0.020 01.0  0.00450   -0.41566   -0.41482     -0.202088 
 336    6    4  1   0  0 0.020 01.0  0.00528   -0.53135   -0.51792     -2.527524 
 337    7    6  1   0  0 0.020 01.0  0.00215   -0.06189   -0.05564    -10.098562 
 338    8    6  1   0  0 0.020 01.0  0.00302   +0.19335   +0.20197     +4.458236 
 339    9    8  1   0  0 0.020 01.0  0.00448   -0.41257   -0.41782     +1.272511 
 340   10    9  1   0  0 0.020 01.0  0.00178   -0.00716   -0.00445    -37.849162 
 341   11    9  1   0  0 0.020 01.0  0.00186   -0.01913   -0.02241    +17.145844 
 342   12    9  1   0  0 0.020 01.0  0.00320   +0.22074   +0.22769     +3.148500 
 343   13    9  1   0  0 0.020 01.0  0.00250   +0.11565   +0.11802     +2.049287 
 344   14   13  1   0  0 0.020 01.0  0.00232   -0.08854   -0.09408     +6.257059 
 345   15   13  1   0  0 0.020 01.0  0.00413   +0.35877   +0.36076     +0.554673 
 346   15    1  1   0  0 0.020 01.0  0.00459   -0.42844   -0.41568     -2.978247 
 347   16    1  1   0  0 0.020 01.0  0.00339   -0.24873   -0.24171     -2.822337 
 348   17    1  1   0  0 0.020 01.0  0.00453   -0.41963   -0.41275     -1.639540 
 349   15    3  1   0  0 0.020 01.0  0.01023   -1.27453   -1.26207     -0.977615 
 350   18    4  1   0  0 0.020 01.0  0.00290   -0.17427   -0.17867     +2.524818 
 351   18    4  1   0  0 0.020 01.0  0.00322   -0.22309   -0.23198     +3.984939 
 352    6    5  1   0  0 0.020 01.0  0.00343   -0.25394   -0.25472     +0.307159 
 353    8    7  1   0  0 0.020 01.0  0.00548   +0.56133   +0.54876     -2.239324 
 354   12   10  1   0  0 0.020 01.0  0.00523   +0.52432   +0.51370     -2.025481 
 355   13   11  1   0  0 0.020 01.0  0.00352   +0.26860   +0.26691     -0.629188 
 356   13   12  1   0  0 0.020 01.0  0.00688   -0.77146   -0.76461     -0.887927 
 357   16   12  1   0  0 0.020 01.0  0.00358   -0.27627   -0.26612     -3.673942 
 358   17   12  1   0  0 0.020 01.0  0.00235   -0.09237   -0.09547     +3.356068 
 359   15   14  1   0  0 0.020 01.0  0.00598   +0.63772   +0.63885     +0.177194 
 360   19   18  1   0  0 0.020 01.0  0.00215   -0.06321   -0.05764     -8.811897 
 361   20   19  1   0  0 0.020 01.0  0.00189   -0.02301   -0.02678    +16.384181 
 362   20   21  1   0  0 0.020 01.0  0.00177   -0.00499   -0.00192    -61.523046 
 363   22   21  1   0  0 0.020 01.0  0.00177   +0.00499   +0.00078    -84.368737 
 364   23   22  1   0  0 0.020 01.0  0.00293   -0.17971   -0.17296     -3.756051 
 365   24   23  1   0  0 0.020 01.0  0.00241   -0.10092   -0.10060     -0.317083 
 366   25   24  1   0  0 0.020 01.0  0.00229   -0.08353   -0.07701     -7.805579 
 367   25   24  1   0  0 0.020 01.0  0.00227   -0.08027   -0.07678     -4.347826 
 368   26   24  1   0  0 0.020 01.0  0.00215   +0.06287   +0.06575     +4.580881 
 369   27   26  1   0  0 0.020 01.0  0.00216   +0.06436   +0.05791    -10.021753 
 370   28   27  1   0  0 0.020 01.0  0.00293   +0.17979   +0.17461     -2.881139 
 371   29   28  1   0  0 0.020 01.0  0.00332   +0.23865   +0.23387     -2.002933 
 372   29    7  1   0  0 0.020 01.0  0.00585   -0.61802   -0.63278     +2.388272 
 373   30   25  1   0  0 0.020 01.0  0.00230   -0.08516   -0.08191     -3.816346 
 374   31   30  1   0  0 0.020 01.0  0.00200   -0.04010   -0.03623     -9.650873 
 375   32   31  1   0  0 0.020 01.0  0.00194   +0.03153   +0.02970     -5.803996 
 376   33   32  1   0  0 0.020 01.0  0.00204   -0.04600   -0.05045     +9.673913 
 377   32   34  1   0  0 0.020 01.0  0.00238   -0.09766   -0.09528     -2.437026 
 378   35   34  1   0  0 0.020 01.0  0.00239   +0.09838   +0.10312     +4.818052 
 379   36   35  1   0  0 0.020 01.0  0.00289   +0.17318   +0.17619     +1.738076 
 380   37   36  1   0  0 0.020 01.0  0.00316   +0.21425   +0.20741     -3.192532 
 381   38   37  1   0  0 0.020 01.0  0.00350   +0.26553   +0.26299     -0.956577 
 382   39   37  1   0  0 0.020 01.0  0.00203   -0.04465   -0.04247     -4.882419 
 383   40   36  1   0  0 0.020 01.0  0.00199   -0.03899   -0.03880     -0.487304 
 384   38   22  1   0  0 0.020 01.0  0.00297   +0.18571   +0.19423     +4.587798 
 385   41   11  1   0  0 0.020 01.0  0.00250   -0.11569   -0.11918     +3.016683 
 386   42   41  1   0  0 0.020 01.0  0.00246   -0.10849   -0.10308     -4.986635 
 387   43   41  1   0  0 0.020 01.0  0.00271   +0.14634   +0.14429     -1.400847 
 388   44   38  1   0  0 0.020 01.0  0.00361   +0.28118   +0.27331     -2.798919 
 389   45   15  1   0  0 0.020 01.0  0.00466   -0.43848   -0.45014     +2.659186 
 390   46   14  1   0  0 0.020 01.0  0.00567   -0.59029   -0.58217     -1.375595 
 391   47   46  1   0  0 0.020 01.0  0.00561   -0.58116   -0.58547     +0.741620 
 392   48   47  1   0  0 0.020 01.0  0.00319   -0.21800   -0.22029     +1.050459 
 393   49   48  1   0  0 0.020 01.0  0.00197   +0.03544   +0.03310     -6.602709 
 394   50   49  1   0  0 0.020 01.0  0.00228   -0.08128   -0.08409     +3.457185 
 395   51   50  1   0  0 0.020 01.0  0.00293   +0.17929   +0.17507     -2.353729 
 396   51   10  1   0  0 0.020 01.0  0.00439   -0.39929   -0.40026     +0.242931 
 397   49   13  1   0  0 0.020 01.0  0.00462   -0.43326   -0.41973     -3.122836 
 398   52   29  1   0  0 0.020 01.0  0.00285   -0.16747   -0.16944     +1.176330 
 399   53   52  1   0  0 0.020 01.0  0.00244   -0.10644   -0.09994     -6.106727 
 400   54   53  1   0  0 0.020 01.0  0.00268   +0.14174   +0.13638     -3.781572 
 401   55   54  1   0  0 0.020 01.0  0.00306   +0.19884   +0.20664     +3.922752 
 402   43   11  1   0  0 0.020 01.0  0.00287   -0.17034   -0.16596     -2.571328 
 403   45   44  1   0  0 0.020 01.0  0.00466   +0.43848   +0.44844     +2.271483 
 404   56   40  1   0  0 0.020 01.0  0.00199   -0.03899   -0.03777     -3.129007 
 405   41   56  1   0  0 0.020 01.0  0.00222   +0.07337   +0.06813     -7.141884 
 406   42   56  1   0  0 0.020 01.0  0.00188   +0.02149   +0.02099     -2.326664 
 407   57   39  1   0  0 0.020 01.0  0.00203   -0.04465   -0.04276     -4.232923 
 408   56   57  1   0  0 0.020 01.0  0.00198   +0.03763   +0.03237    -13.978209 
 409   49   38  1   0  0 0.020 01.0  0.00237   +0.09560   +0.08879     -7.123431 
 410   48   38  1   0  0 0.020 01.0  0.00342   +0.25302   +0.24870     -1.707375 
 411   55    9  1   0  0 0.020 01.0  0.00361   -0.28184   -0.27249     -3.317485 
 412    2    1  4   0  0 0.020 01.0  0.00979   -1.20802   -1.20719     -0.068707 
 413    3    2  4   0  0 0.020 01.0  0.00301   -0.19114   -0.18436     -3.547138 
 414    4    3  4   0  0 0.020 01.0  0.00235   +0.09248   +0.09076     -1.859862 
 415    5    4  4   0  0 0.020 01.0  0.00239   +0.09925   +0.10477     +5.561713 
 416    6    4  4   0  0 0.020 01.0  0.00229   +0.08293   +0.08341     +0.578801 
 417    7    6  4   0  0 0.020 01.0  0.00174   +0.00103   +0.00513   +398.058252 
 418    8    6  4   0  0 0.020 01.0  0.00231   +0.08620   +0.08070     -6.380510 
 419    9    8  4   0  0 0.020 01.0  0.00402   -0.34244   -0.34938     +2.026632 
 420   10    9  4   0  0 0.020 01.0  0.00199   -0.03899   -0.03658     -6.181072 
 421   11    9  4   0  0 0.020 01.0  0.00269   -0.14352   -0.14576     +1.560758 
 422   12    9  4   0  0 0.020 01.0  0.00189   +0.02306   +0.01741    -24.501301 
 423   13    9  4   0  0 0.020 01.0  0.00241   -0.10119   -0.10286     +1.650361 
 424   14   13  4   0  0 0.020 01.0  0.00299   -0.18889   -0.19212     +1.709990 
 425   15   13  4   0  0 0.020 01.0  0.00198   +0.03628   +0.03502     -3.472988 
 426   15    1  4   0  0 0.020 01.0  0.00508   -0.50206   -0.51178     +1.936024 
 427   16    1  4   0  0 0.020 01.0  0.00234   -0.09090   -0.09498     +4.488449 
 428   17    1  4   0  0 0.020 01.0  0.00250   -0.11554   -0.11413     -1.220357 
 429   15    3  4   0  0 0.020 01.0  0.00267   +0.13996   +0.14147     +1.078880 
 430   18    4  4   0  0 0.020 01.0  0.00191   -0.02576   -0.02951    +14.557453 
 431   18    4  4   0  0 0.020 01.0  0.00183   -0.01381   -0.00907    -34.322954 
 432    6    5  4   0  0 0.020 01.0  0.00268   +0.14213   +0.13499     -5.023570 
 433    8    7  4   0  0 0.020 01.0  0.00333   +0.24016   +0.23419     -2.485843 
 434   12   10  4   0  0 0.020 01.0  0.00277   +0.15513   +0.15526     +0.083801 
 435   13   11  4   0  0 0.020 01.0  0.00194   -0.03019   -0.02718     -9.970189 
 436   13   12  4   0  0 0.020 01.0  0.00457   -0.42492   -0.43461     +2.280429 
 437   16   12  4   0  0 0.020 01.0  0.00209   +0.05390   +0.05931    +10.037106 
 438   17   12  4   0  0 0.020 01.0  0.00185   +0.01754   +0.01668     -4.903079 
 439   15   14  4   0  0 0.020 01.0  0.00318   +0.21725   +0.20879     -3.894131 
 440   19   18  4   0  0 0.020 01.0  0.00185   -0.01715   -0.01522    -11.253644 
 441   20   19  4   0  0 0.020 01.0  0.00180   -0.00985   -0.01222    +24.060914 
 442   20   21  4   0  0 0.020 01.0  0.00175   -0.00215   +0.00078   -136.279070 
 443   22   21  4   0  0 0.020 01.0  0.00175   +0.00218   +0.00704   +222.935780 
 444   23   22  4   0  0 0.020 01.0  0.00187   -0.02093   -0.01881    -10.129001 
 445   24   23  4   0  0 0.020 01.0  0.00173   -0.00027   -0.00029     +7.407407 
 446   25   24  4   0  0 0.020 01.0  0.00188   -0.02208   -0.02660    +20.471014 
 447   25   24  4   0  0 0.020 01.0  0.00187   -0.02122   -0.02360    +11.215834 
 448   26   24  4   0  0 0.020 01.0  0.00215   +0.06302   +0.06351     +0.777531 
 449   27   26  4   0  0 0.020 01.0  0.00217   +0.06531   +0.05895     -9.738172 
 450   28   27  4   0  0 0.020 01.0  0.00223   +0.07506   +0.07215     -3.876898 
 451   29   28  4   0  0 0.020 01.0  0.00245   +0.10708   +0.10839     +1.223384 
 452   29    7  4   0  0 0.020 01.0  0.00309   -0.20416   -0.21025     +2.982955 
 453   30   25  4   0  0 0.020 01.0  0.00209   -0.05401   -0.05815     +7.665247 
 454   31   30  4   0  0 0.020 01.0  0.00194   -0.03040   -0.02835     -6.743421 
 455   32   31  4   0  0 0.020 01.0  0.00177   +0.00555   +0.00629    +13.333333 
 456   33   32  4   0  0 0.020 01.0  0.00189   -0.02300   -0.02242     -2.521739 
 457   32   34  4   0  0 0.020 01.0  0.00199   -0.03866   -0.03308    -14.433523 
 458   35   34  4   0  0 0.020 01.0  0.00206   +0.04978   +0.05138     +3.214142 
 459   36   35  4   0  0 0.020 01.0  0.00232   +0.08760   +0.08516     -2.785388 
 460   37   36  4   0  0 0.020 01.0  0.00260   +0.13009   +0.13041     +0.245984 
 461   38   37  4   0  0 0.020 01.0  0.00287   +0.17103   +0.17732     +3.677717 
 462   39   37  4   0  0 0.020 01.0  0.00195   -0.03257   -0.02678    -17.777095 
 463   40   36  4   0  0 0.020 01.0  0.00200   -0.03984   -0.03578    -10.190763 
 464   38   22  4   0  0 0.020 01.0  0.00190   +0.02466   +0.02292     -7.055961 
 465   41   11  4   0  0 0.020 01.0  0.00201   -0.04090   -0.03790     -7.334963 
 466   42   41  4   0  0 0.020 01.0  0.00202   -0.04314   -0.03781    -12.355123 
 467   43   41  4   0  0 0.020 01.0  0.00211   +0.05594   +0.05806     +3.789775 
 468   44   38  4   0  0 0.020 01.0  0.00181   -0.01164   -0.01184     +1.718213 
 469   45   15  4   0  0 0.020 01.0  0.00193   -0.02870   -0.03117     +8.606272 
 470   46   14  4   0  0 0.020 01.0  0.00374   -0.30072   -0.29859     -0.708300 
 471   47   46  4   0  0 0.020 01.0  0.00358   -0.27718   -0.28069     +1.266325 
 472   48   47  4   0  0 0.020 01.0  0.00263   -0.13370   -0.12646     -5.415108 
 473   49   48  4   0  0 0.020 01.0  0.00215   +0.06192   +0.06117     -1.211240 
 474   50   49  4   0  0 0.020 01.0  0.00221   -0.07221   -0.06607     -8.502977 
 475   51   50  4   0  0 0.020 01.0  0.00215   +0.06305   +0.06533     +3.616178 
 476   51   10  4   0  0 0.020 01.0  0.00259   -0.12805   -0.12486     -2.491214 
 477   49   13  4   0  0 0.020 01.0  0.00400   -0.33968   -0.32870     -3.232454 
 478   52   29  4   0  0 0.020 01.0  0.00213   -0.05873   -0.05312     -9.552188 
 479   53   52  4   0  0 0.020 01.0  0.00194   -0.03040   -0.02652    -12.763158 
 480   54   53  4   0  0 0.020 01.0  0.00200   +0.03977   +0.03564    -10.384712 
 481   55   54  4   0  0 0.020 01.0  0.00217   +0.06606   +0.07037     +6.524372 
 482   43   11  4   0  0 0.020 01.0  0.00219   -0.06794   -0.06841     +0.691787 
 483   45   44  4   0  0 0.020 01.0  0.00193   +0.02870   +0.02638     -8.083624 
 484   56   40  4   0  0 0.020 01.0  0.00197   -0.03604   -0.03577     -0.749168 
 485   41   56  4   0  0 0.020 01.0  0.00174   +0.00128   +0.00475   +271.093750 
 486   42   56  4   0  0 0.020 01.0  0.00181   -0.01086   -0.01044     -3.867403 
 487   57   39  4   0  0 0.020 01.0  0.00192   -0.02825   -0.03102     +9.805310 
 488   56   57  4   0  0 0.020 01.0  0.00176   -0.00383   -0.00537    +40.208877 
 489   49   38  4   0  0 0.020 01.0  0.00240   +0.10007   +0.09555     -4.516838 
 490   48   38  4   0  0 0.020 01.0  0.00307   +0.19994   +0.19719     -1.375413 
 491   55    9  4   0  0 0.020 01.0  0.00245   -0.10706   -0.11162     +4.259294 
----------------------------------------------------------------------------------
Número de medidores SCADA:     491
Número de PMUs:                0
Número de medidas das PMUs:    0
----------------------------------------------------------------------------------

Não há medidas de ângulo.
Não há medidores desabilitados.
============================== Estado Estimado ===================================
                 Barra     Mod(pu)    Ang(graus)              
----------------------------------------------------------------------------------
                    1            1.0394              0.00        
                    2            1.0092              0.85        
                    3            1.0039              2.33        
                    4            0.9912             -0.61        
                    5            0.9776             -4.31        
                    6            0.9793             -5.55        
                    7            0.9797             -5.90        
                    8            1.0045             -3.76        
                    9            0.9839             -4.79        
                   10            0.9806             -4.82        
                   11            0.9717             -4.69        
                   12            1.0145             -1.28        
                   13            0.9760             -3.47        
                   14            0.9666             -3.57        
                   15            0.9894             -1.72        
                   16            1.0149             -2.59        
                   17            1.0179             -2.35        
                   18            1.0017             -5.79        
                   19            0.9598             -7.96        
                   20            0.9483             -8.51        
                   21            0.9910             -8.36        
                   22            0.9919             -8.33        
                   23            0.9898             -8.48        
                   24            0.9738            -10.06        
                   25            0.9404            -16.17        
                   26            0.9368             -9.86        
                   27            0.9646             -9.49        
                   28            0.9829             -8.72        
                   29            0.9991             -8.17        
                   30            0.9156            -16.79        
                   31            0.8855            -17.43        
                   32            0.9062            -15.96        
                   33            0.9032            -16.01        
                   34            0.9277             -9.88        
                   35            0.9374             -9.55        
                   36            0.9502             -9.19        
                   37            0.9616             -8.94        
                   38            0.9961             -8.04        
                   39            0.9592             -8.99        
                   40            0.9472             -9.23        
                   41            0.9829             -9.60        
                   42            0.9437            -11.37        
                   43            1.0037             -6.16        
                   44            1.0033             -7.09        
                   45            1.0320             -4.18        
                   46            1.0522             -5.77        
                   47            1.0202             -7.55        
                   48            1.0133             -7.70        
                   49            1.0243             -7.72        
                   50            1.0088             -7.99        
                   51            1.0452             -6.32        
                   52            0.9627             -9.55        
                   53            0.9513            -10.06        
                   54            0.9868             -8.51        
                   55            1.0335             -6.58        
                   56            0.9437            -11.96        
                   57            0.9380            -12.57        
----------------------------------------------------------------------------------
Convergiu em:    3 iteraçoes. 
----------------------------------------------------------------------------------
--- RESIDUOS NORMALIZADOS --------------------------------------------------------
   N    D    P  TP      Real     Medido   Estimado      Med-Est        rn 
----------------------------------------------------------------------------------
 190    4   18  1    +0.1743    +0.1744    +0.2131  -3.8618e-02      0.767 
 350   18    4  1    -0.1743    -0.1787    -0.2131  +3.4388e-02      0.683 
 351   18    4  1    -0.2231    -0.2320    -0.2131  -1.8922e-02      0.354 
  75    0   18  2    -0.3320    -0.3307    -0.3141  -1.6613e-02      0.339 
  61    0    4  2    +0.0000    +0.0012    -0.0042  +5.4095e-03      0.325 
 430   18    4  4    -0.0258    -0.0295    -0.0177  -1.1827e-02      0.289 
 334    4    3  1    -1.3695    -1.3895    -1.3637  -2.5805e-02      0.270 
 336    6    4  1    -0.5313    -0.5179    -0.5349  +1.6961e-02      0.241 
 191    4   18  1    +0.2231    +0.2253    +0.2131  +1.2192e-02      0.228 
 353    8    7  1    +0.5613    +0.5488    +0.5637  -1.4974e-02      0.220 
 431   18    4  4    -0.0138    -0.0091    -0.0177  +8.6135e-03      0.215 
 397   49   13  1    -0.4333    -0.4197    -0.4333  +1.3614e-02      0.208 
 172    1    2  1    -0.2055    -0.2148    -0.2048  -9.9731e-03      0.206 
  35    0   35  6    +0.9379    +0.9512    +0.9374  +1.3798e-02      0.204 
 115    0    1  5    +1.6969    +1.7243    +1.7059  +1.8429e-02      0.199 
 372   29    7  1    -0.6180    -0.6328    -0.6192  -1.3603e-02      0.198 
 174    3    4  1    +1.3910    +1.4040    +1.3851  +1.8898e-02      0.198 
   5    0    5  6    +0.9784    +0.9639    +0.9776  -1.3705e-02      0.198 
  41    0   41  6    +0.9832    +0.9963    +0.9829  +1.3439e-02      0.195 
   9    0    9  6    +0.9845    +0.9704    +0.9839  -1.3543e-02      0.194 
  58    0    1  2    +0.9055    +0.9190    +0.9059  +1.3145e-02      0.194 
  20    0   20  6    +0.9491    +0.9354    +0.9483  -1.2895e-02      0.193 
   4    0    4  6    +0.9919    +1.0044    +0.9912  +1.3207e-02      0.189 
 186    1   15  1    +0.4355    +0.4224    +0.4344  -1.2004e-02      0.188 
  65    0    8  2    +1.1700    +1.1932    +1.1784  +1.4869e-02      0.185 
 346   15    1  1    -0.4284    -0.4157    -0.4274  +1.1681e-02      0.184 
 348   17    1  1    -0.4196    -0.4128    -0.4239  +1.1107e-02      0.182 
 201   19   20  1    +0.0232    +0.0187    +0.0258  -7.0757e-03      0.181 
  69    0   12  2    +1.9010    +1.9249    +1.9074  +1.7531e-02      0.180 
 193    7    8  1    -0.5561    -0.5463    -0.5585  +1.2209e-02      0.179 
  28    0   28  6    +0.9834    +0.9705    +0.9829  -1.2447e-02      0.179 
 384   38   22  1    +0.1857    +0.1942    +0.1861  +8.1308e-03      0.177 
  56    0   56  6    +0.9421    +0.9555    +0.9437  +1.1783e-02      0.176 
 285   23   24  4    -0.0051    -0.0007    -0.0072  +6.5890e-03      0.175 
  25    0   25  6    +0.9403    +0.9519    +0.9404  +1.1499e-02      0.174 
 132    0   18  5    -0.1200    -0.1215    -0.1285  +6.9451e-03      0.174 
 238   29   52  1    +0.1724    +0.1645    +0.1727  -8.1750e-03      0.173 
 243   44   45  1    -0.4272    -0.4377    -0.4265  -1.1169e-02      0.173 
 211   28   29  1    -0.2358    -0.2438    -0.2352  -8.6517e-03      0.173 
 481   55   54  4    +0.0661    +0.0704    +0.0631  +7.3181e-03      0.172 
 409   49   38  1    +0.0956    +0.0888    +0.0968  -8.0452e-03      0.172 
  24    0   24  6    +0.9737    +0.9857    +0.9738  +1.1827e-02      0.172 
  21    0   21  6    +0.9918    +0.9790    +0.9910  -1.1929e-02      0.171 
  42    0   42  6    +0.9428    +0.9323    +0.9437  -1.1463e-02      0.171 
 314   49   50  4    +0.0737    +0.0795    +0.0723  +7.1846e-03      0.171 
  66    0    9  2    -0.4360    -0.4268    -0.4344  +7.5984e-03      0.170 
  44    0   44  6    +1.0041    +0.9914    +1.0033  -1.1867e-02      0.169 
 432    6    5  4    +0.1421    +0.1350    +0.1429  -7.8945e-03      0.167 
  95    0   38  2    -0.1710    -0.1785    -0.1732  -5.3130e-03      0.166 
 477   49   13  4    -0.3397    -0.3287    -0.3389  +1.0177e-02      0.166 
 403   45   44  1    +0.4385    +0.4484    +0.4378  +1.0627e-02      0.164 
  82    0   25  2    -0.0770    -0.0711    -0.0766  +5.5181e-03      0.161 
  79    0   22  2    -0.0000    +0.0035    -0.0006  +4.1183e-03      0.161 
  45    0   45  6    +1.0330    +1.0207    +1.0320  -1.1371e-02      0.160 
 411   55    9  1    -0.2818    -0.2725    -0.2808  +8.3220e-03      0.159 
 369   27   26  1    +0.0644    +0.0579    +0.0646  -6.7065e-03      0.158 
 354   12   10  1    +0.5243    +0.5137    +0.5244  -1.0686e-02      0.157 
 292    7   29  4    +0.2316    +0.2244    +0.2322  -7.7647e-03      0.155 
 149    0   35  5    -0.0370    -0.0415    -0.0364  -5.1337e-03      0.154 
 276   12   13  4    +0.4107    +0.4225    +0.4130  +9.4669e-03      0.154 
 207   24   25  1    +0.0803    +0.0863    +0.0793  +7.0168e-03      0.154 
 189    3   15  1    +1.3018    +1.3145    +1.3000  +1.4555e-02      0.153 
 322   11   43  4    +0.0730    +0.0789    +0.0726  +6.3360e-03      0.153 
 332    2    1  1    +0.2165    +0.2085    +0.2159  -7.4802e-03      0.153 
 196   12   13  1    +0.7855    +0.8004    +0.7887  +1.1610e-02      0.152 
  46    0   46  6    +1.0529    +1.0413    +1.0522  -1.0945e-02      0.152 
 357   16   12  1    -0.2763    -0.2661    -0.2739  +7.7752e-03      0.152 
  40    0   40  6    +0.9475    +0.9575    +0.9472  +1.0301e-02      0.152 
 205   23   24  1    +0.1027    +0.1086    +0.1019  +6.7256e-03      0.151 
  27    0   27  6    +0.9649    +0.9542    +0.9646  -1.0354e-02      0.151 
 363   22   21  1    +0.0050    +0.0008    +0.0061  -5.2888e-03      0.150 
 199   14   15  1    -0.6298    -0.6172    -0.6281  +1.0916e-02      0.149 
 302   37   39  4    +0.0327    +0.0374    +0.0320  +5.3906e-03      0.143 
 267    1   16  4    +0.0464    +0.0509    +0.0448  +6.1094e-03      0.142 
  81    0   24  2    +0.0000    +0.0025    -0.0012  +3.7090e-03      0.141 
 422   12    9  4    +0.0231    +0.0174    +0.0234  -6.0137e-03      0.141 
 401   55   54  1    +0.1988    +0.2066    +0.1996  +7.0216e-03      0.138 
 173    2    3  1    -0.2535    -0.2463    -0.2537  +7.3238e-03      0.138 
 221   37   38  1    -0.2590    -0.2614    -0.2544  -6.9621e-03      0.138 
  23    0   23  6    +0.9903    +0.9993    +0.9898  +9.5489e-03      0.137 
 462   39   37  4    -0.0326    -0.0268    -0.0319  +5.1317e-03      0.136 
  50    0   50  6    +1.0094    +1.0184    +1.0088  +9.5576e-03      0.136 
 299   35   36  4    -0.0868    -0.0806    -0.0861  +5.5540e-03      0.136 
 323   44   45  4    -0.0104    -0.0146    -0.0094  -5.2301e-03      0.135 
 146    0   32  5    -0.0100    -0.0129    -0.0088  -4.0866e-03      0.135 
 230   14   46  1    +0.5903    +0.5992    +0.5898  +9.3902e-03      0.134 
 439   15   14  4    +0.2172    +0.2088    +0.2159  -7.0634e-03      0.134 
 380   37   36  1    +0.2142    +0.2074    +0.2139  -6.4621e-03      0.134 
  13    0   13  6    +0.9767    +0.9852    +0.9760  +9.2228e-03      0.133 
  18    0   18  6    +1.0038    +0.9925    +1.0017  -9.2642e-03      0.132 
 185   13   15  1    -0.3552    -0.3442    -0.3524  +8.1959e-03      0.132 
 389   45   15  1    -0.4385    -0.4501    -0.4417  -8.3916e-03      0.132 
 177    6    7  1    +0.0620    +0.0598    +0.0544  +5.4048e-03      0.132 
 231   46   47  1    +0.5903    +0.5824    +0.5916  -9.1917e-03      0.132 
  33    0   33  6    +0.9028    +0.8948    +0.9032  -8.4043e-03      0.132 
 360   19   18  1    -0.0632    -0.0576    -0.0633  +5.6648e-03      0.132 
 316   10   51  4    +0.1395    +0.1470    +0.1410  +5.9789e-03      0.132 
  77    0   20  2    -0.0280    -0.0331    -0.0286  -4.4486e-03      0.131 
 356   13   12  1    -0.7715    -0.7646    -0.7746  +9.9607e-03      0.131 
  34    0   34  6    +0.9282    +0.9364    +0.9277  +8.7154e-03      0.130 
 418    8    6  4    +0.0862    +0.0807    +0.0867  -6.0189e-03      0.130 
 298   34   35  4    -0.0515    -0.0565    -0.0514  -5.0661e-03      0.129 
 278   12   17  4    -0.0650    -0.0587    -0.0643  +5.5867e-03      0.127 
 287   24   25  4    +0.0308    +0.0361    +0.0307  +5.3802e-03      0.127 
 126    0   12  5    +0.4541    +0.4482    +0.4544  -6.1674e-03      0.127 
 436   13   12  4    -0.4249    -0.4346    -0.4267  -7.9371e-03      0.127 
 176    4    6  1    +0.5444    +0.5392    +0.5482  -8.9574e-03      0.127 
 184   13   14  1    +0.0891    +0.0872    +0.0926  -5.4069e-03      0.127 
  57    0   57  6    +0.9363    +0.9296    +0.9380  -8.3869e-03      0.126 
 342   12    9  1    +0.2207    +0.2277    +0.2207  +7.0370e-03      0.126 
  29    0   29  6    +0.9996    +1.0079    +0.9991  +8.8407e-03      0.126 
 426   15    1  4    -0.5021    -0.5118    -0.5032  -8.5533e-03      0.126 
 446   25   24  4    -0.0221    -0.0266    -0.0213  -5.2536e-03      0.126 
 198   12   17  1    +0.0928    +0.0929    +0.0984  -5.4715e-03      0.124 
 116    0    2  5    -1.0925    -1.0918    -1.1014  +9.5814e-03      0.123 
  12    0   12  6    +1.0150    +1.0231    +1.0145  +8.5691e-03      0.121 
  60    0    3  2    +2.9490    +2.9260    +2.9413  -1.5263e-02      0.121 
 258    6    8  4    -0.1240    -0.1299    -0.1241  -5.8421e-03      0.119 
 457   32   34  4    -0.0387    -0.0331    -0.0380  +4.8853e-03      0.118 
 370   28   27  1    +0.1798    +0.1746    +0.1803  -5.6436e-03      0.118 
  15    0   15  6    +0.9901    +0.9812    +0.9894  -8.1989e-03      0.117 
 364   23   22  1    -0.1797    -0.1730    -0.1784  +5.4755e-03      0.117 
 236   10   51  1    +0.3993    +0.4119    +0.4050  +6.9197e-03      0.117 
 452   29    7  4    -0.2042    -0.2102    -0.2046  -5.6890e-03      0.117 
 427   16    1  4    -0.0909    -0.0950    -0.0896  -5.3938e-03      0.116 
 224   22   38  1    -0.1850    -0.1907    -0.1854  -5.3112e-03      0.116 
 320   53   54  4    -0.0346    -0.0382    -0.0336  -4.6709e-03      0.115 
 275   11   13  4    +0.0179    +0.0221    +0.0177  +4.3860e-03      0.115 
 119    0    5  5    -0.0490    -0.0519    -0.0481  -3.7762e-03      0.114 
 474   50   49  4    -0.0722    -0.0661    -0.0709  +4.7967e-03      0.114 
 203   21   22  1    -0.0050    -0.0101    -0.0061  -4.0251e-03      0.114 
 192    5    6  1    +0.2567    +0.2617    +0.2558  +5.9271e-03      0.114 
  85    0   28  2    -0.0560    -0.0513    -0.0549  +3.6147e-03      0.114 
 402   43   11  1    -0.1703    -0.1660    -0.1714  +5.4012e-03      0.113 
 155    0   41  5    -0.0370    -0.0352    -0.0385  +3.3395e-03      0.113 
 263    9   13  4    +0.0655    +0.0605    +0.0656  -5.1179e-03      0.113 
 424   14   13  4    -0.1889    -0.1921    -0.1864  -5.6974e-03      0.113 
 349   15    3  1    -1.2745    -1.2621    -1.2727  +1.0635e-02      0.112 
  68    0   11  2    +0.0000    +0.0019    -0.0008  +2.6281e-03      0.111 
 399   53   52  1    -0.1064    -0.0999    -0.1047  +4.7654e-03      0.110 
 333    3    2  1    +0.2561    +0.2621    +0.2562  +5.8142e-03      0.110 
 110    0   53  2    -0.2440    -0.2466    -0.2414  -5.2127e-03      0.110 
 297   34   32  4    +0.0515    +0.0457    +0.0503  -4.5636e-03      0.110 
 449   27   26  4    +0.0653    +0.0590    +0.0637  -4.7274e-03      0.109 
 216   32   33  1    +0.0461    +0.0429    +0.0471  -4.1909e-03      0.109 
 390   46   14  1    -0.5903    -0.5822    -0.5898  +7.6098e-03      0.109 
 129    0   15  5    -0.0610    -0.0596    -0.0623  +2.6931e-03      0.108 
 183    9   13  1    -0.1146    -0.1081    -0.1133  +5.2157e-03      0.108 
 247   39   57  1    +0.0447    +0.0470    +0.0423  +4.6947e-03      0.107 
  17    0   17  6    +1.0187    +1.0254    +1.0179  +7.5126e-03      0.106 
  30    0   30  6    +0.9157    +0.9224    +0.9156  +6.7449e-03      0.104 
 413    3    2  4    -0.1911    -0.1844    -0.1895  +5.1632e-03      0.104 
 433    8    7  4    +0.2402    +0.2342    +0.2396  -5.4373e-03      0.104 
  93    0   36  2    -0.0000    -0.0050    -0.0024  -2.6509e-03      0.103 
 208   24   26  1    -0.0629    -0.0670    -0.0629  -4.0871e-03      0.102 
  84    0   27  2    -0.1130    -0.1093    -0.1132  +3.8869e-03      0.101 
 385   41   11  1    -0.1157    -0.1192    -0.1143  -4.8983e-03      0.101 
 410   48   38  1    +0.2530    +0.2487    +0.2539  -5.2230e-03      0.100 
 226   41   42  1    +0.1117    +0.1045    +0.1090  -4.5449e-03      0.100 
  37    0   37  6    +0.9621    +0.9547    +0.9616  -6.8274e-03      0.100 
 485   41   56  4    +0.0013    +0.0047    +0.0007  +4.0103e-03      0.099 
 117    0    3  5    -0.3560    -0.3473    -0.3521  +4.8012e-03      0.099 
  74    0   17  2    -0.5120    -0.5274    -0.5218  -5.6060e-03      0.098 
  76    0   19  2    -0.0400    -0.0408    -0.0375  -3.3209e-03      0.098 
  22    0   22  6    +0.9924    +0.9987    +0.9919  +6.8203e-03      0.098 
 210   27   28  1    -0.1774    -0.1825    -0.1778  -4.6866e-03      0.098 
 476   51   10  4    -0.1280    -0.1249    -0.1292  +4.3745e-03      0.098 
 441   20   19  4    -0.0098    -0.0122    -0.0085  -3.7517e-03      0.097 
  14    0   14  6    +0.9672    +0.9599    +0.9666  -6.7198e-03      0.097 
 291   28   29  4    -0.1031    -0.0985    -0.1026  +4.0967e-03      0.096 
 461   38   37  4    +0.1710    +0.1773    +0.1730  +4.3410e-03      0.096 
 487   57   39  4    -0.0283    -0.0310    -0.0269  -4.0995e-03      0.096 
 147    0   33  5    -0.0230    -0.0279    -0.0243  -3.5484e-03      0.096 
 328   57   56  4    +0.0043    -0.0007    +0.0028  -3.5023e-03      0.096 
  70    0   13  2    -0.2200    -0.2163    -0.2192  +2.8754e-03      0.096 
  62    0    5  2    -0.1590    -0.1673    -0.1637  -3.5735e-03      0.095 
  55    0   55  6    +1.0343    +1.0269    +1.0335  -6.6808e-03      0.094 
  43    0   43  6    +1.0043    +1.0102    +1.0037  +6.5707e-03      0.094 
 400   54   53  1    +0.1417    +0.1364    +0.1408  -4.4235e-03      0.093 
 412    2    1  4    -1.2080    -1.2072    -1.2154  +8.2362e-03      0.093 
 240   53   54  1    -0.1376    -0.1411    -0.1367  -4.3881e-03      0.092 
  98    0   41  2    -0.0770    -0.0755    -0.0783  +2.7991e-03      0.092 
 378   35   34  1    +0.0984    +0.1031    +0.0992  +3.8717e-03      0.092 
  64    0    7  2    +0.0000    +0.0044    +0.0063  -1.9486e-03      0.092 
 233   48   49  1    -0.0350    -0.0402    -0.0364  -3.7702e-03      0.091 
 443   22   21  4    +0.0022    +0.0070    +0.0038  +3.2210e-03      0.091 
 109    0   52  2    -0.0600    -0.0651    -0.0621  -2.9999e-03      0.091 
  32    0   32  6    +0.9057    +0.9120    +0.9062  +5.7762e-03      0.090 
 376   33   32  1    -0.0460    -0.0505    -0.0470  -3.4636e-03      0.090 
 393   49   48  1    +0.0354    +0.0331    +0.0368  -3.7157e-03      0.090 
   1    0    1  6    +1.0400    +1.0331    +1.0394  -6.3188e-03      0.088 
  10    0   10  6    +0.9812    +0.9867    +0.9806  +6.1118e-03      0.088 
  72    0   15  2    -0.2680    -0.2690    -0.2664  -2.6137e-03      0.088 
 157    0   43  5    -0.0120    -0.0098    -0.0126  +2.7500e-03      0.088 
 249   38   49  1    -0.0935    -0.0988    -0.0947  -4.0560e-03      0.087 
 225   11   41  1    +0.1157    +0.1101    +0.1143  -4.1917e-03      0.086 
 466   42   41  4    -0.0431    -0.0378    -0.0414  +3.5506e-03      0.086 
 392   48   47  1    -0.2180    -0.2203    -0.2161  -4.1850e-03      0.086 
 313   48   49  4    -0.0662    -0.0613    -0.0651  +3.7705e-03      0.085 
 260    9   10  4    -0.0034    -0.0001    -0.0034  +3.3264e-03      0.085 
 339    9    8  1    -0.4126    -0.4178    -0.4130  -4.8404e-03      0.085 
 419    9    8  4    -0.3424    -0.3494    -0.3446  -4.7518e-03      0.085 
 415    5    4  4    +0.0993    +0.1048    +0.1009  +3.9111e-03      0.085 
 197   12   16  1    +0.2777    +0.2796    +0.2753  +4.3111e-03      0.084 
 266    1   15  4    +0.4363    +0.4323    +0.4377  -5.3968e-03      0.084 
 166    0   52  5    -0.0270    -0.0285    -0.0258  -2.7321e-03      0.084 
 417    7    6  4    +0.0010    +0.0051    +0.0020  +3.1668e-03      0.084 
 106    0   49  2    -0.2200    -0.2203    -0.2172  -3.1600e-03      0.083 
 371   29   28  1    +0.2387    +0.2339    +0.2380  -4.1359e-03      0.083 
 171    0   57  5    -0.0240    -0.0213    -0.0241  +2.8483e-03      0.082 
 168    0   54  5    -0.0170    -0.0125    -0.0151  +2.5912e-03      0.082 
   3    0    3  6    +1.0046    +0.9982    +1.0039  -5.7118e-03      0.081 
 284   22   23  4    +0.0214    +0.0243    +0.0214  +2.9625e-03      0.081 
 232   47   48  1    +0.2192    +0.2133    +0.2172  -3.9367e-03      0.081 
 488   56   57  4    -0.0038    -0.0054    -0.0024  -2.9394e-03      0.080 
 478   52   29  4    -0.0587    -0.0531    -0.0564  +3.2620e-03      0.080 
 305   11   41  4    +0.0526    +0.0554    +0.0519  +3.5443e-03      0.080 
 442   20   21  4    -0.0022    +0.0008    -0.0023  +3.0339e-03      0.079 
 136    0   22  5    +0.0000    +0.0009    +0.0031  -2.2180e-03      0.079 
 396   51   10  1    -0.3993    -0.4003    -0.4050  +4.7003e-03      0.079 
 345   15   13  1    +0.3588    +0.3608    +0.3559  +4.8606e-03      0.078 
 254    3    4  4    -0.0601    -0.0615    -0.0585  -2.9731e-03      0.078 
  39    0   39  6    +0.9597    +0.9646    +0.9592  +5.3121e-03      0.078 
 125    0   11  5    +0.0000    -0.0038    -0.0018  -1.9552e-03      0.078 
 268    1   17  4    +0.1046    +0.1023    +0.1057  -3.3936e-03      0.078 
 228   38   44  1    -0.2789    -0.2788    -0.2747  -4.1004e-03      0.077 
 319   52   53  4    +0.0317    +0.0335    +0.0306  +2.9159e-03      0.076 
 264   13   14  4    +0.1804    +0.1818    +0.1780  +3.7955e-03      0.076 
 343   13    9  1    +0.1157    +0.1180    +0.1143  +3.6747e-03      0.076 
 340   10    9  1    -0.0072    -0.0044    -0.0074  +2.9159e-03      0.076 
  71    0   14  2    -0.1280    -0.1327    -0.1303  -2.3607e-03      0.076 
  78    0   21  2    -0.0000    -0.0006    -0.0030  +2.4204e-03      0.075 
  90    0   33  2    -0.0460    -0.0499    -0.0470  -2.8936e-03      0.075 
 250   38   48  1    -0.2499    -0.2469    -0.2508  +3.9000e-03      0.075 
 467   43   41  4    +0.0559    +0.0581    +0.0549  +3.1672e-03      0.075 
 315   50   51  4    -0.0558    -0.0519    -0.0551  +3.1761e-03      0.074 
 480   54   53  4    +0.0398    +0.0356    +0.0387  -3.0184e-03      0.074 
 194   10   12  1    -0.5161    -0.5212    -0.5162  -5.0184e-03      0.074 
 141    0   27  5    -0.0060    -0.0080    -0.0057  -2.2857e-03      0.073 
 491   55    9  4    -0.1071    -0.1116    -0.1085  -3.1091e-03      0.073 
  52    0   52  6    +0.9629    +0.9677    +0.9627  +4.9945e-03      0.073 
 335    5    4  1    -0.4157    -0.4148    -0.4195  +4.6895e-03      0.073 
 294   30   31  4    +0.0320    +0.0334    +0.0305  +2.8489e-03      0.073 
 479   53   52  4    -0.0304    -0.0265    -0.0293  +2.7588e-03      0.072 
  89    0   32  2    -0.0200    -0.0204    -0.0182  -2.1019e-03      0.071 
 435   13   11  4    -0.0302    -0.0272    -0.0300  +2.7909e-03      0.071 
 128    0   14  5    -0.0650    -0.0594    -0.0614  +2.0345e-03      0.071 
 395   51   50  1    +0.1793    +0.1751    +0.1787  -3.5816e-03      0.071 
 368   26   24  1    +0.0629    +0.0658    +0.0629  +2.8371e-03      0.071 
 108    0   51  2    -0.2200    -0.2233    -0.2263  +2.9888e-03      0.070 
 325   56   41  4    +0.0018    +0.0049    +0.0021  +2.8338e-03      0.070 
 475   51   50  4    +0.0630    +0.0653    +0.0623  +3.0248e-03      0.070 
 114    0   57  2    -0.0820    -0.0794    -0.0767  -2.6925e-03      0.070 
 239   52   53  1    +0.1075    +0.1087    +0.1057  +2.9793e-03      0.069 
 280   18   19  4    +0.0203    +0.0155    +0.0183  -2.7533e-03      0.069 
 253    2    3  4    +0.1156    +0.1110    +0.1140  -3.0248e-03      0.069 
  63    0    6  2    -0.9150    -0.9355    -0.9307  -4.8459e-03      0.068 
 296   32   33  4    +0.0231    +0.0270    +0.0245  +2.5249e-03      0.068 
 388   44   38  1    +0.2812    +0.2733    +0.2769  -3.5951e-03      0.068 
 248   57   56  1    -0.0374    -0.0318    -0.0344  +2.6222e-03      0.068 
 489   49   38  4    +0.1001    +0.0955    +0.0988  -3.2092e-03      0.068 
  54    0   54  6    +0.9871    +0.9822    +0.9868  -4.6586e-03      0.067 
 286   24   25  4    +0.0321    +0.0336    +0.0307  +2.8402e-03      0.067 
 379   36   35  1    +0.1732    +0.1762    +0.1731  +3.0476e-03      0.066 
 383   40   36  1    -0.0390    -0.0388    -0.0363  -2.5098e-03      0.066 
 290   27   28  4    -0.0713    -0.0667    -0.0694  +2.7118e-03      0.065 
 318   29   52  4    +0.0651    +0.0600    +0.0627  -2.6529e-03      0.065 
 159    0   45  5    +0.0000    -0.0043    -0.0024  -1.9401e-03      0.064 
 386   42   41  1    -0.1085    -0.1031    -0.1060  +2.9161e-03      0.064 
 170    0   56  5    -0.0270    -0.0218    -0.0237  +1.8788e-03      0.064 
 124    0   10  5    -0.0500    -0.0510    -0.0491  -1.8729e-03      0.063 
 121    0    7  5    +0.0000    +0.0006    +0.0022  -1.5639e-03      0.063 
 347   16    1  1    -0.2487    -0.2417    -0.2452  +3.4722e-03      0.063 
 272    5    6  4    -0.1482    -0.1520    -0.1490  -2.9573e-03      0.062 
 261    9   11  4    +0.1243    +0.1219    +0.1248  -2.8883e-03      0.062 
 112    0   55  2    -0.0830    -0.0833    -0.0812  -2.0564e-03      0.061 
 137    0   23  5    -0.0260    -0.0302    -0.0281  -2.0743e-03      0.060 
 394   50   49  1    -0.0813    -0.0841    -0.0816  -2.5060e-03      0.060 
 158    0   44  5    -0.0220    -0.0242    -0.0223  -1.9573e-03      0.060 
 338    8    6  1    +0.1933    +0.2020    +0.1989  +3.1016e-03      0.059 
  92    0   35  2    -0.0730    -0.0742    -0.0721  -2.0697e-03      0.059 
 301   37   38  4    -0.1628    -0.1622    -0.1649  +2.6697e-03      0.059 
 465   41   11  4    -0.0409    -0.0379    -0.0405  +2.5702e-03      0.059 
 246   56   42  1    -0.0214    -0.0166    -0.0189  +2.3090e-03      0.059 
 471   47   46  4    -0.2772    -0.2807    -0.2775  -3.2086e-03      0.058 
 408   56   57  1    +0.0376    +0.0324    +0.0346  -2.2475e-03      0.058 
 445   24   23  4    -0.0003    -0.0003    +0.0019  -2.1573e-03      0.058 
 107    0   50  2    -0.2560    -0.2584    -0.2557  -2.7261e-03      0.058 
 235   50   51  1    -0.1747    -0.1712    -0.1741  +2.9099e-03      0.058 
 270    4   18  4    +0.0429    +0.0397    +0.0373  +2.4112e-03      0.057 
 444   23   22  4    -0.0209    -0.0188    -0.0209  +2.0667e-03      0.057 
 252    1    2  4    +1.1096    +1.1130    +1.1177  -4.7095e-03      0.057 
 420   10    9  4    -0.0390    -0.0366    -0.0389  +2.3691e-03      0.056 
 358   17   12  1    -0.0924    -0.0955    -0.0979  +2.4472e-03      0.055 
 367   25   24  1    -0.0803    -0.0768    -0.0793  +2.5332e-03      0.055 
  16    0   16  6    +1.0150    +1.0110    +1.0149  -3.9109e-03      0.055 
 145    0   31  5    -0.0350    -0.0311    -0.0330  +1.8874e-03      0.055 
 200   18   19  1    +0.0654    +0.0677    +0.0654  +2.3151e-03      0.054 
 300   36   37  4    -0.1276    -0.1292    -0.1269  -2.3395e-03      0.054 
 447   25   24  4    -0.0212    -0.0236    -0.0213  -2.2536e-03      0.054 
  73    0   16  2    -0.5250    -0.5159    -0.5191  +3.1474e-03      0.054 
  26    0   26  6    +0.9367    +0.9404    +0.9368  +3.5772e-03      0.053 
 472   48   47  4    -0.1337    -0.1265    -0.1288  +2.3477e-03      0.053 
 453   30   25  4    -0.0540    -0.0582    -0.0561  -2.0783e-03      0.052 
 202   21   20  1    +0.0050    +0.0050    +0.0030  +1.9655e-03      0.052 
 456   33   32  4    -0.0230    -0.0224    -0.0243  +1.9116e-03      0.052 
 331    9   55  4    +0.1173    +0.1210    +0.1187  +2.2153e-03      0.052 
  83    0   26  2    +0.0000    -0.0018    -0.0002  -1.5759e-03      0.052 
 212    7   29  1    +0.6180    +0.6157    +0.6192  -3.5167e-03      0.051 
 140    0   26  5    +0.0000    -0.0015    +0.0000  -1.5909e-03      0.051 
 277   12   16  4    -0.0698    -0.0757    -0.0736  -2.1188e-03      0.051 
 144    0   30  5    -0.0220    -0.0239    -0.0255  +1.6706e-03      0.051 
 152    0   38  5    -0.0850    -0.0820    -0.0805  -1.4747e-03      0.051 
   2    0    2  6    +1.0100    +1.0127    +1.0092  +3.5701e-03      0.051 
 448   26   24  4    +0.0630    +0.0635    +0.0615  +2.0384e-03      0.050 
 429   15    3  4    +0.1400    +0.1415    +0.1392  +2.2954e-03      0.050 
 366   25   24  1    -0.0835    -0.0770    -0.0793  +2.3032e-03      0.050 
  88    0   31  2    -0.0710    -0.0690    -0.0671  -1.8466e-03      0.050 
 135    0   21  5    +0.0000    +0.0001    -0.0015  +1.6166e-03      0.050 
 405   41   56  1    +0.0734    +0.0681    +0.0704  -2.2595e-03      0.050 
 406   42   56  1    +0.0215    +0.0210    +0.0191  +1.9247e-03      0.049 
 169    0   55  5    -0.0410    -0.0438    -0.0455  +1.6190e-03      0.049 
   7    0    7  6    +0.9802    +0.9763    +0.9797  -3.3982e-03      0.049 
 344   14   13  1    -0.0885    -0.0941    -0.0920  -2.0770e-03      0.049 
   8    0    8  6    +1.0050    +1.0011    +1.0045  -3.4165e-03      0.049 
  87    0   30  2    -0.0440    -0.0437    -0.0454  +1.6311e-03      0.048 
 295   31   32  4    -0.0046    -0.0057    -0.0038  -1.8463e-03      0.048 
 150    0   36  5    +0.0000    -0.0010    -0.0023  +1.2740e-03      0.047 
 341   11    9  1    -0.0191    -0.0224    -0.0206  -1.8084e-03      0.047 
 214   30   31  1    +0.0412    +0.0364    +0.0382  -1.8473e-03      0.047 
 281   19   20  4    +0.0101    +0.0070    +0.0088  -1.7892e-03      0.047 
 229   15   45  1    +0.4385    +0.4447    +0.4417  +2.9416e-03      0.046 
 428   17    1  4    -0.1155    -0.1141    -0.1162  +2.0696e-03      0.046 
 463   40   36  4    -0.0398    -0.0358    -0.0375  +1.7264e-03      0.045 
 206   24   25  1    +0.0835    +0.0773    +0.0793  -2.0432e-03      0.044 
 123    0    9  5    -0.1240    -0.1256    -0.1244  -1.2657e-03      0.044 
 259    8    9  4    +0.3023    +0.3023    +0.3046  -2.3206e-03      0.044 
 187    1   16  1    +0.2516    +0.2504    +0.2480  +2.4216e-03      0.044 
 459   36   35  4    +0.0876    +0.0852    +0.0869  -1.7786e-03      0.044 
 391   47   46  1    -0.5812    -0.5855    -0.5824  -3.0262e-03      0.043 
 288   24   26  4    -0.0626    -0.0593    -0.0611  +1.7546e-03      0.043 
 308   38   44  4    +0.0142    +0.0137    +0.0153  -1.5886e-03      0.043 
 381   38   37  1    +0.2655    +0.2630    +0.2608  +2.1526e-03      0.043 
 451   29   28  4    +0.1071    +0.1084    +0.1066  +1.8244e-03      0.043 
 178    6    8  1    -0.1917    -0.1993    -0.1971  -2.1900e-03      0.042 
 242   11   43  1    +0.1703    +0.1694    +0.1714  -1.9912e-03      0.042 
 458   35   34  4    +0.0498    +0.0514    +0.0498  +1.6124e-03      0.041 
 455   32   31  4    +0.0056    +0.0063    +0.0047  +1.5732e-03      0.041 
 282   21   20  4    +0.0022    +0.0007    +0.0023  -1.5563e-03      0.041 
 437   16   12  4    +0.0539    +0.0593    +0.0577  +1.6238e-03      0.040 
 218   34   35  1    -0.0977    -0.0968    -0.0985  +1.6905e-03      0.040 
 373   30   25  1    -0.0852    -0.0819    -0.0836  +1.6583e-03      0.040 
 327   39   57  4    +0.0326    +0.0325    +0.0308  +1.6872e-03      0.039 
 359   15   14  1    +0.6377    +0.6389    +0.6360  +2.8284e-03      0.038 
 180    9   10  1    +0.0072    +0.0089    +0.0074  +1.4799e-03      0.038 
 220   36   37  1    -0.2123    -0.2138    -0.2119  -1.8573e-03      0.038 
 425   15   13  4    +0.0363    +0.0350    +0.0366  -1.6045e-03      0.038 
   6    0    6  6    +0.9800    +0.9819    +0.9793  +2.6174e-03      0.038 
 161    0   47  5    -0.1420    -0.1458    -0.1472  +1.4776e-03      0.038 
 421   11    9  4    -0.1435    -0.1458    -0.1440  -1.8015e-03      0.037 
 175    4    5  1    +0.4278    +0.4295    +0.4319  -2.3870e-03      0.037 
 321   54   55  4    -0.0568    -0.0522    -0.0538  +1.5096e-03      0.036 
 213   25   30  1    +0.0868    +0.0837    +0.0852  -1.4891e-03      0.036 
 142    0   28  5    -0.0280    -0.0306    -0.0294  -1.1512e-03      0.036 
 182    9   12  1    -0.2174    -0.2193    -0.2173  -1.9634e-03      0.035 
 312   47   48  4    +0.1352    +0.1318    +0.1302  +1.5561e-03      0.035 
 398   52   29  1    -0.1675    -0.1694    -0.1678  -1.6592e-03      0.035 
 470   46   14  4    -0.3007    -0.2986    -0.3006  +1.9665e-03      0.035 
 148    0   34  5    -0.0000    -0.0001    -0.0012  +1.1003e-03      0.035 
 483   45   44  4    +0.0287    +0.0264    +0.0277  -1.3519e-03      0.034 
  11    0   11  6    +0.9724    +0.9739    +0.9717  +2.2713e-03      0.033 
 209   26   27  1    -0.0629    -0.0645    -0.0632  -1.3930e-03      0.033 
 306   41   42  4    +0.0485    +0.0451    +0.0465  -1.3571e-03      0.033 
 164    0   50  5    -0.1280    -0.1247    -0.1260  +1.3028e-03      0.033 
 423   13    9  4    -0.1012    -0.1029    -0.1013  -1.5372e-03      0.032 
 234   49   50  1    +0.0822    +0.0812    +0.0825  -1.3131e-03      0.032 
  80    0   23  2    -0.0770    -0.0754    -0.0765  +1.1310e-03      0.031 
 269    3   15  4    -0.1048    -0.1054    -0.1040  -1.3590e-03      0.031 
 337    7    6  1    -0.0619    -0.0556    -0.0544  -1.2812e-03      0.031 
 293   25   30  4    +0.0565    +0.0598    +0.0585  +1.2481e-03      0.031 
 352    6    5  1    -0.2539    -0.2547    -0.2531  -1.6121e-03      0.031 
 241   54   55  1    -0.1917    -0.1910    -0.1925  +1.5428e-03      0.030 
 361   20   19  1    -0.0230    -0.0268    -0.0256  -1.1831e-03      0.030 
  67    0   10  2    -0.1240    -0.1177    -0.1186  +9.3716e-04      0.030 
 362   20   21  1    -0.0050    -0.0019    -0.0030  +1.1245e-03      0.030 
 138    0   24  5    -0.0000    +0.0027    +0.0035  -8.0020e-04      0.029 
 160    0   46  5    +0.0000    +0.0014    +0.0006  +7.6733e-04      0.029 
 289   26   27  4    -0.0630    -0.0627    -0.0614  -1.2493e-03      0.029 
 468   44   38  4    -0.0116    -0.0118    -0.0129  +1.0228e-03      0.028 
 143    0   29  5    -0.0320    -0.0361    -0.0353  -7.9749e-04      0.028 
 151    0   37  5    +0.0000    -0.0043    -0.0035  -7.2306e-04      0.028 
 469   45   15  4    -0.0287    -0.0312    -0.0301  -1.0682e-03      0.028 
 179    8    9  1    +0.4153    +0.4142    +0.4158  -1.5586e-03      0.027 
 256    4    6  4    -0.0717    -0.0736    -0.0724  -1.2222e-03      0.027 
 251    9   55  1    +0.2818    +0.2794    +0.2808  -1.4220e-03      0.027 
 255    4    5  4    -0.0987    -0.1010    -0.0998  -1.2579e-03      0.027 
 100    0   43  2    -0.0240    -0.0288    -0.0279  -8.3053e-04      0.027 
  36    0   36  6    +0.9507    +0.9484    +0.9502  -1.7935e-03      0.026 
 374   31   30  1    -0.0401    -0.0362    -0.0373  +1.0375e-03      0.026 
 215   31   32  1    -0.0309    -0.0309    -0.0299  -1.0440e-03      0.026 
  99    0   42  2    -0.0870    -0.0879    -0.0869  -9.5919e-04      0.026 
 271    4   18  4    +0.0351    +0.0383    +0.0373  +1.0712e-03      0.026 
  31    0   31  6    +0.8838    +0.8871    +0.8855  +1.5917e-03      0.025 
 227   41   43  1    -0.1463    -0.1422    -0.1434  +1.2018e-03      0.025 
 484   56   40  4    -0.0360    -0.0358    -0.0347  -1.0749e-03      0.025 
 460   37   36  4    +0.1301    +0.1304    +0.1293  +1.0666e-03      0.025 
 283   21   22  4    -0.0022    -0.0029    -0.0038  +8.6285e-04      0.024 
 274   10   12  4    -0.1505    -0.1500    -0.1512  +1.1791e-03      0.024 
  59    0    2  2    -0.0370    -0.0370    -0.0377  +6.8360e-04      0.024 
 103    0   46  2    +0.0000    +0.0024    +0.0018  +5.4810e-04      0.023 
 482   43   11  4    -0.0679    -0.0684    -0.0675  -9.5717e-04      0.023 
 450   28   27  4    +0.0751    +0.0722    +0.0731  -9.6789e-04      0.023 
  51    0   51  6    +1.0459    +1.0469    +1.0452  +1.6500e-03      0.023 
 317   13   49  4    +0.3948    +0.3954    +0.3940  +1.4527e-03      0.023 
 326   56   42  4    +0.0111    +0.0105    +0.0113  -8.7077e-04      0.022 
 279   14   15  4    -0.2059    -0.2035    -0.2046  +1.1672e-03      0.022 
 490   48   38  4    +0.1999    +0.1972    +0.1982  -1.0467e-03      0.021 
 310   14   46  4    +0.3298    +0.3309    +0.3296  +1.2147e-03      0.021 
 416    6    4  4    +0.0829    +0.0834    +0.0844  -9.4572e-04      0.021 
 102    0   45  2    +0.0000    -0.0044    -0.0039  -5.0439e-04      0.021 
 237   13   49  1    +0.4333    +0.4347    +0.4333  +1.3460e-03      0.021 
 120    0    6  5    +0.0739    +0.0756    +0.0750  +6.0292e-04      0.020 
  19    0   19  6    +0.9605    +0.9585    +0.9598  -1.3141e-03      0.020 
 454   31   30  4    -0.0304    -0.0284    -0.0291  +7.6361e-04      0.019 
 188    1   17  1    +0.4239    +0.4294    +0.4282  +1.1701e-03      0.019 
 375   32   31  1    +0.0315    +0.0297    +0.0305  -7.5223e-04      0.019 
 486   42   56  4    -0.0109    -0.0104    -0.0111  +6.9700e-04      0.018 
 387   43   41  1    +0.1463    +0.1443    +0.1434  +8.5822e-04      0.018 
 324   40   56  4    +0.0398    +0.0374    +0.0382  -7.6828e-04      0.018 
 167    0   53  5    -0.1220    -0.1206    -0.1199  -7.2095e-04      0.018 
 181    9   11  1    +0.0196    +0.0204    +0.0211  -6.7139e-04      0.018 
  47    0   47  6    +1.0210    +1.0214    +1.0202  +1.2359e-03      0.017 
 219   35   36  1    -0.1714    -0.1706    -0.1713  +7.9867e-04      0.017 
 245   56   41  1    -0.0703    -0.0668    -0.0676  +7.6304e-04      0.017 
 153    0   39  5    -0.0000    -0.0016    -0.0011  -5.2104e-04      0.016 
 265   13   15  4    -0.0469    -0.0467    -0.0474  +6.5963e-04      0.015 
  97    0   40  2    +0.0000    +0.0004    +0.0009  -4.7839e-04      0.014 
 122    0    8  5    +0.6286    +0.6301    +0.6310  -8.7681e-04      0.014 
 118    0    4  5    +0.0000    -0.0004    -0.0000  -3.5090e-04      0.014 
  49    0   49  6    +1.0250    +1.0233    +1.0243  -1.0025e-03      0.014 
 130    0   16  5    -0.0370    -0.0323    -0.0319  -4.4006e-04      0.014 
 434   12   10  4    +0.1551    +0.1553    +0.1559  -6.4858e-04      0.013 
 404   56   40  1    -0.0390    -0.0378    -0.0372  -5.6141e-04      0.013 
 377   32   34  1    -0.0977    -0.0953    -0.0958  +5.4126e-04      0.012 
 127    0   13  5    -0.0280    -0.0337    -0.0334  -2.5558e-04      0.012 
 156    0   42  5    -0.0540    -0.0521    -0.0525  +4.1763e-04      0.012 
 104    0   47  2    -0.3620    -0.3658    -0.3652  -6.0290e-04      0.012 
 257    6    7  4    -0.0271    -0.0286    -0.0281  -4.6478e-04      0.012 
 438   17   12  4    +0.0175    +0.0167    +0.0171  -4.6127e-04      0.012 
 303   36   40  4    +0.0400    +0.0381    +0.0376  +4.3213e-04      0.011 
 355   13   11  1    +0.2686    +0.2669    +0.2675  -5.8495e-04      0.011 
 382   39   37  1    -0.0447    -0.0425    -0.0429  +4.0296e-04      0.010 
 365   24   23  1    -0.1009    -0.1006    -0.1001  -4.6660e-04      0.010 
 407   57   39  1    -0.0447    -0.0428    -0.0423  -4.5473e-04      0.010 
 162    0   48  5    +0.0000    +0.0041    +0.0044  -2.5845e-04      0.010 
 473   49   48  4    +0.0619    +0.0612    +0.0607  +4.2339e-04      0.010 
  53    0   53  6    +0.9512    +0.9507    +0.9513  -6.1242e-04      0.009 
 309   15   45  4    +0.0476    +0.0489    +0.0493  -3.6125e-04      0.009 
 304   22   38  4    -0.0236    -0.0218    -0.0221  +3.0855e-04      0.009 
 414    4    3  4    +0.0925    +0.0908    +0.0904  +3.5032e-04      0.009 
 222   37   39  1    +0.0447    +0.0433    +0.0429  +3.2285e-04      0.008 
 244   40   56  1    +0.0390    +0.0376    +0.0372  +3.5141e-04      0.008 
 165    0   51  5    -0.0650    -0.0672    -0.0669  -2.8062e-04      0.008 
 113    0   56  2    -0.0930    -0.0888    -0.0891  +2.6305e-04      0.008 
 330   38   48  4    -0.1951    -0.1938    -0.1934  -3.8438e-04      0.008 
 217   34   32  1    +0.0977    +0.0955    +0.0958  -3.2126e-04      0.007 
  94    0   37  2    +0.0000    +0.0026    +0.0024  +1.7868e-04      0.007 
  86    0   29  2    -0.2070    -0.2082    -0.2085  +2.6579e-04      0.007 
 134    0   20  5    -0.0120    -0.0109    -0.0107  -2.2782e-04      0.007 
 105    0   48  2    -0.0000    +0.0016    +0.0014  +1.5175e-04      0.006 
 111    0   54  2    -0.0500    -0.0515    -0.0517  +1.8926e-04      0.006 
 204   22   23  1    +0.1800    +0.1790    +0.1788  +2.6835e-04      0.006 
 329   38   49  4    -0.0998    -0.0988    -0.0985  -2.6873e-04      0.006 
 464   38   22  4    +0.0247    +0.0229    +0.0231  -1.9408e-04      0.005 
 262    9   12  4    -0.0852    -0.0852    -0.0854  +2.5054e-04      0.005 
  91    0   34  2    -0.0000    -0.0029    -0.0027  -1.6075e-04      0.005 
 273    7    8  4    -0.2327    -0.2322    -0.2319  -2.5599e-04      0.005 
 195   11   13  1    -0.2669    -0.2656    -0.2658  +2.4951e-04      0.005 
  96    0   39  2    +0.0000    -0.0007    -0.0006  -1.4231e-04      0.004 
 163    0   49  5    -0.1040    -0.1069    -0.1070  +1.2611e-04      0.004 
 101    0   44  2    -0.1460    -0.1495    -0.1496  +1.1569e-04      0.003 
 133    0   19  5    -0.0070    -0.0064    -0.0063  -9.6163e-05      0.003 
 223   36   40  1    +0.0391    +0.0365    +0.0364  +8.8729e-05      0.002 
 131    0   17  5    -0.0980    -0.0991    -0.0991  -7.1712e-05      0.002 
 440   19   18  4    -0.0171    -0.0152    -0.0151  -7.6992e-05      0.002 
  48    0   48  6    +1.0140    +1.0134    +1.0133  +8.2369e-05      0.001 
 139    0   25  5    -0.0390    -0.0372    -0.0372  +3.2523e-05      0.001 
 311   46   47  4    +0.3007    +0.3011    +0.3012  -4.9184e-05      0.001 
 154    0   40  5    -0.0000    +0.0007    +0.0007  +2.8120e-05      0.001 
 307   41   43  4    -0.0459    -0.0452    -0.0452  +1.6171e-05      0.000 
  38    0   38  6    +0.9967    +0.9961    +0.9961  +1.6492e-06      0.000 
----------------------------------------------------------------------------------
Não foram identificados erros grosseiros.
Não foram identificadas medidas críticas.
Possíveis conjuntos críticos:
Conjunto 1: 94 217
Conjunto 2: 309 53
Conjunto 3: 407 365 382
Conjunto 4: 365 382
Conjunto 5: 438 257
Conjunto 6: 104 156 127
Conjunto 7: 156 127
Conjunto 8: 118 122 97
Conjunto 9: 122 97
Conjunto 10: 47 181 167
Conjunto 11: 181 167 324 387
Conjunto 12: 167 324 387
Conjunto 13: 324 387
Conjunto 14: 188 454
Conjunto 15: 237 102 416
Conjunto 16: 102 416
Conjunto 17: 310 490
Conjunto 18: 279 326
Conjunto 19: 51 450 482
Conjunto 20: 450 482 103
Conjunto 21: 482 103
Conjunto 22: 274 283
Conjunto 23: 283 460
Conjunto 24: 460 484 227
Conjunto 25: 484 227
Conjunto 26: 271 99 215
Conjunto 27: 99 215 374
Conjunto 28: 215 374
Conjunto 29: 374 36
Conjunto 30: 100 255 251 256
Conjunto 31: 255 251 256
Conjunto 32: 251 256 179
Conjunto 33: 256 179
Conjunto 34: 179 469
Conjunto 35: 469 151 143
Conjunto 36: 151 143 468
Conjunto 37: 143 468
Conjunto 38: 289 160
Conjunto 39: 138 362
Conjunto 40: 67 361
Conjunto 41: 361 241
Conjunto 42: 293 337 269 80
Conjunto 43: 337 269 80 234
Conjunto 44: 269 80 234
Conjunto 45: 80 234
Conjunto 46: 164 306 209 11
Conjunto 47: 306 209 11
Conjunto 48: 209 11
Conjunto 49: 148 470
Conjunto 50: 470 398 312
Conjunto 51: 398 312
Conjunto 52: 142 213 321
Conjunto 53: 213 321
Conjunto 54: 421 161
Conjunto 55: 161 6 425
Conjunto 56: 6 425
Conjunto 57: 220 180 359
Conjunto 58: 180 359
Conjunto 59: 373 218
Conjunto 60: 218 437
Conjunto 61: 437 282
Conjunto 62: 282 455
Conjunto 63: 455 458
Conjunto 64: 458 242 178
Conjunto 65: 242 178
Conjunto 66: 451 381 308
Conjunto 67: 381 308
Conjunto 68: 308 288 391 459 187
Conjunto 69: 288 391 459 187 259
Conjunto 70: 391 459 187 259
Conjunto 71: 459 187 259
Conjunto 72: 187 259
Conjunto 73: 123 206
Conjunto 74: 428 229 281
Conjunto 75: 229 281
Conjunto 76: 281 214
Conjunto 77: 214 341
Conjunto 78: 341 150
Conjunto 79: 295 87 8 344
Conjunto 80: 87 8 344
Conjunto 81: 8 344 7 169
Conjunto 82: 344 7 169
Conjunto 83: 7 169 406
Conjunto 84: 169 406
Conjunto 85: 406 405
Conjunto 86: 405 135 88
Conjunto 87: 135 88 366 429
Conjunto 88: 88 366 429 448
Conjunto 89: 366 429 448 2
Conjunto 90: 429 448 2
Conjunto 91: 448 2 152 144
Conjunto 92: 2 152 144 277
Conjunto 93: 152 144 277 140 212
Conjunto 94: 144 277 140 212
Conjunto 95: 277 140 212
Conjunto 96: 140 212 83 331 456
Conjunto 97: 212 83 331 456
Conjunto 98: 83 331 456 202 453
Conjunto 99: 331 456 202 453
Conjunto 100: 456 202 453
Conjunto 101: 202 453
Conjunto 102: 472 26
Conjunto 103: 73 447 300 200
Conjunto 104: 447 300 200
Conjunto 105: 300 200
Conjunto 106: 200 145
Conjunto 107: 16 367 358
Conjunto 108: 367 358
Conjunto 109: 420 252 444
Conjunto 110: 252 444
Conjunto 111: 270 235
Conjunto 112: 235 107 445
Conjunto 113: 107 445 408 471
Conjunto 114: 445 408 471
Conjunto 115: 408 471 246
Conjunto 116: 471 246 465 301
Conjunto 117: 246 465 301 92 338
Conjunto 118: 465 301 92 338
Conjunto 119: 301 92 338
Conjunto 120: 92 338
Conjunto 121: 338 158
Conjunto 122: 158 394
Conjunto 123: 394 137
Conjunto 124: 112 261 272
Conjunto 125: 261 272
Conjunto 126: 272 347
Conjunto 127: 121 124 170 386
Conjunto 128: 124 170 386
Conjunto 129: 170 386 159
Conjunto 130: 386 159
Conjunto 131: 159 318
Conjunto 132: 318 290
Conjunto 133: 383 379
Conjunto 134: 286 54
Conjunto 135: 54 489 248 388
Conjunto 136: 489 248 388 296 63
Conjunto 137: 248 388 296 63
Conjunto 138: 388 296 63
Conjunto 139: 296 63
Conjunto 140: 63 253 280
Conjunto 141: 253 280 239
Conjunto 142: 280 239
Conjunto 143: 239 114 475
Conjunto 144: 114 475 325 108
Conjunto 145: 475 325 108 368
Conjunto 146: 325 108 368
Conjunto 147: 108 368
Conjunto 148: 368 395 128 435
Conjunto 149: 395 128 435 89
Conjunto 150: 128 435 89
Conjunto 151: 435 89
Conjunto 152: 479 294 335
Conjunto 153: 294 335 52 491 141
Conjunto 154: 335 52 491 141
Conjunto 155: 52 491 141
Conjunto 156: 491 141
Conjunto 157: 194 480 315
Conjunto 158: 480 315
Conjunto 159: 315 467 250
Conjunto 160: 467 250 90 78
Conjunto 161: 250 90 78
Conjunto 162: 90 78 71 340 343
Conjunto 163: 78 71 340 343 264 319
Conjunto 164: 71 340 343 264 319
Conjunto 165: 340 343 264 319
Conjunto 166: 343 264 319
Conjunto 167: 264 319
Conjunto 168: 228 268 125 39 254
Conjunto 169: 268 125 39 254
Conjunto 170: 125 39 254 345
Conjunto 171: 39 254 345
Conjunto 172: 254 345
Conjunto 173: 396 136 442 305
Conjunto 174: 136 442 305
Conjunto 175: 442 305 478
Conjunto 176: 305 478 488 232
Conjunto 177: 478 488 232
Conjunto 178: 488 232 284
Conjunto 179: 232 284 3
Conjunto 180: 284 3 168 171
Conjunto 181: 3 168 171
Conjunto 182: 168 171
Conjunto 183: 371 106
Conjunto 184: 106 417
Conjunto 185: 417 166 266 197 415
Conjunto 186: 166 266 197 415 419
Conjunto 187: 266 197 415 419
Conjunto 188: 197 415 419 339
Conjunto 189: 415 419 339 260
Conjunto 190: 419 339 260 313 392
Conjunto 191: 339 260 313 392
Conjunto 192: 260 313 392 466 225
Conjunto 193: 313 392 466 225
Conjunto 194: 392 466 225
Conjunto 195: 466 225 249
Conjunto 196: 225 249
Conjunto 197: 249 157
Conjunto 198: 157 72 10 1
Conjunto 199: 72 10 1
Conjunto 200: 10 1
Conjunto 201: 393 376 32 109
Conjunto 202: 376 32 109
Conjunto 203: 32 109 443
Conjunto 204: 109 443 233
Conjunto 205: 443 233 64 378
Conjunto 206: 233 64 378 98
Conjunto 207: 64 378 98 240
Conjunto 208: 378 98 240
Conjunto 209: 98 240
Conjunto 210: 240 412
Conjunto 211: 412 400 43 55
Conjunto 212: 400 43 55
Conjunto 213: 43 55
Conjunto 214: 62 70 328 147 487 461 291
Conjunto 215: 70 328 147 487 461 291
Conjunto 216: 328 147 487 461 291
Conjunto 217: 147 487 461 291
Conjunto 218: 487 461 291
Conjunto 219: 461 291
Conjunto 220: 14 441 476 210 22 76 74
Conjunto 221: 441 476 210 22 76 74
Conjunto 222: 476 210 22 76 74
Conjunto 223: 210 22 76 74
Conjunto 224: 22 76 74
Conjunto 225: 76 74
Conjunto 226: 117 485 37 226
Conjunto 227: 485 37 226 410
Conjunto 228: 37 226 410
Conjunto 229: 226 410 385
Conjunto 230: 410 385 84
Conjunto 231: 385 84 208
Conjunto 232: 84 208
Conjunto 233: 208 93
Conjunto 234: 93 433
Conjunto 235: 433 413 30
Conjunto 236: 413 30
Conjunto 237: 247 183 129
Conjunto 238: 183 129 390
Conjunto 239: 129 390 216
Conjunto 240: 390 216 449 297 110
Conjunto 241: 216 449 297 110 333
Conjunto 242: 449 297 110 333 399
Conjunto 243: 297 110 333 399
Conjunto 244: 110 333 399
Conjunto 245: 333 399
Conjunto 246: 399 68
Conjunto 247: 349 424 263 155 402
Conjunto 248: 424 263 155 402 85
Conjunto 249: 263 155 402 85 192 203
Conjunto 250: 155 402 85 192 203 474
Conjunto 251: 402 85 192 203 474
Conjunto 252: 85 192 203 474 119
Conjunto 253: 192 203 474 119
Conjunto 254: 203 474 119 275
Conjunto 255: 474 119 275 320
Conjunto 256: 119 275 320
Conjunto 257: 275 320 224
Conjunto 258: 320 224 427
Conjunto 259: 224 427 452 236 364
Conjunto 260: 427 452 236 364 15
Conjunto 261: 452 236 364 15
Conjunto 262: 236 364 15
Conjunto 263: 364 15
Conjunto 264: 15 370 457
Conjunto 265: 370 457 258
Conjunto 266: 457 258
Conjunto 267: 60 12
Conjunto 268: 116 198
Conjunto 269: 446 426 29 342 57 184 176 436
Conjunto 270: 426 29 342 57 184 176 436 126
Conjunto 271: 29 342 57 184 176 436 126 287 278
Conjunto 272: 342 57 184 176 436 126 287 278
Conjunto 273: 57 184 176 436 126 287 278
Conjunto 274: 184 176 436 126 287 278
Conjunto 275: 176 436 126 287 278
Conjunto 276: 436 126 287 278
Conjunto 277: 126 287 278
Conjunto 278: 287 278
Conjunto 279: 298 418 34
Conjunto 280: 418 34 356 77
Conjunto 281: 34 356 77
Conjunto 282: 356 77 316 360 33 231 177 389
Conjunto 283: 77 316 360 33 231 177 389
Conjunto 284: 316 360 33 231 177 389 185 18
Conjunto 285: 360 33 231 177 389 185 18
Conjunto 286: 33 231 177 389 185 18
Conjunto 287: 231 177 389 185 18
Conjunto 288: 177 389 185 18 13
Conjunto 289: 389 185 18 13
Conjunto 290: 185 18 13 380 439
Conjunto 291: 18 13 380 439
Conjunto 292: 13 380 439 230
Conjunto 293: 380 439 230 146
Conjunto 294: 439 230 146 323
Conjunto 295: 230 146 323
Conjunto 296: 146 323 299 50
Conjunto 297: 323 299 50 462
Conjunto 298: 299 50 462
Conjunto 299: 50 462 23
Conjunto 300: 462 23
Conjunto 301: 23 221 173 401
Conjunto 302: 221 173 401
Conjunto 303: 173 401
Conjunto 304: 422 81
Conjunto 305: 81 267
Conjunto 306: 267 302
Conjunto 307: 199 363
Conjunto 308: 363 27
Conjunto 309: 27 205 40 357 46
Conjunto 310: 205 40 357 46 196 332
Conjunto 311: 40 357 46 196 332
Conjunto 312: 357 46 196 332 322 189
Conjunto 313: 46 196 332 322 189 207
Conjunto 314: 196 332 322 189 207
Conjunto 315: 332 322 189 207 276 149
Conjunto 316: 322 189 207 276 149 292
Conjunto 317: 189 207 276 149 292
Conjunto 318: 207 276 149 292
Conjunto 319: 276 149 292
Conjunto 320: 149 292
Conjunto 321: 354 369
Conjunto 322: 369 411 45
Conjunto 323: 411 45
Conjunto 324: 45 79
Conjunto 325: 79 82
Conjunto 326: 403 477
Conjunto 327: 477 95
Conjunto 328: 95 432
Conjunto 329: 432 44
Conjunto 330: 44 66
Conjunto 331: 66 314 42 21 24
Conjunto 332: 314 42 21 24 409 481
Conjunto 333: 42 21 24 409 481 211
Conjunto 334: 21 24 409 481 211 243
Conjunto 335: 24 409 481 211 243 238
Conjunto 336: 409 481 211 243 238
Conjunto 337: 481 211 243 238 132
Conjunto 338: 211 243 238 132 25 285
Conjunto 339: 243 238 132 25 285
Conjunto 340: 238 132 25 285
Conjunto 341: 132 25 285
Conjunto 342: 25 285 56
Conjunto 343: 285 56
Conjunto 344: 56 384
Conjunto 345: 384 28
Conjunto 346: 28 193 69 201
Conjunto 347: 193 69 201
Conjunto 348: 69 201
Conjunto 349: 201 348
Conjunto 350: 348 346
Conjunto 351: 186 4
Conjunto 352: 20 58 9 41
Conjunto 353: 58 9 41
Conjunto 354: 9 41
Conjunto 355: 5 174 372 115
Conjunto 356: 174 372 115
Conjunto 357: 372 115
Conjunto 358: 172 397
