================================================================================= 
=== UFF - Doutorado em Computação - Aplicaçoes em Sistemas de Potencia        === 
=== ESTIMADOR DE ESTADO MÍNIMOS QUADRADOS PONDERADOS INCLUINDO MEDIDAS DE PMU === 
=== Desenvolvido por: Rui Menezes de Moraes - 2009                            === 
================================================================================= 
Arquivo de medidores:          F:\Documents\Uff\Artigos\SimSEP\VERSAO WELDAN V2\Codigos\Med\ieee57_1_0100.med
Arquivo do sistema:            F:\Documents\Uff\Artigos\SimSEP\VERSAO WELDAN V2\Codigos\Carga\ieee57_1_0100.txt
Tolerância entre iteraçoes:     1.00e-04
Limite de iteraçoes:           100

--- DADOS DA REDE --------------------------------------------------------------- 
Data do caso:                  08/25/93
Origem:                        UW ARCHIVE          
MVA base:                      100
Ano:                           1961
Estação:                       W
Identificação:                 IEEE 57 Bus Test Case
Número de barras:              57 
Número de ramos:               80 
Referência na barra:           1

--- TELEMEDIDAS ------------------------------------------------------------------
    Tipo 1 = Fluxo de potencia ativa        Tipo  6 = Módulo da tensão            
    Tipo 2 = Injeção de potencia ativa      Tipo  7 = Corrente de ramo (real)     
    Tipo 3 = Ângulo de fase da tensão       Tipo  8 = Corrente de ramo (imag)     
    Tipo 4 = Fluxo de potencia reativa      Tipo  9 = Injeção de corrente (real)  
    Tipo 5 = Injeção de potencia reativa    Tipo 10 = Injeção de corrente (imag)  
----------------------------------------------------------------------------------
   N    D    P TP  PN ST   Exa   FS       DP      V_Ref      V_Med          E(%) 
----------------------------------------------------------------------------------
   1    0    1  6   0  0 0.015 01.1  0.00520   +1.04000   +1.04441     +0.424038 
   2    0    2  6   0  0 0.015 01.1  0.00513   +1.02658   +1.02849     +0.186055 
   3    0    3  6   0  0 0.015 01.1  0.00508   +1.01573   +1.02072     +0.491272 
   4    0    4  6   0  0 0.015 01.1  0.00507   +1.01302   +1.00162     -1.125348 
   5    0    5  6   0  0 0.015 01.1  0.00505   +1.01037   +1.01564     +0.521591 
   6    0    6  6   0  0 0.015 01.1  0.00505   +1.01089   +1.01636     +0.541107 
   7    0    7  6   0  0 0.015 01.1  0.00505   +1.01012   +1.02315     +1.289946 
   8    0    8  6   0  0 0.015 01.1  0.00502   +1.00500   +1.01491     +0.986070 
   9    0    9  6   0  0 0.015 01.1  0.00502   +1.00362   +0.99393     -0.965505 
  10    0   10  6   0  0 0.015 01.1  0.00504   +1.00851   +1.02211     +1.348524 
  11    0   11  6   0  0 0.015 01.1  0.00502   +1.00490   +0.99585     -0.900587 
  12    0   12  6   0  0 0.015 01.1  0.00507   +1.01500   +1.00640     -0.847291 
  13    0   13  6   0  0 0.015 01.1  0.00503   +1.00562   +0.99079     -1.474712 
  14    0   14  6   0  0 0.015 01.1  0.00502   +1.00448   +0.99847     -0.598320 
  15    0   15  6   0  0 0.015 01.1  0.00506   +1.01244   +1.00559     -0.676583 
  16    0   16  6   0  0 0.015 01.1  0.00510   +1.01937   +1.02201     +0.258983 
  17    0   17  6   0  0 0.015 01.1  0.00513   +1.02701   +1.02383     -0.309637 
  18    0   18  6   0  0 0.015 01.1  0.00530   +1.05978   +1.04981     -0.940761 
  19    0   19  6   0  0 0.015 01.1  0.00526   +1.05141   +1.04803     -0.321473 
  20    0   20  6   0  0 0.015 01.1  0.00524   +1.04792   +1.03707     -1.035384 
  21    0   21  6   0  0 0.015 01.1  0.00544   +1.08799   +1.09883     +0.996333 
  22    0   22  6   0  0 0.015 01.1  0.00544   +1.08740   +1.07597     -1.051131 
  23    0   23  6   0  0 0.015 01.1  0.00544   +1.08775   +1.09361     +0.538727 
  24    0   24  6   0  0 0.015 01.1  0.00548   +1.09568   +1.10390     +0.750219 
  25    0   25  6   0  0 0.015 01.1  0.00564   +1.12810   +1.11168     -1.455545 
  26    0   26  6   0  0 0.015 01.1  0.00522   +1.04455   +1.03334     -1.073189 
  27    0   27  6   0  0 0.015 01.1  0.00524   +1.04770   +1.03295     -1.407846 
  28    0   28  6   0  0 0.015 01.1  0.00526   +1.05103   +1.06077     +0.926710 
  29    0   29  6   0  0 0.015 01.1  0.00527   +1.05473   +1.04040     -1.358642 
  30    0   30  6   0  0 0.015 01.1  0.00562   +1.12293   +1.12853     +0.498695 
  31    0   31  6   0  0 0.015 01.1  0.00557   +1.11320   +1.11174     -0.131153 
  32    0   32  6   0  0 0.015 01.1  0.00553   +1.10509   +1.11513     +0.908523 
  33    0   33  6   0  0 0.015 01.1  0.00552   +1.10478   +1.10009     -0.424519 
  34    0   34  6   0  0 0.015 01.1  0.00540   +1.07958   +1.06421     -1.423702 
  35    0   35  6   0  0 0.015 01.1  0.00540   +1.07928   +1.07017     -0.844081 
  36    0   36  6   0  0 0.015 01.1  0.00540   +1.07944   +1.08627     +0.632735 
  37    0   37  6   0  0 0.015 01.1  0.00540   +1.08087   +1.08246     +0.147104 
  38    0   38  6   0  0 0.015 01.1  0.00543   +1.08659   +1.09864     +1.108974 
  39    0   39  6   0  0 0.015 01.1  0.00540   +1.08022   +1.08796     +0.716521 
  40    0   40  6   0  0 0.015 01.1  0.00539   +1.07764   +1.06481     -1.190565 
  41    0   41  6   0  0 0.015 01.1  0.00533   +1.06551   +1.08058     +1.414346 
  42    0   42  6   0  0 0.015 01.1  0.00533   +1.06652   +1.07415     +0.715411 
  43    0   43  6   0  0 0.015 01.1  0.00527   +1.05330   +1.03794     -1.458274 
  44    0   44  6   0  0 0.015 01.1  0.00539   +1.07896   +1.08476     +0.537555 
  45    0   45  6   0  0 0.015 01.1  0.00532   +1.06381   +1.06334     -0.044181 
  46    0   46  6   0  0 0.015 01.1  0.00553   +1.10553   +1.09010     -1.395711 
  47    0   47  6   0  0 0.015 01.1  0.00548   +1.09572   +1.08305     -1.156317 
  48    0   48  6   0  0 0.015 01.1  0.00547   +1.09347   +1.07959     -1.269354 
  49    0   49  6   0  0 0.015 01.1  0.00549   +1.09840   +1.10195     +0.323197 
  50    0   50  6   0  0 0.015 01.1  0.00546   +1.09193   +1.08319     -0.800418 
  51    0   51  6   0  0 0.015 01.1  0.00544   +1.08844   +1.07675     -1.074014 
  52    0   52  6   0  0 0.015 01.1  0.00530   +1.05915   +1.06011     +0.090639 
  53    0   53  6   0  0 0.015 01.1  0.00531   +1.06238   +1.07610     +1.291440 
  54    0   54  6   0  0 0.015 01.1  0.00531   +1.06281   +1.06654     +0.350956 
  55    0   55  6   0  0 0.015 01.1  0.00532   +1.06486   +1.07093     +0.570028 
  56    0   56  6   0  0 0.015 01.1  0.00536   +1.07210   +1.06356     -0.796567 
  57    0   57  6   0  0 0.015 01.1  0.00537   +1.07397   +1.06452     -0.879913 
  58    0    1  2   0  0 0.020 01.0  0.02727   -3.82998   -3.90567     +1.976251 
  59    0    2  2   0  0 0.020 01.0  0.00176   -0.00400   -0.00227    -43.250000 
  60    0    3  2   0  0 0.020 01.0  0.00399   +0.33900   +0.33917     +0.050147 
  61    0    4  2   0  0 0.020 01.0  0.00173   +0.00000   -0.00015     +0.000000 
  62    0    5  2   0  0 0.020 01.0  0.00186   -0.01900   -0.01496    -21.263158 
  63    0    6  2   0  0 0.020 01.0  0.00249   -0.11300   -0.10606     -6.141593 
  64    0    7  2   0  0 0.020 01.0  0.00173   +0.00000   +0.00270     +0.000000 
  65    0    8  2   0  0 0.020 01.0  0.03023   +4.27500   +4.22905     -1.074854 
  66    0    9  2   0  0 0.020 01.0  0.00294   -0.18100   -0.17789     -1.718232 
  67    0   10  2   0  0 0.020 01.0  0.00249   -0.11300   -0.10913     -3.424779 
  68    0   11  2   0  0 0.020 01.0  0.00173   +0.00000   +0.00090     +0.000000 
  69    0   12  2   0  0 0.020 01.0  0.00657   +0.72600   +0.73872     +1.752066 
  70    0   13  2   0  0 0.020 01.0  0.00191   -0.02700   -0.02210    -18.148148 
  71    0   14  2   0  0 0.020 01.0  0.00184   -0.01600   -0.01448     -9.500000 
  72    0   15  2   0  0 0.020 01.0  0.00195   -0.03299   -0.03863    +17.096090 
  73    0   16  2   0  0 0.020 01.0  0.00217   -0.06500   -0.06910     +6.307692 
  74    0   17  2   0  0 0.020 01.0  0.00215   -0.06300   -0.06911     +9.698413 
  75    0   18  2   0  0 0.020 01.0  0.00201   -0.04100   -0.03576    -12.780488 
  76    0   19  2   0  0 0.020 01.0  0.00177   -0.00500   -0.00516     +3.200000 
  77    0   20  2   0  0 0.020 01.0  0.00175   -0.00300   +0.00010   -103.333333 
  78    0   21  2   0  0 0.020 01.0  0.00173   -0.00000   -0.00045     +0.000000 
  79    0   22  2   0  0 0.020 01.0  0.00173   +0.00000   -0.00006     +0.000000 
  80    0   23  2   0  0 0.020 01.0  0.00179   -0.00900   -0.00980     +8.888889 
  81    0   24  2   0  0 0.020 01.0  0.00173   +0.00000   +0.00407     +0.000000 
  82    0   25  2   0  0 0.020 01.0  0.00179   -0.00900   -0.00497    -44.777778 
  83    0   26  2   0  0 0.020 01.0  0.00173   -0.00000   +0.00138     +0.000000 
  84    0   27  2   0  0 0.020 01.0  0.00183   -0.01400   -0.01628    +16.285714 
  85    0   28  2   0  0 0.020 01.0  0.00178   -0.00700   -0.00922    +31.714286 
  86    0   29  2   0  0 0.020 01.0  0.00190   -0.02500   -0.02790    +11.600000 
  87    0   30  2   0  0 0.020 01.0  0.00177   -0.00500   -0.00283    -43.400000 
  88    0   31  2   0  0 0.020 01.0  0.00179   -0.00900   -0.00605    -32.777778 
  89    0   32  2   0  0 0.020 01.0  0.00175   -0.00200   +0.00138   -169.000000 
  90    0   33  2   0  0 0.020 01.0  0.00177   -0.00600   -0.00274    -54.333333 
  91    0   34  2   0  0 0.020 01.0  0.00173   +0.00000   -0.00256     +0.000000 
  92    0   35  2   0  0 0.020 01.0  0.00179   -0.00900   -0.00577    -35.888889 
  93    0   36  2   0  0 0.020 01.0  0.00173   -0.00000   +0.00135     +0.000000 
  94    0   37  2   0  0 0.020 01.0  0.00173   +0.00000   -0.00279     +0.000000 
  95    0   38  2   0  0 0.020 01.0  0.00187   -0.02100   -0.02234     +6.380952 
  96    0   39  2   0  0 0.020 01.0  0.00173   -0.00000   -0.00049     +0.000000 
  97    0   40  2   0  0 0.020 01.0  0.00173   -0.00000   +0.00001     +0.000000 
  98    0   41  2   0  0 0.020 01.0  0.00179   -0.00900   -0.00856     -4.888889 
  99    0   42  2   0  0 0.020 01.0  0.00181   -0.01100   -0.01268    +15.272727 
 100    0   43  2   0  0 0.020 01.0  0.00175   -0.00300   -0.00519    +73.000000 
 101    0   44  2   0  0 0.020 01.0  0.00185   -0.01800   -0.01574    -12.555556 
 102    0   45  2   0  0 0.020 01.0  0.00173   -0.00000   +0.00451     +0.000000 
 103    0   46  2   0  0 0.020 01.0  0.00173   +0.00000   +0.00098     +0.000000 
 104    0   47  2   0  0 0.020 01.0  0.00203   -0.04500   -0.04386     -2.533333 
 105    0   48  2   0  0 0.020 01.0  0.00173   +0.00000   +0.00248     +0.000000 
 106    0   49  2   0  0 0.020 01.0  0.00191   -0.02700   -0.02846     +5.407407 
 107    0   50  2   0  0 0.020 01.0  0.00194   -0.03100   -0.03154     +1.741935 
 108    0   51  2   0  0 0.020 01.0  0.00191   -0.02700   -0.02689     -0.407407 
 109    0   52  2   0  0 0.020 01.0  0.00178   -0.00700   -0.00242    -65.428571 
 110    0   53  2   0  0 0.020 01.0  0.00193   -0.03000   -0.03057     +1.900000 
 111    0   54  2   0  0 0.020 01.0  0.00177   -0.00600   -0.00454    -24.333333 
 112    0   55  2   0  0 0.020 01.0  0.00180   -0.01000   -0.01044     +4.400000 
 113    0   56  2   0  0 0.020 01.0  0.00181   -0.01100   -0.01042     -5.272727 
 114    0   57  2   0  0 0.020 01.0  0.00180   -0.01000   -0.01495    +49.500000 
 115    0    1  5   0  0 0.020 01.0  0.01490   +1.97440   +2.00141     +1.368011 
 116    0    2  5   0  0 0.020 01.0  0.00375   -0.30200   -0.29814     -1.278146 
 117    0    3  5   0  0 0.020 01.0  0.00261   -0.13099   -0.13567     +3.572792 
 118    0    4  5   0  0 0.020 01.0  0.00173   -0.00000   -0.00505     +0.000000 
 119    0    5  5   0  0 0.020 01.0  0.00177   -0.00600   -0.00320    -46.666667 
 120    0    6  5   0  0 0.020 01.0  0.00229   -0.08299   -0.08206     -1.120617 
 121    0    7  5   0  0 0.020 01.0  0.00173   -0.00000   +0.00160     +0.000000 
 122    0    8  5   0  0 0.020 01.0  0.00652   -0.71766   -0.71239     -0.734331 
 123    0    9  5   0  0 0.020 01.0  0.00219   -0.06899   -0.06590     -4.478910 
 124    0   10  5   0  0 0.020 01.0  0.00203   -0.04500   -0.04027    -10.511111 
 125    0   11  5   0  0 0.020 01.0  0.00173   -0.00000   +0.00173     +0.000000 
 126    0   12  5   0  0 0.020 01.0  0.00207   -0.05093   -0.05565     +9.267622 
 127    0   13  5   0  0 0.020 01.0  0.00175   -0.00300   -0.00075    -75.000000 
 128    0   14  5   0  0 0.020 01.0  0.00179   -0.00800   -0.00857     +7.125000 
 129    0   15  5   0  0 0.020 01.0  0.00179   -0.00800   -0.00649    -18.875000 
 130    0   16  5   0  0 0.020 01.0  0.00176   -0.00400   -0.00243    -39.250000 
 131    0   17  5   0  0 0.020 01.0  0.00181   -0.01200   -0.01006    -16.166667 
 132    0   18  5   0  0 0.020 01.0  0.00183   -0.01500   -0.01985    +32.333333 
 133    0   19  5   0  0 0.020 01.0  0.00174   -0.00100   -0.00388   +288.000000 
 134    0   20  5   0  0 0.020 01.0  0.00174   -0.00100   -0.00447   +347.000000 
 135    0   21  5   0  0 0.020 01.0  0.00173   +0.00000   +0.00446     +0.000000 
 136    0   22  5   0  0 0.020 01.0  0.00173   +0.00000   +0.00016     +0.000000 
 137    0   23  5   0  0 0.020 01.0  0.00175   -0.00300   -0.00118    -60.666667 
 138    0   24  5   0  0 0.020 01.0  0.00173   +0.00000   +0.00175     +0.000000 
 139    0   25  5   0  0 0.020 01.0  0.00177   -0.00500   -0.00944    +88.800000 
 140    0   26  5   0  0 0.020 01.0  0.00173   -0.00000   -0.00286     +0.000000 
 141    0   27  5   0  0 0.020 01.0  0.00174   -0.00100   -0.00325   +225.000000 
 142    0   28  5   0  0 0.020 01.0  0.00175   -0.00300   +0.00135   -145.000000 
 143    0   29  5   0  0 0.020 01.0  0.00176   -0.00400   -0.00686    +71.500000 
 144    0   30  5   0  0 0.020 01.0  0.00175   -0.00300   -0.00564    +88.000000 
 145    0   31  5   0  0 0.020 01.0  0.00176   -0.00400   -0.00214    -46.500000 
 146    0   32  5   0  0 0.020 01.0  0.00174   -0.00100   +0.00055   -155.000000 
 147    0   33  5   0  0 0.020 01.0  0.00175   -0.00300   -0.00086    -71.333333 
 148    0   34  5   0  0 0.020 01.0  0.00173   +0.00000   +0.00351     +0.000000 
 149    0   35  5   0  0 0.020 01.0  0.00176   -0.00400   -0.00160    -60.000000 
 150    0   36  5   0  0 0.020 01.0  0.00173   +0.00000   -0.00500     +0.000000 
 151    0   37  5   0  0 0.020 01.0  0.00173   -0.00000   +0.00087     +0.000000 
 152    0   38  5   0  0 0.020 01.0  0.00181   -0.01100   -0.00644    -41.454545 
 153    0   39  5   0  0 0.020 01.0  0.00173   +0.00000   -0.00425     +0.000000 
 154    0   40  5   0  0 0.020 01.0  0.00173   +0.00000   +0.00057     +0.000000 
 155    0   41  5   0  0 0.020 01.0  0.00176   -0.00400   +0.00055   -113.750000 
 156    0   42  5   0  0 0.020 01.0  0.00178   -0.00700   -0.01021    +45.857143 
 157    0   43  5   0  0 0.020 01.0  0.00174   -0.00100   -0.00074    -26.000000 
 158    0   44  5   0  0 0.020 01.0  0.00175   -0.00300   -0.00693   +131.000000 
 159    0   45  5   0  0 0.020 01.0  0.00173   +0.00000   +0.00259     +0.000000 
 160    0   46  5   0  0 0.020 01.0  0.00173   -0.00000   -0.00193     +0.000000 
 161    0   47  5   0  0 0.020 01.0  0.00185   -0.01700   -0.02047    +20.411765 
 162    0   48  5   0  0 0.020 01.0  0.00173   +0.00000   +0.00500     +0.000000 
 163    0   49  5   0  0 0.020 01.0  0.00182   -0.01300   -0.01068    -17.846154 
 164    0   50  5   0  0 0.020 01.0  0.00184   -0.01600   -0.01240    -22.500000 
 165    0   51  5   0  0 0.020 01.0  0.00179   -0.00800   -0.00604    -24.500000 
 166    0   52  5   0  0 0.020 01.0  0.00175   -0.00300   -0.00101    -66.333333 
 167    0   53  5   0  0 0.020 01.0  0.00183   -0.01500   -0.01466     -2.266667 
 168    0   54  5   0  0 0.020 01.0  0.00175   -0.00200   -0.00526   +163.000000 
 169    0   55  5   0  0 0.020 01.0  0.00177   -0.00500   -0.00507     +1.400000 
 170    0   56  5   0  0 0.020 01.0  0.00175   -0.00300   -0.00237    -21.000000 
 171    0   57  5   0  0 0.020 01.0  0.00175   -0.00300   +0.00045   -115.000000 
 172    1    2  1   0  0 0.020 01.0  0.00942   -1.15302   -1.16981     +1.456176 
 173    2    3  1   0  0 0.020 01.0  0.00955   -1.17297   -1.17138     -0.135553 
 174    3    4  1   0  0 0.020 01.0  0.00917   -1.11521   -1.09828     -1.518100 
 175    4    5  1   0  0 0.020 01.0  0.00483   -0.46476   -0.46896     +0.903692 
 176    4    6  1   0  0 0.020 01.0  0.00649   -0.71361   -0.71175     -0.260647 
 177    6    7  1   0  0 0.020 01.0  0.00584   -0.61584   -0.60822     -1.237334 
 178    6    8  1   0  0 0.020 01.0  0.00670   -0.74536   -0.75732     +1.604594 
 179    8    9  1   0  0 0.020 01.0  0.01871   +2.54662   +2.56276     +0.633781 
 180    9   10  1   0  0 0.020 01.0  0.00504   +0.49636   +0.48124     -3.046176 
 181    9   11  1   0  0 0.020 01.0  0.00654   +0.72171   +0.72223     +0.072051 
 182    9   12  1   0  0 0.020 01.0  0.00438   +0.39701   +0.39885     +0.463464 
 183    9   13  1   0  0 0.020 01.0  0.00633   +0.68947   +0.67075     -2.715129 
 184   13   14  1   0  0 0.020 01.0  0.00537   +0.54583   +0.55848     +2.317571 
 185   13   15  1   0  0 0.020 01.0  0.00581   +0.61096   +0.62257     +1.900288 
 186    1   15  1   0  0 0.020 01.0  0.01146   -1.45916   -1.44023     -1.297322 
 187    1   16  1   0  0 0.020 01.0  0.00586   -0.61933   -0.60920     -1.635639 
 188    1   17  1   0  0 0.020 01.0  0.00572   -0.59848   -0.60282     +0.725170 
 189    3   15  1   0  0 0.020 01.0  0.00328   +0.23141   +0.22458     -2.951471 
 190    4   18  1   0  0 0.020 01.0  0.00187   +0.02084   +0.01918     -7.965451 
 191    4   18  1   0  0 0.020 01.0  0.00191   +0.02668   +0.02834     +6.221889 
 192    5    6  1   0  0 0.020 01.0  0.00507   -0.50112   -0.48797     -2.624122 
 193    7    8  1   0  0 0.020 01.0  0.00806   -0.94932   -0.96899     +2.072009 
 194   10   12  1   0  0 0.020 01.0  0.00347   +0.26093   +0.26590     +1.904725 
 195   11   13  1   0  0 0.020 01.0  0.00601   +0.64197   +0.62593     -2.498559 
 196   12   13  1   0  0 0.020 01.0  0.00195   -0.03303   -0.03001     -9.143203 
 197   12   16  1   0  0 0.020 01.0  0.00649   +0.71339   +0.71197     -0.199050 
 198   12   17  1   0  0 0.020 01.0  0.00634   +0.69064   +0.67334     -2.504923 
 199   14   15  1   0  0 0.020 01.0  0.00526   +0.52943   +0.54023     +2.039930 
 200   18   19  1   0  0 0.020 01.0  0.00178   +0.00652   +0.00294    -54.907975 
 201   19   20  1   0  0 0.020 01.0  0.00174   +0.00147   -0.00256   -274.149660 
 202   21   20  1   0  0 0.020 01.0  0.00174   +0.00155   -0.00084   -154.193548 
 203   21   22  1   0  0 0.020 01.0  0.00174   -0.00155   -0.00349   +125.161290 
 204   22   23  1   0  0 0.020 01.0  0.00276   -0.15358   -0.15183     -1.139471 
 205   23   24  1   0  0 0.020 01.0  0.00282   -0.16282   -0.15982     -1.842525 
 206   24   25  1   0  0 0.020 01.0  0.00186   +0.01975   +0.02521    +27.645570 
 207   24   25  1   0  0 0.020 01.0  0.00186   +0.01898   +0.02449    +29.030558 
 208   24   26  1   0  0 0.020 01.0  0.00311   -0.20611   -0.20130     -2.333705 
 209   26   27  1   0  0 0.020 01.0  0.00311   -0.20611   -0.21030     +2.032895 
 210   27   28  1   0  0 0.020 01.0  0.00326   -0.22912   -0.22023     -3.880063 
 211   28   29  1   0  0 0.020 01.0  0.00333   -0.23983   -0.24160     +0.738023 
 212    7   29  1   0  0 0.020 01.0  0.00390   +0.32562   +0.31898     -2.039187 
 213   25   30  1   0  0 0.020 01.0  0.00193   +0.02973   +0.03123     +5.045409 
 214   30   31  1   0  0 0.020 01.0  0.00190   +0.02463   +0.01911    -22.411693 
 215   31   32  1   0  0 0.020 01.0  0.00184   +0.01547   +0.01043    -32.579186 
 216   32   33  1   0  0 0.020 01.0  0.00177   +0.00600   +0.00260    -56.666667 
 217   34   32  1   0  0 0.020 01.0  0.00178   -0.00737   -0.01057    +43.419267 
 218   34   35  1   0  0 0.020 01.0  0.00178   +0.00737   +0.00971    +31.750339 
 219   35   36  1   0  0 0.020 01.0  0.00174   -0.00164   -0.00223    +35.975610 
 220   36   37  1   0  0 0.020 01.0  0.00181   +0.01092   +0.01466    +34.249084 
 221   37   38  1   0  0 0.020 01.0  0.00185   +0.01813   +0.01691     -6.729178 
 222   37   39  1   0  0 0.020 01.0  0.00178   -0.00729   -0.00368    -49.519890 
 223   36   40  1   0  0 0.020 01.0  0.00182   -0.01255   -0.00984    -21.593625 
 224   22   38  1   0  0 0.020 01.0  0.00275   +0.15203   +0.15341     +0.907716 
 225   11   41  1   0  0 0.020 01.0  0.00192   +0.02719   +0.02329    -14.343509 
 226   41   42  1   0  0 0.020 01.0  0.00195   +0.03245   +0.03279     +1.047766 
 227   41   43  1   0  0 0.020 01.0  0.00197   -0.03510   -0.03554     +1.253561 
 228   38   44  1   0  0 0.020 01.0  0.00309   +0.20338   +0.20115     -1.096470 
 229   15   45  1   0  0 0.020 01.0  0.00295   -0.18241   -0.18961     +3.947152 
 230   14   46  1   0  0 0.020 01.0  0.00176   -0.00372   -0.00626    +68.279570 
 231   46   47  1   0  0 0.020 01.0  0.00176   -0.00372   -0.00545    +46.505376 
 232   47   48  1   0  0 0.020 01.0  0.00206   -0.04920   -0.05075     +3.150407 
 233   48   49  1   0  0 0.020 01.0  0.00213   -0.05949   -0.06401     +7.597916 
 234   49   50  1   0  0 0.020 01.0  0.00209   -0.05278   -0.05507     +4.338765 
 235   50   51  1   0  0 0.020 01.0  0.00230   -0.08449   -0.08750     +3.562552 
 236   10   51  1   0  0 0.020 01.0  0.00249   +0.11292   +0.11770     +4.233085 
 237   13   49  1   0  0 0.020 01.0  0.00227   +0.07997   +0.07783     -2.676004 
 238   29   52  1   0  0 0.020 01.0  0.00212   +0.05819   +0.06292     +8.128544 
 239   52   53  1   0  0 0.020 01.0  0.00207   +0.05013   +0.04726     -5.725115 
 240   53   54  1   0  0 0.020 01.0  0.00186   +0.01960   +0.02268    +15.714286 
 241   54   55  1   0  0 0.020 01.0  0.00182   +0.01348   +0.01468     +8.902077 
 242   11   43  1   0  0 0.020 01.0  0.00199   +0.03810   +0.03235    -15.091864 
 243   44   45  1   0  0 0.020 01.0  0.00296   +0.18432   +0.18790     +1.942274 
 244   40   56  1   0  0 0.020 01.0  0.00182   -0.01262   -0.01790    +41.838352 
 245   56   41  1   0  0 0.020 01.0  0.00187   -0.02009   -0.01803    -10.253858 
 246   56   42  1   0  0 0.020 01.0  0.00187   -0.02093   -0.01668    -20.305781 
 247   39   57  1   0  0 0.020 01.0  0.00178   -0.00730   -0.00803    +10.000000 
 248   57   56  1   0  0 0.020 01.0  0.00185   -0.01730   -0.01584     -8.439306 
 249   38   49  1   0  0 0.020 01.0  0.00204   -0.04563   -0.04458     -2.301118 
 250   38   48  1   0  0 0.020 01.0  0.00180   -0.00935   -0.01228    +31.336898 
 251    9   55  1   0  0 0.020 01.0  0.00176   -0.00340   -0.00040    -88.235294 
 252    1    2  4   0  0 0.020 01.0  0.00704   +0.79638   +0.78741     -1.126347 
 253    2    3  4   0  0 0.020 01.0  0.00559   +0.57828   +0.59251     +2.460746 
 254    3    4  4   0  0 0.020 01.0  0.00456   +0.42468   +0.41916     -1.299802 
 255    4    5  4   0  0 0.020 01.0  0.00340   +0.24965   +0.25039     +0.296415 
 256    4    6  4   0  0 0.020 01.0  0.00340   +0.24951   +0.24612     -1.358663 
 257    6    7  4   0  0 0.020 01.0  0.00263   +0.13509   +0.13094     -3.072026 
 258    6    8  4   0  0 0.020 01.0  0.00313   +0.20999   +0.21084     +0.404781 
 259    8    9  4   0  0 0.020 01.0  0.00393   -0.32884   -0.33808     +2.809877 
 260    9   10  4   0  0 0.020 01.0  0.00265   -0.13786   -0.14363     +4.185405 
 261    9   11  4   0  0 0.020 01.0  0.00320   -0.21971   -0.22750     +3.545583 
 262    9   12  4   0  0 0.020 01.0  0.00266   -0.13927   -0.14229     +2.168450 
 263    9   13  4   0  0 0.020 01.0  0.00306   -0.19954   -0.19379     -2.881628 
 264   13   14  4   0  0 0.020 01.0  0.00265   -0.13781   -0.13759     -0.159640 
 265   13   15  4   0  0 0.020 01.0  0.00346   -0.25944   -0.25182     -2.937095 
 266    1   15  4   0  0 0.020 01.0  0.00612   +0.65793   +0.67557     +2.681136 
 267    1   16  4   0  0 0.020 01.0  0.00344   +0.25657   +0.25299     -1.395331 
 268    1   17  4   0  0 0.020 01.0  0.00349   +0.26352   +0.25765     -2.227535 
 269    3   15  4   0  0 0.020 01.0  0.00196   -0.03420   -0.03398     -0.643275 
 270    4   18  4   0  0 0.020 01.0  0.00193   -0.02891   -0.03061     +5.880318 
 271    4   18  4   0  0 0.020 01.0  0.00212   -0.05759   -0.05302     -7.935405 
 272    5    6  4   0  0 0.020 01.0  0.00329   +0.23338   +0.22865     -2.026738 
 273    7    8  4   0  0 0.020 01.0  0.00362   +0.28361   +0.29108     +2.633899 
 274   10   12  4   0  0 0.020 01.0  0.00254   -0.12081   -0.11955     -1.042960 
 275   11   13  4   0  0 0.020 01.0  0.00305   -0.19721   -0.19320     -2.033365 
 276   12   13  4   0  0 0.020 01.0  0.00269   +0.14340   +0.14088     -1.757322 
 277   12   16  4   0  0 0.020 01.0  0.00307   -0.20116   -0.21021     +4.498906 
 278   12   17  4   0  0 0.020 01.0  0.00307   -0.19994   -0.20560     +2.830849 
 279   14   15  4   0  0 0.020 01.0  0.00379   -0.30860   -0.30843     -0.055087 
 280   18   19  4   0  0 0.020 01.0  0.00179   +0.00856   +0.00345    -59.696262 
 281   19   20  4   0  0 0.020 01.0  0.00178   +0.00749   +0.00802     +7.076101 
 282   21   20  4   0  0 0.020 01.0  0.00178   -0.00643   -0.00882    +37.169518 
 283   21   22  4   0  0 0.020 01.0  0.00178   +0.00643   +0.00853    +32.659409 
 284   22   23  4   0  0 0.020 01.0  0.00223   +0.07515   +0.08026     +6.799734 
 285   23   24  4   0  0 0.020 01.0  0.00221   +0.07177   +0.06546     -8.791974 
 286   24   25  4   0  0 0.020 01.0  0.00193   -0.02986   -0.03170     +6.162090 
 287   24   25  4   0  0 0.020 01.0  0.00193   -0.02870   -0.02960     +3.135889 
 288   24   26  4   0  0 0.020 01.0  0.00262   +0.13333   +0.12672     -4.957624 
 289   26   27  4   0  0 0.020 01.0  0.00261   +0.13075   +0.12418     -5.024857 
 290   27   28  4   0  0 0.020 01.0  0.00251   +0.11588   +0.10945     -5.548844 
 291   28   29  4   0  0 0.020 01.0  0.00245   +0.10715   +0.11303     +5.487634 
 292    7   29  4   0  0 0.020 01.0  0.00280   -0.16042   -0.15252     -4.924573 
 293   25   30  4   0  0 0.020 01.0  0.00179   +0.00905   +0.00788    -12.928177 
 294   30   31  4   0  0 0.020 01.0  0.00177   +0.00590   +0.00391    -33.728814 
 295   31   32  4   0  0 0.020 01.0  0.00174   +0.00164   +0.00220    +34.146341 
 296   32   33  4   0  0 0.020 01.0  0.00175   +0.00300   +0.00607   +102.333333 
 297   34   32  4   0  0 0.020 01.0  0.00175   +0.00255   +0.00569   +123.137255 
 298   34   35  4   0  0 0.020 01.0  0.00175   -0.00255   +0.00126   -149.411765 
 299   35   36  4   0  0 0.020 01.0  0.00175   -0.00283   +0.00031   -110.954064 
 300   36   37  4   0  0 0.020 01.0  0.00207   -0.05083   -0.05697    +12.079481 
 301   37   38  4   0  0 0.020 01.0  0.00223   -0.07399   -0.06838     -7.582106 
 302   37   39  4   0  0 0.020 01.0  0.00189   +0.02307   +0.01761    -23.667100 
 303   36   40  4   0  0 0.020 01.0  0.00207   +0.04987   +0.04404    -11.690395 
 304   22   38  4   0  0 0.020 01.0  0.00219   -0.06872   -0.06594     -4.045402 
 305   11   41  4   0  0 0.020 01.0  0.00186   -0.01837   -0.01795     -2.286336 
 306   41   42  4   0  0 0.020 01.0  0.00188   -0.02182   -0.02155     -1.237397 
 307   41   43  4   0  0 0.020 01.0  0.00194   +0.03180   +0.03183     +0.094340 
 308   38   44  4   0  0 0.020 01.0  0.00201   +0.04095   +0.03573    -12.747253 
 309   15   45  4   0  0 0.020 01.0  0.00197   -0.03575   -0.03894     +8.923077 
 310   14   46  4   0  0 0.020 01.0  0.00280   +0.16037   +0.15393     -4.015714 
 311   46   47  4   0  0 0.020 01.0  0.00279   +0.15885   +0.16706     +5.168398 
 312   47   48  4   0  0 0.020 01.0  0.00269   +0.14429   +0.13734     -4.816689 
 313   48   49  4   0  0 0.020 01.0  0.00177   -0.00598   -0.01067    +78.428094 
 314   49   50  4   0  0 0.020 01.0  0.00233   +0.08922   +0.09147     +2.521856 
 315   50   51  4   0  0 0.020 01.0  0.00221   +0.07208   +0.07001     -2.871809 
 316   10   51  4   0  0 0.020 01.0  0.00214   -0.06081   -0.06557     +7.827660 
 317   13   49  4   0  0 0.020 01.0  0.00272   +0.14872   +0.15096     +1.506186 
 318   29   52  4   0  0 0.020 01.0  0.00219   -0.06876   -0.06551     -4.726585 
 319   52   53  4   0  0 0.020 01.0  0.00222   -0.07312   -0.06905     -5.566193 
 320   53   54  4   0  0 0.020 01.0  0.00185   -0.01770   -0.02027    +14.519774 
 321   54   55  4   0  0 0.020 01.0  0.00187   -0.01985   -0.02059     +3.727960 
 322   11   43  4   0  0 0.020 01.0  0.00193   -0.02966   -0.03080     +3.843560 
 323   44   45  4   0  0 0.020 01.0  0.00199   +0.03816   +0.03945     +3.380503 
 324   40   56  4   0  0 0.020 01.0  0.00206   +0.04976   +0.05311     +6.732315 
 325   56   41  4   0  0 0.020 01.0  0.00196   +0.03382   +0.03900    +15.316381 
 326   56   42  4   0  0 0.020 01.0  0.00193   +0.02971   +0.02543    -14.405924 
 327   39   57  4   0  0 0.020 01.0  0.00189   +0.02305   +0.02029    -11.973970 
 328   57   56  4   0  0 0.020 01.0  0.00186   +0.01940   +0.01804     -7.010309 
 329   38   49  4   0  0 0.020 01.0  0.00203   -0.04458   -0.03857    -13.481382 
 330   38   48  4   0  0 0.020 01.0  0.00273   -0.14891   -0.15152     +1.752737 
 331    9   55  4   0  0 0.020 01.0  0.00190   +0.02503   +0.02958    +18.178186 
 332    2    1  1   0  0 0.020 01.0  0.00953   +1.16898   +1.15397     -1.284025 
 333    3    2  1   0  0 0.020 01.0  0.00988   +1.22280   +1.20619     -1.358358 
 334    4    3  1   0  0 0.020 01.0  0.00927   +1.13086   +1.15818     +2.415860 
 335    5    4  1   0  0 0.020 01.0  0.00495   +0.48212   +0.49551     +2.777317 
 336    6    4  1   0  0 0.020 01.0  0.00665   +0.73795   +0.74347     +0.748018 
 337    7    6  1   0  0 0.020 01.0  0.00589   +0.62370   +0.62385     +0.024050 
 338    8    6  1   0  0 0.020 01.0  0.00684   +0.76561   +0.75979     -0.760178 
 339    9    8  1   0  0 0.020 01.0  0.01828   -2.48217   -2.45272     -1.186462 
 340   10    9  1   0  0 0.020 01.0  0.00498   -0.48685   -0.47835     -1.745918 
 341   11    9  1   0  0 0.020 01.0  0.00645   -0.70726   -0.72548     +2.576139 
 342   12    9  1   0  0 0.020 01.0  0.00431   -0.38622   -0.39779     +2.995702 
 343   13    9  1   0  0 0.020 01.0  0.00617   -0.66524   -0.67177     +0.981601 
 344   14   13  1   0  0 0.020 01.0  0.00534   -0.54171   -0.53210     -1.774012 
 345   15   13  1   0  0 0.020 01.0  0.00573   -0.59940   -0.59492     -0.747414 
 346   15    1  1   0  0 0.020 01.0  0.01175   +1.50252   +1.53656     +2.265527 
 347   16    1  1   0  0 0.020 01.0  0.00599   +0.63887   +0.62658     -1.923709 
 348   17    1  1   0  0 0.020 01.0  0.00579   +0.60807   +0.61212     +0.666042 
 349   15    3  1   0  0 0.020 01.0  0.00327   -0.23057   -0.23432     +1.626404 
 350   18    4  1   0  0 0.020 01.0  0.00187   -0.02084   -0.02550    +22.360845 
 351   18    4  1   0  0 0.020 01.0  0.00191   -0.02668   -0.02236    -16.191904 
 352    6    5  1   0  0 0.020 01.0  0.00513   +0.51025   +0.51305     +0.548751 
 353    8    7  1   0  0 0.020 01.0  0.00815   +0.96277   +0.95314     -1.000239 
 354   12   10  1   0  0 0.020 01.0  0.00346   -0.25878   -0.26566     +2.658629 
 355   13   11  1   0  0 0.020 01.0  0.00595   -0.63209   -0.63781     +0.904934 
 356   13   12  1   0  0 0.020 01.0  0.00196   +0.03357   +0.02849    -15.132559 
 357   16   12  1   0  0 0.020 01.0  0.00643   -0.70387   -0.69795     -0.841064 
 358   17   12  1   0  0 0.020 01.0  0.00621   -0.67107   -0.68059     +1.418630 
 359   15   14  1   0  0 0.020 01.0  0.00522   -0.52314   -0.51506     -1.544520 
 360   19   18  1   0  0 0.020 01.0  0.00178   -0.00647   -0.00861    +33.075734 
 361   20   19  1   0  0 0.020 01.0  0.00174   -0.00145   -0.00230    +58.620690 
 362   20   21  1   0  0 0.020 01.0  0.00174   -0.00155   -0.00619   +299.354839 
 363   22   21  1   0  0 0.020 01.0  0.00174   +0.00155   -0.00336   -316.774194 
 364   23   22  1   0  0 0.020 01.0  0.00276   +0.15382   +0.14864     -3.367572 
 365   24   23  1   0  0 0.020 01.0  0.00285   +0.16737   +0.16345     -2.342116 
 366   25   24  1   0  0 0.020 01.0  0.00186   -0.01975   -0.02461    +24.607595 
 367   25   24  1   0  0 0.020 01.0  0.00186   -0.01898   -0.02084     +9.799789 
 368   26   24  1   0  0 0.020 01.0  0.00311   +0.20611   +0.19771     -4.075494 
 369   27   26  1   0  0 0.020 01.0  0.00317   +0.21512   +0.20754     -3.523615 
 370   28   27  1   0  0 0.020 01.0  0.00329   +0.23283   +0.22439     -3.624962 
 371   29   28  1   0  0 0.020 01.0  0.00335   +0.24244   +0.25057     +3.353407 
 372   29    7  1   0  0 0.020 01.0  0.00390   -0.32562   -0.33003     +1.354339 
 373   30   25  1   0  0 0.020 01.0  0.00193   -0.02963   -0.02857     -3.577455 
 374   31   30  1   0  0 0.020 01.0  0.00190   -0.02447   -0.02586     +5.680425 
 375   32   31  1   0  0 0.020 01.0  0.00184   -0.01537   -0.01039    -32.400781 
 376   33   32  1   0  0 0.020 01.0  0.00177   -0.00600   -0.00342    -43.000000 
 377   32   34  1   0  0 0.020 01.0  0.00178   +0.00737   +0.01151    +56.173677 
 378   35   34  1   0  0 0.020 01.0  0.00178   -0.00736   -0.00631    -14.266304 
 379   36   35  1   0  0 0.020 01.0  0.00174   +0.00164   +0.00362   +120.731707 
 380   37   36  1   0  0 0.020 01.0  0.00181   -0.01085   -0.01203    +10.875576 
 381   38   37  1   0  0 0.020 01.0  0.00185   -0.01782   -0.02090    +17.283951 
 382   39   37  1   0  0 0.020 01.0  0.00178   +0.00730   +0.00336    -53.972603 
 383   40   36  1   0  0 0.020 01.0  0.00182   +0.01262   +0.00905    -28.288431 
 384   38   22  1   0  0 0.020 01.0  0.00274   -0.15158   -0.14436     -4.763161 
 385   41   11  1   0  0 0.020 01.0  0.00192   -0.02719   -0.03253    +19.639573 
 386   42   41  1   0  0 0.020 01.0  0.00195   -0.03217   -0.02774    -13.770594 
 387   43   41  1   0  0 0.020 01.0  0.00197   +0.03510   +0.03536     +0.740741 
 388   44   38  1   0  0 0.020 01.0  0.00308   -0.20232   -0.19662     -2.817319 
 389   45   15  1   0  0 0.020 01.0  0.00295   +0.18241   +0.18149     -0.504358 
 390   46   14  1   0  0 0.020 01.0  0.00176   +0.00372   +0.00210    -43.548387 
 391   47   46  1   0  0 0.020 01.0  0.00176   +0.00420   +0.00692    +64.761905 
 392   48   47  1   0  0 0.020 01.0  0.00206   +0.04955   +0.04782     -3.491423 
 393   49   48  1   0  0 0.020 01.0  0.00213   +0.05974   +0.06046     +1.205223 
 394   50   49  1   0  0 0.020 01.0  0.00209   +0.05349   +0.05836     +9.104506 
 395   51   50  1   0  0 0.020 01.0  0.00231   +0.08592   +0.09063     +5.481844 
 396   51   10  1   0  0 0.020 01.0  0.00249   -0.11292   -0.11674     +3.382926 
 397   49   13  1   0  0 0.020 01.0  0.00227   -0.07997   -0.08085     +1.100413 
 398   52   29  1   0  0 0.020 01.0  0.00211   -0.05713   -0.05297     -7.281638 
 399   53   52  1   0  0 0.020 01.0  0.00206   -0.04960   -0.05390     +8.669355 
 400   54   53  1   0  0 0.020 01.0  0.00186   -0.01948   -0.01660    -14.784394 
 401   55   54  1   0  0 0.020 01.0  0.00182   -0.01340   -0.00928    -30.746269 
 402   43   11  1   0  0 0.020 01.0  0.00199   -0.03810   -0.03808     -0.052493 
 403   45   44  1   0  0 0.020 01.0  0.00295   -0.18241   -0.18117     -0.679787 
 404   56   40  1   0  0 0.020 01.0  0.00182   +0.01262   +0.01645    +30.348653 
 405   41   56  1   0  0 0.020 01.0  0.00187   +0.02083   +0.02628    +26.164186 
 406   42   56  1   0  0 0.020 01.0  0.00187   +0.02117   +0.02444    +15.446386 
 407   57   39  1   0  0 0.020 01.0  0.00178   +0.00730   +0.00570    -21.917808 
 408   56   57  1   0  0 0.020 01.0  0.00185   +0.01740   +0.01742     +0.114943 
 409   49   38  1   0  0 0.020 01.0  0.00204   +0.04601   +0.04302     -6.498587 
 410   48   38  1   0  0 0.020 01.0  0.00180   +0.00994   +0.01004     +1.006036 
 411   55    9  1   0  0 0.020 01.0  0.00176   +0.00340   -0.00104   -130.588235 
 412    2    1  4   0  0 0.020 01.0  0.00760   -0.88028   -0.90054     +2.301540 
 413    3    2  4   0  0 0.020 01.0  0.00521   -0.52147   -0.51725     -0.809251 
 414    4    3  4   0  0 0.020 01.0  0.00448   -0.41266   -0.40951     -0.763340 
 415    5    4  4   0  0 0.020 01.0  0.00333   -0.23938   -0.24774     +3.492355 
 416    6    4  4   0  0 0.020 01.0  0.00308   -0.20139   -0.19937     -1.003029 
 417    7    6  4   0  0 0.020 01.0  0.00255   -0.12319   -0.12251     -0.551993 
 418    8    6  4   0  0 0.020 01.0  0.00276   -0.15441   -0.14851     -3.820996 
 419    9    8  4   0  0 0.020 01.0  0.00575   +0.60236   +0.60728     +0.816787 
 420   10    9  4   0  0 0.020 01.0  0.00264   +0.13662   +0.13300     -2.649685 
 421   11    9  4   0  0 0.020 01.0  0.00337   +0.24525   +0.23730     -3.241590 
 422   12    9  4   0  0 0.020 01.0  0.00247   +0.10973   +0.10323     -5.923631 
 423   13    9  4   0  0 0.020 01.0  0.00332   +0.23816   +0.24059     +1.020322 
 424   14   13  4   0  0 0.020 01.0  0.00267   +0.14023   +0.14342     +2.274834 
 425   15   13  4   0  0 0.020 01.0  0.00356   +0.27337   +0.26857     -1.755862 
 426   15    1  4   0  0 0.020 01.0  0.00534   -0.54029   -0.54279     +0.462714 
 427   16    1  4   0  0 0.020 01.0  0.00324   -0.22582   -0.22843     +1.155788 
 428   17    1  4   0  0 0.020 01.0  0.00340   -0.25054   -0.25907     +3.404646 
 429   15    3  4   0  0 0.020 01.0  0.00186   -0.01899   -0.02380    +25.329121 
 430   18    4  4   0  0 0.020 01.0  0.00193   +0.02955   +0.02516    -14.856176 
 431   18    4  4   0  0 0.020 01.0  0.00213   +0.05920   +0.06147     +3.834459 
 432    6    5  4   0  0 0.020 01.0  0.00324   -0.22667   -0.23214     +2.413200 
 433    8    7  4   0  0 0.020 01.0  0.00330   -0.23440   -0.23960     +2.218430 
 434   12   10  4   0  0 0.020 01.0  0.00238   +0.09703   +0.09001     -7.234876 
 435   13   11  4   0  0 0.020 01.0  0.00314   +0.21064   +0.21492     +2.031903 
 436   13   12  4   0  0 0.020 01.0  0.00309   -0.20328   -0.20215     -0.555884 
 437   16   12  4   0  0 0.020 01.0  0.00321   +0.22182   +0.22282     +0.450816 
 438   17   12  4   0  0 0.020 01.0  0.00332   +0.23854   +0.24337     +2.024818 
 439   15   14  4   0  0 0.020 01.0  0.00382   +0.31366   +0.32111     +2.375183 
 440   19   18  4   0  0 0.020 01.0  0.00179   -0.00849   -0.00963    +13.427562 
 441   20   19  4   0  0 0.020 01.0  0.00178   -0.00747   -0.01136    +52.074967 
 442   20   21  4   0  0 0.020 01.0  0.00178   +0.00646   +0.00322    -50.154799 
 443   22   21  4   0  0 0.020 01.0  0.00178   -0.00643   -0.00408    -36.547434 
 444   23   22  4   0  0 0.020 01.0  0.00223   -0.07477   -0.07250     -3.035977 
 445   24   23  4   0  0 0.020 01.0  0.00223   -0.07477   -0.08067     +7.890865 
 446   25   24  4   0  0 0.020 01.0  0.00194   +0.03112   +0.02978     -4.305913 
 447   25   24  4   0  0 0.020 01.0  0.00193   +0.02991   +0.02981     -0.334336 
 448   26   24  4   0  0 0.020 01.0  0.00261   -0.13075   -0.12646     -3.281071 
 449   27   26  4   0  0 0.020 01.0  0.00251   -0.11688   -0.12219     +4.543121 
 450   28   27  4   0  0 0.020 01.0  0.00247   -0.11015   -0.11037     +0.199728 
 451   29   28  4   0  0 0.020 01.0  0.00242   -0.10349   -0.10971     +6.010243 
 452   29    7  4   0  0 0.020 01.0  0.00285   +0.16824   +0.17316     +2.924394 
 453   30   25  4   0  0 0.020 01.0  0.00179   -0.00890   -0.01004    +12.808989 
 454   31   30  4   0  0 0.020 01.0  0.00177   -0.00564   -0.00845    +49.822695 
 455   32   31  4   0  0 0.020 01.0  0.00174   -0.00150   -0.00588   +292.000000 
 456   33   32  4   0  0 0.020 01.0  0.00175   -0.00300   -0.00743   +147.666667 
 457   32   34  4   0  0 0.020 01.0  0.00175   -0.00250   +0.00198   -179.200000 
 458   35   34  4   0  0 0.020 01.0  0.00174   -0.00117   -0.00426   +264.102564 
 459   36   35  4   0  0 0.020 01.0  0.00174   +0.00096   +0.00573   +496.875000 
 460   37   36  4   0  0 0.020 01.0  0.00207   +0.05092   +0.04892     -3.927730 
 461   38   37  4   0  0 0.020 01.0  0.00221   +0.07213   +0.07824     +8.470817 
 462   39   37  4   0  0 0.020 01.0  0.00189   -0.02305   -0.02483     +7.722343 
 463   40   36  4   0  0 0.020 01.0  0.00206   -0.04976   -0.05517    +10.872186 
 464   38   22  4   0  0 0.020 01.0  0.00220   +0.06941   +0.07090     +2.146665 
 465   41   11  4   0  0 0.020 01.0  0.00186   +0.01910   +0.01972     +3.246073 
 466   42   41  4   0  0 0.020 01.0  0.00188   +0.02230   +0.02689    +20.582960 
 467   43   41  4   0  0 0.020 01.0  0.00194   -0.03099   -0.03446    +11.197160 
 468   44   38  4   0  0 0.020 01.0  0.00201   -0.04116   -0.03770     -8.406220 
 469   45   15  4   0  0 0.020 01.0  0.00199   +0.03895   +0.03713     -4.672657 
 470   46   14  4   0  0 0.020 01.0  0.00279   -0.15885   -0.15094     -4.979540 
 471   47   46  4   0  0 0.020 01.0  0.00281   -0.16129   -0.15563     -3.509207 
 472   48   47  4   0  0 0.020 01.0  0.00269   -0.14384   -0.14042     -2.377642 
 473   49   48  4   0  0 0.020 01.0  0.00174   +0.00060   -0.00237   -495.000000 
 474   50   49  4   0  0 0.020 01.0  0.00232   -0.08808   -0.09482     +7.652134 
 475   51   50  4   0  0 0.020 01.0  0.00220   -0.06980   -0.07363     +5.487106 
 476   51   10  4   0  0 0.020 01.0  0.00215   +0.06180   +0.06227     +0.760518 
 477   49   13  4   0  0 0.020 01.0  0.00270   -0.14441   -0.15074     +4.383353 
 478   52   29  4   0  0 0.020 01.0  0.00220   +0.07012   +0.07479     +6.660011 
 479   53   52  4   0  0 0.020 01.0  0.00222   +0.07381   +0.07929     +7.424468 
 480   54   53  4   0  0 0.020 01.0  0.00185   +0.01785   +0.01600    -10.364146 
 481   55   54  4   0  0 0.020 01.0  0.00187   +0.01996   +0.01962     -1.703407 
 482   43   11  4   0  0 0.020 01.0  0.00193   +0.02999   +0.02422    -19.239747 
 483   45   44  4   0  0 0.020 01.0  0.00199   -0.03895   -0.04122     +5.827985 
 484   56   40  4   0  0 0.020 01.0  0.00205   -0.04727   -0.04746     +0.401946 
 485   41   56  4   0  0 0.020 01.0  0.00195   -0.03308   -0.03587     +8.434099 
 486   42   56  4   0  0 0.020 01.0  0.00193   -0.02930   -0.02718     -7.235495 
 487   57   39  4   0  0 0.020 01.0  0.00188   -0.02240   -0.01775    -20.758929 
 488   56   57  4   0  0 0.020 01.0  0.00186   -0.01925   -0.01846     -4.103896 
 489   49   38  4   0  0 0.020 01.0  0.00201   +0.04159   +0.03876     -6.804520 
 490   48   38  4   0  0 0.020 01.0  0.00273   +0.14982   +0.15685     +4.692297 
 491   55    9  4   0  0 0.020 01.0  0.00190   -0.02496   -0.02993    +19.911859 
----------------------------------------------------------------------------------
Número de medidores SCADA:     491
Número de PMUs:                0
Número de medidas das PMUs:    0
----------------------------------------------------------------------------------

Não há medidas de ângulo.
Não há medidores desabilitados.
============================== Estado Estimado ===================================
                 Barra     Mod(pu)    Ang(graus)              
----------------------------------------------------------------------------------
                    1            1.0388              0.00        
                    2            1.0253              2.14        
                    3            1.0139              8.69        
                    4            1.0111             11.26        
                    5            1.0089             15.64        
                    6            1.0094             17.84        
                    7            1.0086             21.52        
                    8            1.0033             25.57        
                    9            1.0021             18.09        
                   10            1.0073             13.16        
                   11            1.0033             14.29        
                   12            1.0134             11.12        
                   13            1.0040             11.39        
                   14            1.0028              9.94        
                   15            1.0107              8.00        
                   16            1.0179              7.68        
                   17            1.0257              3.86        
                   18            1.0545             10.71        
                   19            1.0462             10.68        
                   20            1.0433             10.78        
                   21            1.0862             10.79        
                   22            1.0855             10.81        
                   23            1.0858             10.96        
                   24            1.0937             13.58        
                   25            1.1250             12.43        
                   26            1.0427             14.08        
                   27            1.0461             17.93        
                   28            1.0495             19.43        
                   29            1.0531             20.41        
                   30            1.1198             12.21        
                   31            1.1111             11.78        
                   32            1.1036             11.44        
                   33            1.1033             11.44        
                   34            1.0778             10.98        
                   35            1.0773             10.95        
                   36            1.0774             10.96        
                   37            1.0788             10.86        
                   38            1.0848             10.53        
                   39            1.0781             10.89        
                   40            1.0756             11.05        
                   41            1.0645             13.26        
                   42            1.0656             12.45        
                   43            1.0515             13.99        
                   44            1.0772             10.01        
                   45            1.0621              8.99        
                   46            1.1037              9.96        
                   47            1.0939             10.15        
                   48            1.0918             10.33        
                   49            1.0966             10.68        
                   50            1.0902             11.36        
                   51            1.0872             12.76        
                   52            1.0577             19.35        
                   53            1.0608             18.81        
                   54            1.0608             18.42        
                   55            1.0630             18.09        
                   56            1.0711             11.76        
                   57            1.0730             11.35        
----------------------------------------------------------------------------------
Convergiu em:    3 iteraçoes. 
----------------------------------------------------------------------------------
--- RESIDUOS NORMALIZADOS --------------------------------------------------------
   N    D    P  TP      Real     Medido   Estimado      Med-Est        rn 
----------------------------------------------------------------------------------
 430   18    4  4    +0.0295    +0.0252    +0.0510  -2.5837e-02      0.626 
 270    4   18  4    -0.0289    -0.0306    -0.0498  +1.9149e-02      0.462 
  58    0    1  2    -3.8300    -3.9057    -3.8474  -5.8274e-02      0.399 
 118    0    4  5    -0.0000    -0.0050    +0.0027  -7.7775e-03      0.348 
 198   12   17  1    +0.6906    +0.6733    +0.6952  -2.1822e-02      0.283 
 132    0   18  5    -0.0150    -0.0198    -0.0283  +8.4827e-03      0.273 
 346   15    1  1    +1.5025    +1.5366    +1.5088  +2.7763e-02      0.267 
 334    4    3  1    +1.1309    +1.1582    +1.1347  +2.3445e-02      0.264 
 193    7    8  1    -0.9493    -0.9690    -0.9476  -2.1377e-02      0.254 
 341   11    9  1    -0.7073    -0.7255    -0.7066  -1.8915e-02      0.246 
 431   18    4  4    +0.0592    +0.0615    +0.0510  +1.0473e-02      0.240 
 186    1   15  1    -1.4592    -1.4402    -1.4649  +2.4633e-02      0.239 
 174    3    4  1    -1.1152    -1.0983    -1.1189  +2.0610e-02      0.233 
 332    2    1  1    +1.1690    +1.1540    +1.1749  -2.0971e-02      0.231 
  41    0   41  6    +1.0655    +1.0806    +1.0645  +1.6058e-02      0.223 
 183    9   13  1    +0.6895    +0.6707    +0.6882  -1.7401e-02      0.222 
 179    8    9  1    +2.5466    +2.5628    +2.5349  +2.7843e-02      0.219 
  53    0   53  6    +1.0624    +1.0761    +1.0608  +1.5333e-02      0.213 
 415    5    4  4    -0.2394    -0.2477    -0.2360  -1.1780e-02      0.212 
  10    0   10  6    +1.0085    +1.0221    +1.0073  +1.4778e-02      0.210 
  67    0   10  2    -0.1130    -0.1091    -0.1026  -6.5428e-03      0.209 
 347   16    1  1    +0.6389    +0.6266    +0.6422  -1.5607e-02      0.208 
   7    0    7  6    +1.0101    +1.0232    +1.0086  +1.4555e-02      0.207 
 333    3    2  1    +1.2228    +1.2062    +1.2256  -1.9435e-02      0.204 
 342   12    9  1    -0.3862    -0.3978    -0.3848  -1.2996e-02      0.200 
 252    1    2  4    +0.7964    +0.7874    +0.8022  -1.4809e-02      0.198 
  82    0   25  2    -0.0090    -0.0050    -0.0108  +5.8753e-03      0.197 
 412    2    1  4    -0.8803    -0.9005    -0.8851  -1.5469e-02      0.195 
 301   37   38  4    -0.0740    -0.0684    -0.0760  +7.6039e-03      0.192 
 178    6    8  1    -0.7454    -0.7573    -0.7420  -1.5353e-02      0.192 
 195   11   13  1    +0.6420    +0.6259    +0.6399  -1.4004e-02      0.191 
  74    0   17  2    -0.0630    -0.0691    -0.0642  -4.9469e-03      0.190 
  38    0   38  6    +1.0866    +1.0986    +1.0848  +1.3860e-02      0.190 
  65    0    8  2    +4.2750    +4.2290    +4.2581  -2.9049e-02      0.189 
  43    0   43  6    +1.0533    +1.0379    +1.0515  -1.3569e-02      0.189 
  13    0   13  6    +1.0056    +0.9908    +1.0040  -1.3214e-02      0.188 
 254    3    4  4    +0.4247    +0.4192    +0.4304  -1.1257e-02      0.186 
  34    0   34  6    +1.0796    +1.0642    +1.0778  -1.3543e-02      0.186 
 212    7   29  1    +0.3256    +0.3190    +0.3292  -1.0195e-02      0.185 
  46    0   46  6    +1.1055    +1.0901    +1.1037  -1.3604e-02      0.185 
  27    0   27  6    +1.0477    +1.0330    +1.0461  -1.3107e-02      0.183 
 129    0   15  5    -0.0080    -0.0065    -0.0103  +3.8068e-03      0.183 
  25    0   25  6    +1.1281    +1.1117    +1.1250  -1.3279e-02      0.181 
 429   15    3  4    -0.0190    -0.0238    -0.0171  -6.6865e-03      0.178 
  29    0   29  6    +1.0547    +1.0404    +1.0531  -1.2746e-02      0.177 
 187    1   16  1    -0.6193    -0.6092    -0.6224  +1.3181e-02      0.177 
 359   15   14  1    -0.5231    -0.5151    -0.5271  +1.2086e-02      0.175 
  21    0   21  6    +1.0880    +1.0988    +1.0862  +1.2664e-02      0.173 
 311   46   47  4    +0.1588    +0.1671    +0.1588  +8.2886e-03      0.173 
 335    5    4  1    +0.4821    +0.4955    +0.4841  +1.1388e-02      0.168 
 459   36   35  4    +0.0010    +0.0057    -0.0001  +5.8441e-03      0.168 
  48    0   48  6    +1.0935    +1.0796    +1.0918  -1.2166e-02      0.166 
 463   40   36  4    -0.0498    -0.0552    -0.0487  -6.4823e-03      0.165 
   8    0    8  6    +1.0050    +1.0149    +1.0033  +1.1597e-02      0.165 
 344   14   13  1    -0.5417    -0.5321    -0.5434  +1.1317e-02      0.163 
 282   21   20  4    -0.0064    -0.0088    -0.0026  -6.2676e-03      0.163 
 261    9   11  4    -0.2197    -0.2275    -0.2189  -8.5795e-03      0.162 
 292    7   29  4    -0.1604    -0.1525    -0.1599  +7.3661e-03      0.160 
  32    0   32  6    +1.1051    +1.1151    +1.1036  +1.1517e-02      0.160 
 362   20   21  1    -0.0015    -0.0062    -0.0002  -5.9650e-03      0.157 
 184   13   14  1    +0.5458    +0.5585    +0.5476  +1.0912e-02      0.157 
  28    0   28  6    +1.0510    +1.0608    +1.0495  +1.1239e-02      0.156 
 164    0   50  5    -0.0160    -0.0124    -0.0172  +4.8125e-03      0.155 
  87    0   30  2    -0.0050    -0.0028    -0.0077  +4.8497e-03      0.154 
 285   23   24  4    +0.0718    +0.0655    +0.0720  -6.5129e-03      0.152 
 479   53   52  4    +0.0738    +0.0793    +0.0729  +6.3839e-03      0.152 
 449   27   26  4    -0.1169    -0.1222    -0.1151  -7.1031e-03      0.151 
 302   37   39  4    +0.0231    +0.0176    +0.0232  -5.6101e-03      0.151 
 413    3    2  4    -0.5215    -0.5172    -0.5276  +1.0315e-02      0.151 
 192    5    6  1    -0.5011    -0.4880    -0.4981  +1.0118e-02      0.151 
 357   16   12  1    -0.7039    -0.6979    -0.7092  +1.1274e-02      0.150 
 268    1   17  4    +0.2635    +0.2576    +0.2657  -8.0609e-03      0.148 
  47    0   47  6    +1.0957    +1.0831    +1.0939  -1.0866e-02      0.148 
  40    0   40  6    +1.0776    +1.0648    +1.0756  -1.0761e-02      0.148 
 242   11   43  1    +0.0381    +0.0323    +0.0380  -5.6644e-03      0.147 
 474   50   49  4    -0.0881    -0.0948    -0.0884  -6.4075e-03      0.146 
 238   29   52  1    +0.0582    +0.0629    +0.0570  +5.9302e-03      0.145 
 339    9    8  1    -2.4822    -2.4527    -2.4708  +1.8098e-02      0.143 
  51    0   51  6    +1.0884    +1.0768    +1.0872  -1.0471e-02      0.143 
 122    0    8  5    -0.7177    -0.7124    -0.7216  +9.2391e-03      0.143 
 180    9   10  1    +0.4964    +0.4812    +0.4909  -9.6438e-03      0.141 
 470   46   14  4    -0.1588    -0.1509    -0.1577  +6.7340e-03      0.140 
  24    0   24  6    +1.0957    +1.1039    +1.0937  +1.0236e-02      0.140 
 259    8    9  4    -0.3288    -0.3381    -0.3306  -7.5178e-03      0.139 
 329   38   49  4    -0.0446    -0.0386    -0.0445  +5.9211e-03      0.136 
  39    0   39  6    +1.0802    +1.0880    +1.0781  +9.8340e-03      0.135 
 210   27   28  1    -0.2291    -0.2202    -0.2273  +7.0205e-03      0.135 
 414    4    3  4    -0.4127    -0.4095    -0.4176  +8.0837e-03      0.134 
 277   12   16  4    -0.2012    -0.2102    -0.2034  -6.8106e-03      0.134 
 421   11    9  4    +0.2452    +0.2373    +0.2446  -7.2572e-03      0.134 
  88    0   31  2    -0.0090    -0.0060    -0.0103  +4.2819e-03      0.134 
   4    0    4  6    +1.0130    +1.0016    +1.0111  -9.4379e-03      0.134 
 445   24   23  4    -0.0748    -0.0807    -0.0749  -5.7238e-03      0.132 
 313   48   49  4    -0.0060    -0.0107    -0.0054  -5.2520e-03      0.132 
 477   49   13  4    -0.1444    -0.1507    -0.1441  -6.5938e-03      0.132 
 190    4   18  1    +0.0208    +0.0192    +0.0245  -5.3367e-03      0.131 
 244   40   56  1    -0.0126    -0.0179    -0.0125  -5.4272e-03      0.131 
  26    0   26  6    +1.0446    +1.0333    +1.0427  -9.3569e-03      0.131 
 405   41   56  1    +0.0208    +0.0263    +0.0208  +5.4893e-03      0.131 
  22    0   22  6    +1.0874    +1.0760    +1.0855  -9.5557e-03      0.131 
 280   18   19  4    +0.0086    +0.0034    +0.0086  -5.1158e-03      0.131 
 126    0   12  5    -0.0509    -0.0556    -0.0590  +3.3595e-03      0.131 
 428   17    1  4    -0.2505    -0.2591    -0.2521  -6.9868e-03      0.129 
 385   41   11  1    -0.0272    -0.0325    -0.0270  -5.4879e-03      0.129 
 308   38   44  4    +0.0410    +0.0357    +0.0407  -4.9991e-03      0.128 
 265   13   15  4    -0.2594    -0.2518    -0.2591  +7.2470e-03      0.127 
 266    1   15  4    +0.6579    +0.6756    +0.6663  +9.3131e-03      0.126 
 206   24   25  1    +0.0198    +0.0252    +0.0200  +5.1779e-03      0.125 
 370   28   27  1    +0.2328    +0.2244    +0.2309  -6.4989e-03      0.125 
 490   48   38  4    +0.1498    +0.1568    +0.1510  +5.8319e-03      0.125 
 418    8    6  4    -0.1544    -0.1485    -0.1548  +6.3301e-03      0.124 
 482   43   11  4    +0.0300    +0.0242    +0.0289  -4.7063e-03      0.123 
  36    0   36  6    +1.0794    +1.0863    +1.0774  +8.8967e-03      0.122 
 158    0   44  5    -0.0030    -0.0069    -0.0032  -3.7681e-03      0.122 
 172    1    2  1    -1.1530    -1.1698    -1.1588  -1.1042e-02      0.122 
  68    0   11  2    +0.0000    +0.0009    -0.0016  +2.4743e-03      0.122 
 303   36   40  4    +0.0499    +0.0440    +0.0488  -4.7481e-03      0.121 
 325   56   41  4    +0.0338    +0.0390    +0.0338  +5.1743e-03      0.120 
 441   20   19  4    -0.0075    -0.0114    -0.0068  -4.5876e-03      0.120 
 422   12    9  4    +0.1097    +0.1032    +0.1091  -5.8736e-03      0.120 
  30    0   30  6    +1.1229    +1.1285    +1.1198  +8.7196e-03      0.120 
 156    0   42  5    -0.0070    -0.0102    -0.0065  -3.7600e-03      0.119 
  42    0   42  6    +1.0665    +1.0741    +1.0656  +8.5083e-03      0.119 
 152    0   38  5    -0.0110    -0.0064    -0.0093  +2.8591e-03      0.119 
  57    0   57  6    +1.0740    +1.0645    +1.0730  -8.4941e-03      0.118 
 384   38   22  1    -0.1516    -0.1444    -0.1496  +5.2041e-03      0.117 
 147    0   33  5    -0.0030    -0.0009    -0.0050  +4.1475e-03      0.116 
   9    0    9  6    +1.0036    +0.9939    +1.0021  -8.1642e-03      0.116 
 284   22   23  4    +0.0751    +0.0803    +0.0756  +4.6925e-03      0.116 
 460   37   36  4    +0.0509    +0.0489    +0.0533  -4.4073e-03      0.115 
 471   47   46  4    -0.1613    -0.1556    -0.1612  +5.5616e-03      0.115 
 149    0   35  5    -0.0040    -0.0016    -0.0053  +3.6541e-03      0.115 
 452   29    7  4    +0.1682    +0.1732    +0.1679  +5.2969e-03      0.114 
 478   52   29  4    +0.0701    +0.0748    +0.0701  +4.7355e-03      0.114 
 267    1   16  4    +0.2566    +0.2530    +0.2594  -6.3869e-03      0.113 
 189    3   15  1    +0.2314    +0.2246    +0.2303  -5.6796e-03      0.112 
 366   25   24  1    -0.0198    -0.0246    -0.0200  -4.5779e-03      0.111 
 369   27   26  1    +0.2151    +0.2075    +0.2134  -5.8262e-03      0.111 
  55    0   55  6    +1.0649    +1.0709    +1.0630  +7.9699e-03      0.110 
 209   26   27  1    -0.2061    -0.2103    -0.2045  -5.7958e-03      0.110 
 233   48   49  1    -0.0595    -0.0640    -0.0592  -4.8299e-03      0.110 
 239   52   53  1    +0.0501    +0.0473    +0.0517  -4.4114e-03      0.110 
  64    0    7  2    +0.0000    +0.0027    +0.0006  +2.0792e-03      0.110 
 310   14   46  4    +0.1604    +0.1539    +0.1592  -5.2455e-03      0.110 
 439   15   14  4    +0.3137    +0.3211    +0.3147  +6.3712e-03      0.109 
 185   13   15  1    +0.6110    +0.6226    +0.6145  +8.0814e-03      0.109 
 114    0   57  2    -0.0100    -0.0149    -0.0113  -3.6055e-03      0.109 
 368   26   24  1    +0.2061    +0.1977    +0.2031  -5.4061e-03      0.109 
 466   42   41  4    +0.0223    +0.0269    +0.0226  +4.2934e-03      0.108 
 386   42   41  1    -0.0322    -0.0277    -0.0321  +4.3752e-03      0.108 
 207   24   25  1    +0.0190    +0.0245    +0.0200  +4.4579e-03      0.108 
 475   51   50  4    -0.0698    -0.0736    -0.0689  -4.7607e-03      0.107 
 320   53   54  4    -0.0177    -0.0203    -0.0160  -4.2256e-03      0.107 
 435   13   11  4    +0.2106    +0.2149    +0.2094  +5.5107e-03      0.107 
 157    0   43  5    -0.0010    -0.0007    -0.0041  +3.3212e-03      0.107 
 246   56   42  1    -0.0209    -0.0167    -0.0209  +4.2378e-03      0.106 
  11    0   11  6    +1.0049    +0.9959    +1.0033  -7.4774e-03      0.106 
 345   15   13  1    -0.5994    -0.5949    -0.6028  +7.8578e-03      0.106 
  23    0   23  6    +1.0877    +1.0936    +1.0858  +7.7621e-03      0.106 
 389   45   15  1    +0.1824    +0.1815    +0.1868  -5.2774e-03      0.106 
 160    0   46  5    -0.0000    -0.0019    +0.0011  -3.0273e-03      0.106 
 355   13   11  1    -0.6321    -0.6378    -0.6301  -7.7188e-03      0.106 
  56    0   56  6    +1.0721    +1.0636    +1.0711  -7.5881e-03      0.106 
 363   22   21  1    +0.0015    -0.0034    +0.0003  -3.7036e-03      0.105 
 457   32   34  4    -0.0025    +0.0020    -0.0020  +3.9941e-03      0.105 
 461   38   37  4    +0.0721    +0.0782    +0.0742  +4.0846e-03      0.104 
  44    0   44  6    +1.0790    +1.0848    +1.0772  +7.5371e-03      0.104 
 324   40   56  4    +0.0498    +0.0531    +0.0485  +4.5744e-03      0.103 
 434   12   10  4    +0.0970    +0.0900    +0.0947  -4.6427e-03      0.103 
 381   38   37  1    -0.0178    -0.0209    -0.0173  -3.6395e-03      0.103 
 128    0   14  5    -0.0080    -0.0086    -0.0111  +2.5701e-03      0.102 
  59    0    2  2    -0.0040    -0.0023    -0.0003  -1.9624e-03      0.101 
 343   13    9  1    -0.6652    -0.6718    -0.6639  -7.8226e-03      0.101 
 273    7    8  4    +0.2836    +0.2911    +0.2856  +5.5260e-03      0.101 
 371   29   28  1    +0.2424    +0.2506    +0.2454  +5.1493e-03      0.101 
 316   10   51  4    -0.0608    -0.0656    -0.0615  -4.0743e-03      0.100 
 326   56   42  4    +0.0297    +0.0254    +0.0294  -4.0192e-03      0.099 
 288   24   26  4    +0.1333    +0.1267    +0.1312  -4.4972e-03      0.099 
   6    0    6  6    +1.0109    +1.0164    +1.0094  +6.9948e-03      0.099 
 432    6    5  4    -0.2267    -0.2321    -0.2269  -5.2153e-03      0.099 
  12    0   12  6    +1.0150    +1.0064    +1.0134  -6.9927e-03      0.099 
  35    0   35  6    +1.0793    +1.0702    +1.0773  -7.1227e-03      0.098 
 300   36   37  4    -0.0508    -0.0570    -0.0532  -3.7376e-03      0.098 
 199   14   15  1    +0.5294    +0.5402    +0.5335  +6.6941e-03      0.097 
 140    0   26  5    -0.0000    -0.0029    +0.0000  -2.8873e-03      0.097 
 401   55   54  1    -0.0134    -0.0093    -0.0130  +3.7338e-03      0.097 
 304   22   38  4    -0.0687    -0.0659    -0.0697  +3.7735e-03      0.097 
 374   31   30  1    -0.0245    -0.0259    -0.0221  -3.7467e-03      0.097 
  50    0   50  6    +1.0919    +1.0832    +1.0902  -7.0478e-03      0.096 
 404   56   40  1    +0.0126    +0.0164    +0.0125  +3.9772e-03      0.096 
 349   15    3  1    -0.2306    -0.2343    -0.2294  -4.8969e-03      0.096 
   3    0    3  6    +1.0157    +1.0207    +1.0139  +6.7976e-03      0.096 
 286   24   25  4    -0.0299    -0.0317    -0.0276  -4.0745e-03      0.096 
 454   31   30  4    -0.0056    -0.0084    -0.0049  -3.5908e-03      0.096 
 289   26   27  4    +0.1308    +0.1242    +0.1287  -4.5490e-03      0.096 
  83    0   26  2    -0.0000    +0.0014    -0.0014  +2.7681e-03      0.095 
   5    0    5  6    +1.0104    +1.0156    +1.0089  +6.6924e-03      0.095 
 297   34   32  4    +0.0026    +0.0057    +0.0021  +3.5908e-03      0.095 
 260    9   10  4    -0.1379    -0.1436    -0.1390  -4.6263e-03      0.094 
 353    8    7  1    +0.9628    +0.9531    +0.9611  -7.9360e-03      0.094 
 424   14   13  4    +0.1402    +0.1434    +0.1390  +4.4370e-03      0.094 
 191    4   18  1    +0.0267    +0.0283    +0.0245  +3.8233e-03      0.093 
 272    5    6  4    +0.2334    +0.2286    +0.2335  -4.8910e-03      0.093 
 197   12   16  1    +0.7134    +0.7120    +0.7189  -6.9611e-03      0.092 
  85    0   28  2    -0.0070    -0.0092    -0.0118  +2.6091e-03      0.092 
 153    0   39  5    +0.0000    -0.0043    -0.0012  -3.0907e-03      0.092 
  63    0    6  2    -0.1130    -0.1061    -0.1084  +2.3151e-03      0.091 
 253    2    3  4    +0.5783    +0.5925    +0.5862  +6.2969e-03      0.090 
 203   21   22  1    -0.0015    -0.0035    -0.0003  -3.1488e-03      0.090 
 236   10   51  1    +0.1129    +0.1177    +0.1138  +3.9264e-03      0.089 
 163    0   49  5    -0.0130    -0.0107    -0.0130  +2.3154e-03      0.089 
 200   18   19  1    +0.0065    +0.0029    +0.0064  -3.4453e-03      0.089 
 225   11   41  1    +0.0272    +0.0233    +0.0270  -3.7521e-03      0.088 
  20    0   20  6    +1.0479    +1.0371    +1.0433  -6.2198e-03      0.088 
 263    9   13  4    -0.1995    -0.1938    -0.1986  +4.7772e-03      0.088 
 352    6    5  1    +0.5102    +0.5131    +0.5072  +5.8949e-03      0.088 
 487   57   39  4    -0.0224    -0.0177    -0.0214  +3.6938e-03      0.087 
 425   15   13  4    +0.2734    +0.2686    +0.2736  -4.9882e-03      0.086 
 420   10    9  4    +0.1366    +0.1330    +0.1372  -4.1624e-03      0.085 
 468   44   38  4    -0.0412    -0.0377    -0.0410  +3.2811e-03      0.084 
 406   42   56  1    +0.0212    +0.0244    +0.0212  +3.2806e-03      0.083 
 127    0   13  5    -0.0030    -0.0008    -0.0024  +1.6526e-03      0.082 
 214   30   31  1    +0.0246    +0.0191    +0.0222  -3.1386e-03      0.081 
 290   27   28  4    +0.1159    +0.1095    +0.1130  -3.5968e-03      0.081 
  84    0   27  2    -0.0140    -0.0163    -0.0139  -2.3957e-03      0.081 
 117    0    3  5    -0.1310    -0.1357    -0.1330  -2.6224e-03      0.080 
  54    0   54  6    +1.0628    +1.0665    +1.0608  +5.7446e-03      0.080 
  61    0    4  2    +0.0000    -0.0001    -0.0017  +1.5166e-03      0.079 
 400   54   53  1    -0.0195    -0.0166    -0.0197  +3.0868e-03      0.078 
   1    0    1  6    +1.0400    +1.0444    +1.0388  +5.5793e-03      0.078 
  66    0    9  2    -0.1810    -0.1779    -0.1761  -1.7874e-03      0.078 
  73    0   16  2    -0.0650    -0.0691    -0.0670  -2.0633e-03      0.077 
 115    0    1  5    +1.9744    +2.0014    +1.9936  +7.8463e-03      0.077 
 224   22   38  1    +0.1520    +0.1534    +0.1500  +3.4000e-03      0.077 
 318   29   52  4    -0.0688    -0.0655    -0.0687  +3.2009e-03      0.077 
 390   46   14  1    +0.0037    +0.0021    +0.0049  -2.7920e-03      0.077 
 201   19   20  1    +0.0015    -0.0026    +0.0003  -2.8810e-03      0.076 
 319   52   53  4    -0.0731    -0.0691    -0.0722  +3.1626e-03      0.075 
 379   36   35  1    +0.0016    +0.0036    +0.0010  +2.6171e-03      0.075 
 271    4   18  4    -0.0576    -0.0530    -0.0498  -3.2609e-03      0.075 
 278   12   17  4    -0.1999    -0.2056    -0.2017  -3.9324e-03      0.074 
 455   32   31  4    -0.0015    -0.0059    -0.0031  -2.8108e-03      0.074 
 124    0   10  5    -0.0450    -0.0403    -0.0424  +2.1743e-03      0.074 
 218   34   35  1    +0.0074    +0.0097    +0.0071  +2.6514e-03      0.074 
 139    0   25  5    -0.0050    -0.0094    -0.0072  -2.2406e-03      0.074 
 240   53   54  1    +0.0196    +0.0227    +0.0198  +2.8848e-03      0.073 
 398   52   29  1    -0.0571    -0.0530    -0.0560  +2.9838e-03      0.073 
  49    0   49  6    +1.0984    +1.1019    +1.0966  +5.3503e-03      0.073 
  15    0   15  6    +1.0124    +1.0056    +1.0107  -5.1415e-03      0.073 
 309   15   45  4    -0.0357    -0.0389    -0.0361  -2.8876e-03      0.073 
 142    0   28  5    -0.0030    +0.0014    +0.0035  -2.1678e-03      0.072 
 336    6    4  1    +0.7379    +0.7435    +0.7377  +5.7394e-03      0.072 
 262    9   12  4    -0.1393    -0.1423    -0.1386  -3.6719e-03      0.072 
 419    9    8  4    +0.6024    +0.6073    +0.6024  +4.8457e-03      0.071 
  92    0   35  2    -0.0090    -0.0058    -0.0081  +2.2891e-03      0.071 
  94    0   37  2    +0.0000    -0.0028    -0.0008  -1.9846e-03      0.071 
 491   55    9  4    -0.0250    -0.0299    -0.0273  -2.6059e-03      0.071 
 255    4    5  4    +0.2497    +0.2504    +0.2465  +3.9192e-03      0.070 
 409   49   38  1    +0.0460    +0.0430    +0.0461  -3.0589e-03      0.070 
 358   17   12  1    -0.6711    -0.6806    -0.6753  -5.3235e-03      0.070 
 155    0   41  5    -0.0040    +0.0006    -0.0013  +1.8843e-03      0.070 
 144    0   30  5    -0.0030    -0.0056    -0.0034  -2.2108e-03      0.069 
 365   24   23  1    +0.1674    +0.1635    +0.1668  -3.3663e-03      0.069 
 138    0   24  5    +0.0000    +0.0018    -0.0001  +1.8518e-03      0.069 
 399   53   52  1    -0.0496    -0.0539    -0.0511  -2.7656e-03      0.069 
 133    0   19  5    -0.0010    -0.0039    -0.0017  -2.1752e-03      0.069 
  72    0   15  2    -0.0330    -0.0386    -0.0373  -1.3131e-03      0.068 
 456   33   32  4    -0.0030    -0.0074    -0.0050  -2.4225e-03      0.068 
 396   51   10  1    -0.1129    -0.1167    -0.1138  -2.9664e-03      0.068 
  93    0   36  2    -0.0000    +0.0014    +0.0033  -1.9031e-03      0.067 
 444   23   22  4    -0.0748    -0.0725    -0.0752  +2.6999e-03      0.067 
 283   21   22  4    +0.0064    +0.0085    +0.0062  +2.3726e-03      0.067 
 450   28   27  4    -0.1101    -0.1104    -0.1074  -2.9398e-03      0.066 
 100    0   43  2    -0.0030    -0.0052    -0.0032  -2.0322e-03      0.066 
 121    0    7  5    -0.0000    +0.0016    +0.0032  -1.5906e-03      0.066 
  18    0   18  6    +1.0598    +1.0498    +1.0545  -4.7377e-03      0.066 
 248   57   56  1    -0.0173    -0.0158    -0.0183  +2.4862e-03      0.066 
 169    0   55  5    -0.0050    -0.0051    -0.0071  +2.0626e-03      0.066 
 337    7    6  1    +0.6237    +0.6239    +0.6191  +4.7908e-03      0.065 
 312   47   48  4    +0.1443    +0.1373    +0.1403  -2.9925e-03      0.065 
 137    0   23  5    -0.0030    -0.0012    -0.0032  +2.0471e-03      0.065 
 485   41   56  4    -0.0331    -0.0359    -0.0331  -2.7841e-03      0.065 
 433    8    7  4    -0.2344    -0.2396    -0.2362  -3.3732e-03      0.065 
 111    0   54  2    -0.0060    -0.0045    -0.0066  +2.0445e-03      0.065 
 483   45   44  4    -0.0389    -0.0412    -0.0386  -2.6470e-03      0.064 
 257    6    7  4    +0.1351    +0.1309    +0.1340  -3.0449e-03      0.064 
 394   50   49  1    +0.0535    +0.0584    +0.0557  +2.6128e-03      0.064 
 489   49   38  4    +0.0416    +0.0388    +0.0415  -2.7508e-03      0.063 
 243   44   45  1    +0.1843    +0.1879    +0.1847  +3.2183e-03      0.063 
 473   49   48  4    +0.0006    -0.0024    +0.0001  -2.4210e-03      0.062 
  14    0   14  6    +1.0045    +0.9985    +1.0028  -4.3134e-03      0.061 
 109    0   52  2    -0.0070    -0.0024    -0.0043  +1.8624e-03      0.061 
 451   29   28  4    -0.1035    -0.1097    -0.1072  -2.5574e-03      0.060 
 423   13    9  4    +0.2382    +0.2406    +0.2372  +3.3666e-03      0.060 
 331    9   55  4    +0.0250    +0.0296    +0.0274  +2.1762e-03      0.059 
 299   35   36  4    -0.0028    +0.0003    -0.0017  +2.0528e-03      0.059 
 360   19   18  1    -0.0065    -0.0086    -0.0063  -2.2720e-03      0.058 
  16    0   16  6    +1.0194    +1.0220    +1.0179  +4.1240e-03      0.058 
 443   22   21  4    -0.0064    -0.0041    -0.0062  +2.0737e-03      0.058 
 159    0   45  5    +0.0000    +0.0026    +0.0008  +1.7448e-03      0.058 
 469   45   15  4    +0.0389    +0.0371    +0.0394  -2.2882e-03      0.057 
 322   11   43  4    -0.0297    -0.0308    -0.0286  -2.1895e-03      0.057 
 229   15   45  1    -0.1824    -0.1896    -0.1868  -2.8426e-03      0.057 
 388   44   38  1    -0.2023    -0.1966    -0.1994  +2.8173e-03      0.056 
 364   23   22  1    +0.1538    +0.1486    +0.1512  -2.5549e-03      0.056 
 383   40   36  1    +0.0126    +0.0091    +0.0111  -2.0317e-03      0.056 
 275   11   13  4    -0.1972    -0.1932    -0.1960  +2.8381e-03      0.056 
 171    0   57  5    -0.0030    +0.0004    -0.0014  +1.8145e-03      0.055 
 411   55    9  1    +0.0034    -0.0010    +0.0009  -1.9253e-03      0.055 
  99    0   42  2    -0.0110    -0.0127    -0.0110  -1.7242e-03      0.054 
  60    0    3  2    +0.3390    +0.3392    +0.3370  +2.1759e-03      0.054 
 328   57   56  4    +0.0194    +0.0180    +0.0201  -2.0392e-03      0.054 
 395   51   50  1    +0.0859    +0.0906    +0.0882  +2.4281e-03      0.054 
 112    0   55  2    -0.0100    -0.0104    -0.0121  +1.6885e-03      0.053 
 361   20   19  1    -0.0014    -0.0023    -0.0003  -1.9910e-03      0.053 
 351   18    4  1    -0.0267    -0.0224    -0.0245  +2.1567e-03      0.052 
 382   39   37  1    +0.0073    +0.0034    +0.0052  -1.8560e-03      0.052 
 392   48   47  1    +0.0495    +0.0478    +0.0498  -2.0099e-03      0.051 
 182    9   12  1    +0.3970    +0.3988    +0.3955  +3.3175e-03      0.051 
 250   38   48  1    -0.0094    -0.0123    -0.0104  -1.8527e-03      0.051 
 205   23   24  1    -0.1628    -0.1598    -0.1623  +2.4557e-03      0.050 
 317   13   49  4    +0.1487    +0.1510    +0.1485  +2.5050e-03      0.050 
  37    0   37  6    +1.0809    +1.0825    +1.0788  +3.6338e-03      0.050 
 448   26   24  4    -0.1308    -0.1265    -0.1287  +2.2417e-03      0.050 
 307   41   43  4    +0.0318    +0.0318    +0.0338  -2.0157e-03      0.049 
 354   12   10  1    -0.2588    -0.2657    -0.2630  -2.6943e-03      0.049 
 269    3   15  4    -0.0342    -0.0340    -0.0359  +1.9195e-03      0.049 
 148    0   34  5    +0.0000    +0.0035    +0.0019  +1.6114e-03      0.049 
 291   28   29  4    +0.1071    +0.1130    +0.1109  +2.0820e-03      0.049 
 245   56   41  1    -0.0201    -0.0180    -0.0200  +2.0155e-03      0.048 
 287   24   25  4    -0.0287    -0.0296    -0.0276  -1.9745e-03      0.047 
  75    0   18  2    -0.0410    -0.0358    -0.0373  +1.5229e-03      0.047 
 340   10    9  1    -0.4869    -0.4783    -0.4815  +3.1770e-03      0.047 
 486   42   56  4    -0.0293    -0.0272    -0.0290  +1.8666e-03      0.046 
 125    0   11  5    -0.0000    +0.0017    +0.0006  +1.0976e-03      0.046 
  33    0   33  6    +1.1048    +1.1001    +1.1033  -3.2563e-03      0.045 
   2    0    2  6    +1.0266    +1.0285    +1.0253  +3.1879e-03      0.045 
 462   39   37  4    -0.0231    -0.0248    -0.0232  -1.6284e-03      0.044 
 168    0   54  5    -0.0020    -0.0053    -0.0039  -1.3624e-03      0.043 
 356   13   12  1    +0.0336    +0.0285    +0.0301  -1.6248e-03      0.043 
  86    0   29  2    -0.0250    -0.0279    -0.0268  -1.1354e-03      0.043 
 314   49   50  4    +0.0892    +0.0915    +0.0896  +1.8811e-03      0.043 
 222   37   39  1    -0.0073    -0.0037    -0.0052  +1.5243e-03      0.042 
 143    0   29  5    -0.0040    -0.0069    -0.0080  +1.1405e-03      0.042 
 453   30   25  4    -0.0089    -0.0100    -0.0085  -1.5452e-03      0.042 
 177    6    7  1    -0.6158    -0.6082    -0.6113  +3.0734e-03      0.042 
  80    0   23  2    -0.0090    -0.0098    -0.0111  +1.2807e-03      0.042 
 103    0   46  2    +0.0000    +0.0010    -0.0003  +1.2859e-03      0.042 
 327   39   57  4    +0.0231    +0.0203    +0.0220  -1.7523e-03      0.041 
 437   16   12  4    +0.2218    +0.2228    +0.2250  -2.1437e-03      0.041 
  97    0   40  2    -0.0000    +0.0000    -0.0014  +1.4011e-03      0.041 
 108    0   51  2    -0.0270    -0.0269    -0.0256  -1.3183e-03      0.041 
 173    2    3  1    -1.1730    -1.1714    -1.1752  +3.8682e-03      0.041 
 298   34   35  4    -0.0026    +0.0013    -0.0002  +1.4606e-03      0.041 
 241   54   55  1    +0.0135    +0.0147    +0.0131  +1.5777e-03      0.041 
 237   13   49  1    +0.0800    +0.0778    +0.0797  -1.8572e-03      0.041 
 141    0   27  5    -0.0010    -0.0032    -0.0020  -1.2099e-03      0.040 
 323   44   45  4    +0.0382    +0.0394    +0.0378  +1.6308e-03      0.040 
 220   36   37  1    +0.0109    +0.0147    +0.0133  +1.3928e-03      0.039 
  62    0    5  2    -0.0190    -0.0150    -0.0140  -9.9377e-04      0.039 
 426   15    1  4    -0.5403    -0.5428    -0.5454  +2.6379e-03      0.038 
 488   56   57  4    -0.0192    -0.0185    -0.0199  +1.4524e-03      0.038 
 166    0   52  5    -0.0030    -0.0010    -0.0022  +1.1481e-03      0.038 
  96    0   39  2    -0.0000    -0.0005    -0.0018  +1.2757e-03      0.038 
 230   14   46  1    -0.0037    -0.0063    -0.0049  -1.3680e-03      0.038 
 208   24   26  1    -0.2061    -0.2013    -0.2031  +1.8161e-03      0.036 
 467   43   41  4    -0.0310    -0.0345    -0.0330  -1.4725e-03      0.036 
 373   30   25  1    -0.0296    -0.0286    -0.0299  +1.3583e-03      0.036 
 219   35   36  1    -0.0016    -0.0022    -0.0010  -1.2271e-03      0.035 
 215   31   32  1    +0.0155    +0.0104    +0.0118  -1.3513e-03      0.035 
 375   32   31  1    -0.0154    -0.0104    -0.0117  +1.3302e-03      0.034 
 175    4    5  1    -0.4648    -0.4690    -0.4667  -2.2761e-03      0.034 
 377   32   34  1    +0.0074    +0.0115    +0.0102  +1.2768e-03      0.034 
 391   47   46  1    +0.0042    +0.0069    +0.0057  +1.2340e-03      0.034 
  52    0   52  6    +1.0592    +1.0601    +1.0577  +2.3860e-03      0.033 
 101    0   44  2    -0.0180    -0.0157    -0.0148  -9.8431e-04      0.033 
 380   37   36  1    -0.0109    -0.0120    -0.0132  +1.1620e-03      0.033 
 120    0    6  5    -0.0830    -0.0821    -0.0811  -9.4720e-04      0.033 
 223   36   40  1    -0.0126    -0.0098    -0.0110  +1.1770e-03      0.032 
  69    0   12  2    +0.7260    +0.7387    +0.7368  +1.9653e-03      0.032 
 281   19   20  4    +0.0075    +0.0080    +0.0068  +1.2293e-03      0.032 
 232   47   48  1    -0.0492    -0.0508    -0.0495  -1.2568e-03      0.032 
 305   11   41  4    -0.0184    -0.0180    -0.0193  +1.3262e-03      0.032 
 213   25   30  1    +0.0297    +0.0312    +0.0300  +1.1975e-03      0.032 
 407   57   39  1    +0.0073    +0.0057    +0.0070  -1.2817e-03      0.031 
 403   45   44  1    -0.1824    -0.1812    -0.1828  +1.5909e-03      0.031 
 294   30   31  4    +0.0059    +0.0039    +0.0051  -1.1556e-03      0.031 
 274   10   12  4    -0.1208    -0.1196    -0.1181  -1.4390e-03      0.031 
 330   38   48  4    -0.1489    -0.1515    -0.1501  -1.4290e-03      0.031 
 276   12   13  4    +0.1434    +0.1409    +0.1423  -1.4212e-03      0.030 
 296   32   33  4    +0.0030    +0.0061    +0.0050  +1.0615e-03      0.030 
 484   56   40  4    -0.0473    -0.0475    -0.0462  -1.3052e-03      0.029 
 440   19   18  4    -0.0085    -0.0096    -0.0085  -1.1345e-03      0.029 
 338    8    6  1    +0.7656    +0.7598    +0.7621  -2.3165e-03      0.029 
 105    0   48  2    +0.0000    +0.0025    +0.0017  +8.0273e-04      0.028 
 202   21   20  1    +0.0015    -0.0008    +0.0002  -1.0650e-03      0.028 
 119    0    5  5    -0.0060    -0.0032    -0.0024  -7.8093e-04      0.028 
 106    0   49  2    -0.0270    -0.0285    -0.0292  +7.3372e-04      0.027 
 408   56   57  1    +0.0174    +0.0174    +0.0184  -1.0179e-03      0.027 
 410   48   38  1    +0.0099    +0.0100    +0.0110  -9.8746e-04      0.027 
 315   50   51  4    +0.0721    +0.0700    +0.0712  -1.1900e-03      0.027 
  76    0   19  2    -0.0050    -0.0052    -0.0060  +8.5705e-04      0.027 
 438   17   12  4    +0.2385    +0.2434    +0.2419  +1.4782e-03      0.027 
 135    0   21  5    +0.0000    +0.0045    +0.0036  +8.5500e-04      0.026 
 123    0    9  5    -0.0690    -0.0659    -0.0653  -6.2856e-04      0.026 
  17    0   17  6    +1.0270    +1.0238    +1.0257  -1.8711e-03      0.026 
 162    0   48  5    +0.0000    +0.0050    +0.0057  -6.9881e-04      0.026 
  19    0   19  6    +1.0514    +1.0480    +1.0462  +1.8377e-03      0.026 
 247   39   57  1    -0.0073    -0.0080    -0.0070  -1.0483e-03      0.026 
 249   38   49  1    -0.0456    -0.0446    -0.0457  +1.1164e-03      0.026 
 397   49   13  1    -0.0800    -0.0809    -0.0797  -1.1628e-03      0.026 
 295   31   32  4    +0.0016    +0.0022    +0.0032  -9.6020e-04      0.025 
 264   13   14  4    -0.1378    -0.1376    -0.1364  -1.1787e-03      0.025 
 350   18    4  1    -0.0208    -0.0255    -0.0245  -9.8334e-04      0.024 
 393   49   48  1    +0.0597    +0.0605    +0.0594  +1.0344e-03      0.024 
 447   25   24  4    +0.0299    +0.0298    +0.0288  +9.8707e-04      0.023 
 110    0   53  2    -0.0300    -0.0306    -0.0313  +7.6920e-04      0.023 
 446   25   24  4    +0.0311    +0.0298    +0.0288  +9.5707e-04      0.023 
 416    6    4  4    -0.2014    -0.1994    -0.1982  -1.1805e-03      0.022 
 211   28   29  1    -0.2398    -0.2416    -0.2427  +1.1180e-03      0.022 
 154    0   40  5    +0.0000    +0.0006    -0.0002  +7.2210e-04      0.022 
 427   16    1  4    -0.2258    -0.2284    -0.2273  -1.1736e-03      0.021 
 458   35   34  4    -0.0012    -0.0043    -0.0035  -7.4875e-04      0.021 
 293   25   30  4    +0.0091    +0.0079    +0.0087  -7.7070e-04      0.021 
 146    0   32  5    -0.0010    +0.0006    -0.0001  +6.2479e-04      0.021 
 176    4    6  1    -0.7136    -0.7117    -0.7134  +1.6357e-03      0.021 
 378   35   34  1    -0.0074    -0.0063    -0.0071  +7.4622e-04      0.021 
  79    0   22  2    +0.0000    -0.0001    -0.0006  +5.4194e-04      0.021 
 188    1   17  1    -0.5985    -0.6028    -0.6014  -1.4360e-03      0.020 
  81    0   24  2    +0.0000    +0.0041    +0.0046  -5.0790e-04      0.020 
  77    0   20  2    -0.0030    +0.0001    -0.0005  +6.3397e-04      0.020 
 167    0   53  5    -0.0150    -0.0147    -0.0140  -6.3246e-04      0.020 
 367   25   24  1    -0.0190    -0.0208    -0.0200  -8.0787e-04      0.020 
 221   37   38  1    +0.0181    +0.0169    +0.0176  -6.8096e-04      0.019 
 204   22   23  1    -0.1536    -0.1518    -0.1510  -8.7449e-04      0.019 
  91    0   34  2    +0.0000    -0.0026    -0.0032  +6.1461e-04      0.019 
 102    0   45  2    -0.0000    +0.0045    +0.0040  +5.0355e-04      0.018 
 116    0    2  5    -0.3020    -0.2981    -0.2989  +7.1797e-04      0.018 
  45    0   45  6    +1.0638    +1.0633    +1.0621  +1.2737e-03      0.018 
 442   20   21  4    +0.0065    +0.0032    +0.0026  +6.6287e-04      0.017 
 107    0   50  2    -0.0310    -0.0315    -0.0310  -5.5368e-04      0.017 
 235   50   51  1    -0.0845    -0.0875    -0.0867  -7.6644e-04      0.017 
 136    0   22  5    +0.0000    +0.0002    -0.0003  +4.5960e-04      0.017 
 227   41   43  1    -0.0351    -0.0355    -0.0349  -6.8339e-04      0.017 
 150    0   36  5    +0.0000    -0.0050    -0.0046  -4.4164e-04      0.016 
 372   29    7  1    -0.3256    -0.3300    -0.3292  -8.5490e-04      0.016 
 170    0   56  5    -0.0030    -0.0024    -0.0028  +4.2235e-04      0.016 
 181    9   11  1    +0.7217    +0.7222    +0.7210  +1.1967e-03      0.015 
 258    6    8  4    +0.2100    +0.2108    +0.2100  +8.2344e-04      0.015 
 279   14   15  4    -0.3086    -0.3084    -0.3093  +8.6862e-04      0.015 
 481   55   54  4    +0.0200    +0.0196    +0.0202  -5.7151e-04      0.015 
 348   17    1  1    +0.6081    +0.6121    +0.6111  +1.0167e-03      0.014 
 306   41   42  4    -0.0218    -0.0215    -0.0221  +5.6862e-04      0.014 
 376   33   32  1    -0.0060    -0.0034    -0.0029  -5.0462e-04      0.014 
 251    9   55  1    -0.0034    -0.0004    -0.0009  +4.8532e-04      0.014 
 145    0   31  5    -0.0040    -0.0021    -0.0017  -4.4095e-04      0.014 
 228   38   44  1    +0.2034    +0.2011    +0.2005  +6.8257e-04      0.014 
 194   10   12  1    +0.2609    +0.2659    +0.2652  +7.3376e-04      0.013 
 113    0   56  2    -0.0110    -0.0104    -0.0101  -3.6734e-04      0.013 
 321   54   55  4    -0.0198    -0.0206    -0.0201  -5.1417e-04      0.013 
 464   38   22  4    +0.0694    +0.0709    +0.0704  +5.0150e-04      0.013 
 161    0   47  5    -0.0170    -0.0205    -0.0209  +3.8913e-04      0.013 
  71    0   14  2    -0.0160    -0.0145    -0.0148  +2.9303e-04      0.012 
 387   43   41  1    +0.0351    +0.0354    +0.0349  +5.0339e-04      0.012 
 196   12   13  1    -0.0330    -0.0300    -0.0296  -4.3105e-04      0.011 
 472   48   47  4    -0.1438    -0.1404    -0.1399  -5.1865e-04      0.011 
 151    0   37  5    -0.0000    +0.0009    +0.0006  +3.0658e-04      0.011 
  78    0   21  2    -0.0000    -0.0004    -0.0001  -3.3372e-04      0.010 
 165    0   51  5    -0.0080    -0.0060    -0.0064  +3.1855e-04      0.010 
 226   41   42  1    +0.0324    +0.0328    +0.0324  +3.9374e-04      0.010 
 217   34   32  1    -0.0074    -0.0106    -0.0102  -3.3682e-04      0.009 
 216   32   33  1    +0.0060    +0.0026    +0.0029  -3.1646e-04      0.009 
  31    0   31  6    +1.1132    +1.1117    +1.1111  +6.2312e-04      0.009 
 134    0   20  5    -0.0010    -0.0045    -0.0042  -2.5473e-04      0.008 
 465   41   11  4    +0.0191    +0.0197    +0.0200  -3.0456e-04      0.007 
 231   46   47  1    -0.0037    -0.0054    -0.0052  -2.5219e-04      0.007 
 256    4    6  4    +0.2495    +0.2461    +0.2465  -3.4667e-04      0.006 
 476   51   10  4    +0.0618    +0.0623    +0.0625  -2.4078e-04      0.006 
  95    0   38  2    -0.0210    -0.0223    -0.0225  +1.4095e-04      0.006 
  98    0   41  2    -0.0090    -0.0086    -0.0087  +1.5181e-04      0.006 
 130    0   16  5    -0.0040    -0.0024    -0.0023  -1.3734e-04      0.005 
 131    0   17  5    -0.0120    -0.0101    -0.0102  +1.3138e-04      0.005 
  90    0   33  2    -0.0060    -0.0027    -0.0029  +1.7538e-04      0.005 
 480   54   53  4    +0.0179    +0.0160    +0.0162  -1.7827e-04      0.005 
  70    0   13  2    -0.0270    -0.0221    -0.0222  +8.0507e-05      0.004 
 436   13   12  4    -0.2033    -0.2021    -0.2020  -1.3803e-04      0.003 
 402   43   11  1    -0.0381    -0.0381    -0.0380  -6.5601e-05      0.002 
  89    0   32  2    -0.0020    +0.0014    +0.0014  -4.9423e-05      0.002 
 104    0   47  2    -0.0450    -0.0439    -0.0438  -5.2881e-05      0.002 
 234   49   50  1    -0.0528    -0.0551    -0.0550  -5.8963e-05      0.001 
 417    7    6  4    -0.1232    -0.1225    -0.1225  -3.2738e-05      0.001 
----------------------------------------------------------------------------------
Não foram identificados erros grosseiros.
Não foram identificadas medidas críticas.
Possíveis conjuntos críticos:
Conjunto 1: 89 402
Conjunto 2: 90 131
Conjunto 3: 131 130
Conjunto 4: 98 95
Conjunto 5: 216 217
Conjunto 6: 151 472
Conjunto 7: 387 71
Conjunto 8: 161 464
Conjunto 9: 321 113
Conjunto 10: 228 145
Conjunto 11: 306 348
Conjunto 12: 181 170 372
Conjunto 13: 170 372
Conjunto 14: 227 136
Conjunto 15: 136 235
Conjunto 16: 235 107
Conjunto 17: 45 116
Conjunto 18: 204 221
Conjunto 19: 367 167 77
Conjunto 20: 167 77
Conjunto 21: 77 81
Conjunto 22: 378 176
Conjunto 23: 146 293 458
Conjunto 24: 293 458
Conjunto 25: 458 427
Conjunto 26: 154 211
Conjunto 27: 211 416
Conjunto 28: 447 393
Conjunto 29: 397 249 247
Conjunto 30: 249 247
Conjunto 31: 162 17 123 135
Conjunto 32: 17 123 135
Conjunto 33: 123 135
Conjunto 34: 438 76 315 410 408
Conjunto 35: 76 315 410 408
Conjunto 36: 315 410 408
Conjunto 37: 410 408
Conjunto 38: 408 106
Conjunto 39: 119 202
Conjunto 40: 338 440
Conjunto 41: 330 274
Conjunto 42: 294 403
Conjunto 43: 407 213 305
Conjunto 44: 213 305
Conjunto 45: 232 281 69 223
Conjunto 46: 281 69 223
Conjunto 47: 69 223
Conjunto 48: 120 380 101
Conjunto 49: 380 101 52
Conjunto 50: 101 52
Conjunto 51: 391 377 175
Conjunto 52: 377 175
Conjunto 53: 175 375
Conjunto 54: 230 96
Conjunto 55: 166 488 426
Conjunto 56: 488 426
Conjunto 57: 220 323 141
Conjunto 58: 323 141
Conjunto 59: 237 241 298 173
Conjunto 60: 241 298 173 108 97
Conjunto 61: 298 173 108 97 437
Conjunto 62: 173 108 97 437 327
Conjunto 63: 108 97 437 327 103 80
Conjunto 64: 97 437 327 103 80
Conjunto 65: 437 327 103 80
Conjunto 66: 327 103 80
Conjunto 67: 103 80
Conjunto 68: 80 177
Conjunto 69: 177 453 143 222
Conjunto 70: 453 143 222
Conjunto 71: 143 222 314
Conjunto 72: 222 314
Conjunto 73: 314 86 356
Conjunto 74: 86 356 168
Conjunto 75: 356 168
Conjunto 76: 2 33
Conjunto 77: 125 486
Conjunto 78: 340 75 287
Conjunto 79: 75 287
Conjunto 80: 148 269 354 307 448
Conjunto 81: 269 354 307 448
Conjunto 82: 354 307 448
Conjunto 83: 307 448 37 317
Conjunto 84: 448 37 317
Conjunto 85: 37 317
Conjunto 86: 205 250 182
Conjunto 87: 250 182
Conjunto 88: 392 382
Conjunto 89: 351 361 112
Conjunto 90: 361 112
Conjunto 91: 395 328 60
Conjunto 92: 328 60
Conjunto 93: 60 99
Conjunto 94: 411 171 275
Conjunto 95: 171 275 383
Conjunto 96: 275 383 364
Conjunto 97: 383 364 388
Conjunto 98: 364 388
Conjunto 99: 229 322 469 159
Conjunto 100: 322 469 159
Conjunto 101: 469 159
Conjunto 102: 159 443
Conjunto 103: 443 16 360 299
Conjunto 104: 16 360 299
Conjunto 105: 360 299
Conjunto 106: 299 331
Conjunto 107: 423 451
Conjunto 108: 14 473
Conjunto 109: 489 394 257
Conjunto 110: 394 257 483
Conjunto 111: 257 483 111 433
Conjunto 112: 483 111 433 485
Conjunto 113: 111 433 485
Conjunto 114: 433 485 137
Conjunto 115: 485 137 312
Conjunto 116: 137 312 337 169 248 18
Conjunto 117: 312 337 169 248 18 121 100
Conjunto 118: 337 169 248 18 121 100
Conjunto 119: 169 248 18 121 100 450
Conjunto 120: 248 18 121 100 450
Conjunto 121: 18 121 100 450
Conjunto 122: 121 100 450 283
Conjunto 123: 100 450 283 444
Conjunto 124: 450 283 444 93
Conjunto 125: 283 444 93
Conjunto 126: 444 93
Conjunto 127: 396 456
Conjunto 128: 456 72 133
Conjunto 129: 72 133 399 138
Conjunto 130: 133 399 138
Conjunto 131: 399 138 365
Conjunto 132: 138 365 144 155 358
Conjunto 133: 365 144 155 358 409 255
Conjunto 134: 144 155 358 409 255
Conjunto 135: 155 358 409 255
Conjunto 136: 358 409 255
Conjunto 137: 409 255 491
Conjunto 138: 255 491
Conjunto 139: 491 94 92
Conjunto 140: 94 92 419
Conjunto 141: 92 419
Conjunto 142: 419 262 336
Conjunto 143: 262 336 142
Conjunto 144: 336 142 309 15 49
Conjunto 145: 142 309 15 49 398
Conjunto 146: 309 15 49 398 240 139
Conjunto 147: 15 49 398 240 139
Conjunto 148: 49 398 240 139
Conjunto 149: 398 240 139
Conjunto 150: 240 139 218 124 455 278
Conjunto 151: 139 218 124 455 278
Conjunto 152: 218 124 455 278
Conjunto 153: 124 455 278
Conjunto 154: 455 278 271
Conjunto 155: 278 271
Conjunto 156: 271 379 319
Conjunto 157: 379 319
Conjunto 158: 201 390 318 224
Conjunto 159: 390 318 224 115 73
Conjunto 160: 318 224 115 73
Conjunto 161: 224 115 73
Conjunto 162: 115 73 66 1
Conjunto 163: 73 66 1
Conjunto 164: 66 1 400
Conjunto 165: 1 400 61
Conjunto 166: 400 61
Conjunto 167: 54 117
Conjunto 168: 84 290 214
Conjunto 169: 290 214
Conjunto 170: 127 406
Conjunto 171: 420 425
Conjunto 172: 487 352 263 20
Conjunto 173: 352 263 20 225
Conjunto 174: 263 20 225 200
Conjunto 175: 20 225 200 163
Conjunto 176: 225 200 163
Conjunto 177: 200 163 236
Conjunto 178: 163 236 203 253
Conjunto 179: 236 203 253
Conjunto 180: 203 253
Conjunto 181: 63 153 85 197
Conjunto 182: 153 85 197
Conjunto 183: 85 197 272 191
Conjunto 184: 197 272 191
Conjunto 185: 272 191 424
Conjunto 186: 191 424
Conjunto 187: 424 353 260
Conjunto 188: 353 260 297 5
Conjunto 189: 260 297 5 83
Conjunto 190: 297 5 83
Conjunto 191: 5 83 289
Conjunto 192: 83 289 454 286
Conjunto 193: 289 454 286 3 349 404 50 374 304 401
Conjunto 194: 454 286 3 349 404 50 374 304 401 140 199
Conjunto 195: 286 3 349 404 50 374 304 401 140 199
Conjunto 196: 3 349 404 50 374 304 401 140 199
Conjunto 197: 349 404 50 374 304 401 140 199
Conjunto 198: 404 50 374 304 401 140 199
Conjunto 199: 50 374 304 401 140 199
Conjunto 200: 374 304 401 140 199
Conjunto 201: 304 401 140 199
Conjunto 202: 401 140 199 300
Conjunto 203: 140 199 300
Conjunto 204: 199 300
Conjunto 205: 300 35
Conjunto 206: 12 432 6 288 326
Conjunto 207: 432 6 288 326
Conjunto 208: 6 288 326
Conjunto 209: 288 326
Conjunto 210: 316 371 273 343 59
Conjunto 211: 371 273 343 59
Conjunto 212: 273 343 59
Conjunto 213: 343 59
Conjunto 214: 128 381 434
Conjunto 215: 381 434 324 44
Conjunto 216: 434 324 44
Conjunto 217: 324 44 461
Conjunto 218: 44 461
Conjunto 219: 461 457
Conjunto 220: 457 363 56 355 160 389
Conjunto 221: 363 56 355 160 389 23 345 11
Conjunto 222: 56 355 160 389 23 345 11 246
Conjunto 223: 355 160 389 23 345 11 246 157 435
Conjunto 224: 160 389 23 345 11 246 157 435
Conjunto 225: 389 23 345 11 246 157 435
Conjunto 226: 23 345 11 246 157 435 320
Conjunto 227: 345 11 246 157 435 320
Conjunto 228: 11 246 157 435 320
Conjunto 229: 246 157 435 320 475
Conjunto 230: 157 435 320 475
Conjunto 231: 435 320 475
Conjunto 232: 320 475 207 386
Conjunto 233: 475 207 386 466 368
Conjunto 234: 207 386 466 368 114 185 439
Conjunto 235: 386 466 368 114 185 439
Conjunto 236: 466 368 114 185 439
Conjunto 237: 368 114 185 439 310 64
Conjunto 238: 114 185 439 310 64
Conjunto 239: 185 439 310 64 239
Conjunto 240: 439 310 64 239
Conjunto 241: 310 64 239 233 209 55 369
Conjunto 242: 64 239 233 209 55 369 366
Conjunto 243: 239 233 209 55 369 366
Conjunto 244: 233 209 55 369 366
Conjunto 245: 209 55 369 366
Conjunto 246: 55 369 366
Conjunto 247: 369 366 189
Conjunto 248: 366 189
Conjunto 249: 189 267
Conjunto 250: 267 478
Conjunto 251: 478 452 149
Conjunto 252: 452 149 471 460
Conjunto 253: 149 471 460 284
Conjunto 254: 471 460 284 9
Conjunto 255: 460 284 9 147
Conjunto 256: 284 9 147
Conjunto 257: 9 147 384
Conjunto 258: 147 384
Conjunto 259: 57 152 42 156
Conjunto 260: 152 42 156 30 422 441
Conjunto 261: 42 156 30 422 441
Conjunto 262: 156 30 422 441 325
Conjunto 263: 30 422 441 325
Conjunto 264: 422 441 325
Conjunto 265: 441 325
Conjunto 266: 325 303 68
Conjunto 267: 303 68 172 158 36
Conjunto 268: 68 172 158 36
Conjunto 269: 172 158 36
Conjunto 270: 158 36 482
Conjunto 271: 36 482
Conjunto 272: 482 418
Conjunto 273: 418 490 370 206
Conjunto 274: 490 370 206 266
Conjunto 275: 370 206 266
Conjunto 276: 206 266
Conjunto 277: 266 265
Conjunto 278: 308 385 428
Conjunto 279: 385 428
Conjunto 280: 428 126
Conjunto 281: 126 280 22 405 26 244 190 477
Conjunto 282: 280 22 405 26 244 190 477
Conjunto 283: 22 405 26 244 190 477
Conjunto 284: 405 26 244 190 477
Conjunto 285: 26 244 190 477 313
Conjunto 286: 244 190 477 313 445
Conjunto 287: 190 477 313 445
Conjunto 288: 477 313 445
Conjunto 289: 313 445
Conjunto 290: 4 88 421 277 414 210
Conjunto 291: 88 421 277 414 210
Conjunto 292: 421 277 414 210 39
Conjunto 293: 277 414 210 39
Conjunto 294: 414 210 39 329
Conjunto 295: 210 39 329
Conjunto 296: 39 329
Conjunto 297: 259 24 470
Conjunto 298: 24 470 180
Conjunto 299: 470 180
Conjunto 300: 122 51 339
Conjunto 301: 51 339
Conjunto 302: 238 474
Conjunto 303: 474 242
Conjunto 304: 242 40 47 268
Conjunto 305: 40 47 268
Conjunto 306: 47 268
Conjunto 307: 268 357
Conjunto 308: 357 192 413
Conjunto 309: 192 413 302 449 479
Conjunto 310: 413 302 449 479 285
Conjunto 311: 302 449 479 285
Conjunto 312: 449 479 285
Conjunto 313: 479 285
Conjunto 314: 87 164
Conjunto 315: 28 184 362
Conjunto 316: 184 362
Conjunto 317: 32 292
Conjunto 318: 261 282 344
Conjunto 319: 282 344
Conjunto 320: 8 463 48
Conjunto 321: 463 48
Conjunto 322: 459 335
Conjunto 323: 311 21
Conjunto 324: 359 187 29
Conjunto 325: 187 29 429
Conjunto 326: 29 429
Conjunto 327: 25 129 27
Conjunto 328: 129 27
Conjunto 329: 27 46
Conjunto 330: 46 212 34 254
Conjunto 331: 212 34 254
Conjunto 332: 34 254 13
Conjunto 333: 254 13
Conjunto 334: 13 43 65 38
Conjunto 335: 43 65 38 74
Conjunto 336: 65 38 74
Conjunto 337: 38 74 195
Conjunto 338: 74 195 178 301
Conjunto 339: 195 178 301
Conjunto 340: 178 301
Conjunto 341: 412 82
Conjunto 342: 82 252
Conjunto 343: 252 342
Conjunto 344: 7 347
Conjunto 345: 347 67
Conjunto 346: 67 10
Conjunto 347: 10 415
Conjunto 348: 415 53
Conjunto 349: 183 41
Conjunto 350: 332 174
Conjunto 351: 186 431
Conjunto 352: 334 346
