================================================================================= 
=== UFF - Doutorado em Computação - Aplicaçoes em Sistemas de Potencia        === 
=== ESTIMADOR DE ESTADO MÍNIMOS QUADRADOS PONDERADOS INCLUINDO MEDIDAS DE PMU === 
=== Desenvolvido por: Rui Menezes de Moraes - 2009                            === 
================================================================================= 
Arquivo de medidores:          F:\Documents\Uff\Artigos\SimSEP\VERSAO WELDAN V2\Codigos\Med\ieee57_11_1100.med
Arquivo do sistema:            F:\Documents\Uff\Artigos\SimSEP\VERSAO WELDAN V2\Codigos\Carga\ieee57_11_1100.txt
Tolerância entre iteraçoes:     1.00e-04
Limite de iteraçoes:           100

--- DADOS DA REDE --------------------------------------------------------------- 
Data do caso:                  08/25/93
Origem:                        UW ARCHIVE          
MVA base:                      100
Ano:                           1961
Estação:                       W
Identificação:                 IEEE 57 Bus Test Case
Número de barras:              57 
Número de ramos:               80 
Referência na barra:           1

--- TELEMEDIDAS ------------------------------------------------------------------
    Tipo 1 = Fluxo de potencia ativa        Tipo  6 = Módulo da tensão            
    Tipo 2 = Injeção de potencia ativa      Tipo  7 = Corrente de ramo (real)     
    Tipo 3 = Ângulo de fase da tensão       Tipo  8 = Corrente de ramo (imag)     
    Tipo 4 = Fluxo de potencia reativa      Tipo  9 = Injeção de corrente (real)  
    Tipo 5 = Injeção de potencia reativa    Tipo 10 = Injeção de corrente (imag)  
----------------------------------------------------------------------------------
   N    D    P TP  PN ST   Exa   FS       DP      V_Ref      V_Med          E(%) 
----------------------------------------------------------------------------------
   1    0    1  6   0  0 0.015 01.1  0.00520   +1.04000   +1.04345     +0.331731 
   2    0    2  6   0  0 0.015 01.1  0.00505   +1.01000   +1.00628     -0.368317 
   3    0    3  6   0  0 0.015 01.1  0.00504   +1.00758   +0.99774     -0.976597 
   4    0    4  6   0  0 0.015 01.1  0.00496   +0.99244   +0.97934     -1.319979 
   5    0    5  6   0  0 0.015 01.1  0.00489   +0.97767   +0.96748     -1.042274 
   6    0    6  6   0  0 0.015 01.1  0.00490   +0.98000   +0.97657     -0.350000 
   7    0    7  6   0  0 0.015 01.1  0.00489   +0.97825   +0.96396     -1.460772 
   8    0    8  6   0  0 0.015 01.1  0.00502   +1.00500   +1.01903     +1.396020 
   9    0    9  6   0  0 0.015 01.1  0.00493   +0.98549   +0.98011     -0.545921 
  10    0   10  6   0  0 0.015 01.1  0.00489   +0.97876   +0.99214     +1.367036 
  11    0   11  6   0  0 0.015 01.1  0.00485   +0.97022   +0.95651     -1.413082 
  12    0   12  6   0  0 0.015 01.1  0.00507   +1.01500   +1.01187     -0.308374 
  13    0   13  6   0  0 0.015 01.1  0.00487   +0.97400   +0.96751     -0.666324 
  14    0   14  6   0  0 0.015 01.1  0.00482   +0.96318   +0.95919     -0.414253 
  15    0   15  6   0  0 0.015 01.1  0.00494   +0.98772   +0.99603     +0.841332 
  16    0   16  6   0  0 0.015 01.1  0.00507   +1.01408   +1.01243     -0.162709 
  17    0   17  6   0  0 0.015 01.1  0.00509   +1.01723   +1.00372     -1.328117 
  18    0   18  6   0  0 0.015 01.1  0.00500   +1.00061   +0.98704     -1.356173 
  19    0   19  6   0  0 0.015 01.1  0.00475   +0.95064   +0.95152     +0.092569 
  20    0   20  6   0  0 0.015 01.1  0.00469   +0.93717   +0.94467     +0.800282 
  21    0   21  6   0  0 0.015 01.1  0.00490   +0.98104   +0.98441     +0.343513 
  22    0   22  6   0  0 0.015 01.1  0.00491   +0.98147   +0.99421     +1.298053 
  23    0   23  6   0  0 0.015 01.1  0.00490   +0.97906   +0.98733     +0.844688 
  24    0   24  6   0  0 0.015 01.1  0.00480   +0.95948   +0.96681     +0.763955 
  25    0   25  6   0  0 0.015 01.1  0.00459   +0.91719   +0.91241     -0.521157 
  26    0   26  6   0  0 0.015 01.1  0.00462   +0.92374   +0.92435     +0.066036 
  27    0   27  6   0  0 0.015 01.1  0.00478   +0.95633   +0.96051     +0.437088 
  28    0   28  6   0  0 0.015 01.1  0.00489   +0.97731   +0.97764     +0.033766 
  29    0   29  6   0  0 0.015 01.1  0.00498   +0.99549   +1.00033     +0.486193 
  30    0   30  6   0  0 0.015 01.1  0.00445   +0.88986   +0.88269     -0.805745 
  31    0   31  6   0  0 0.015 01.1  0.00427   +0.85453   +0.86691     +1.448750 
  32    0   32  6   0  0 0.015 01.1  0.00440   +0.88007   +0.86913     -1.243083 
  33    0   33  6   0  0 0.015 01.1  0.00438   +0.87680   +0.87451     -0.261177 
  34    0   34  6   0  0 0.015 01.1  0.00455   +0.91060   +0.92385     +1.455085 
  35    0   35  6   0  0 0.015 01.1  0.00461   +0.92160   +0.92120     -0.043403 
  36    0   36  6   0  0 0.015 01.1  0.00468   +0.93594   +0.93908     +0.335492 
  37    0   37  6   0  0 0.015 01.1  0.00474   +0.94846   +0.93455     -1.466588 
  38    0   38  6   0  0 0.015 01.1  0.00493   +0.98628   +0.99422     +0.805045 
  39    0   39  6   0  0 0.015 01.1  0.00473   +0.94592   +0.95277     +0.724163 
  40    0   40  6   0  0 0.015 01.1  0.00466   +0.93268   +0.92477     -0.848094 
  41    0   41  6   0  0 0.015 01.1  0.00488   +0.97515   +0.97214     -0.308670 
  42    0   42  6   0  0 0.015 01.1  0.00465   +0.92982   +0.92320     -0.711966 
  43    0   43  6   0  0 0.015 01.1  0.00500   +1.00025   +0.98760     -1.264684 
  44    0   44  6   0  0 0.015 01.1  0.00498   +0.99511   +0.98676     -0.839103 
  45    0   45  6   0  0 0.015 01.1  0.00514   +1.02887   +1.02840     -0.045681 
  46    0   46  6   0  0 0.015 01.1  0.00523   +1.04669   +1.04717     +0.045859 
  47    0   47  6   0  0 0.015 01.1  0.00506   +1.01222   +1.02251     +1.016577 
  48    0   48  6   0  0 0.015 01.1  0.00502   +1.00473   +1.00211     -0.260767 
  49    0   49  6   0  0 0.015 01.1  0.00508   +1.01650   +1.01352     -0.293163 
  50    0   50  6   0  0 0.015 01.1  0.00500   +1.00023   +1.01381     +1.357688 
  51    0   51  6   0  0 0.015 01.1  0.00521   +1.04155   +1.03640     -0.494455 
  52    0   52  6   0  0 0.015 01.1  0.00477   +0.95473   +0.94424     -1.098740 
  53    0   53  6   0  0 0.015 01.1  0.00471   +0.94160   +0.94712     +0.586236 
  54    0   54  6   0  0 0.015 01.1  0.00491   +0.98162   +0.99407     +1.268312 
  55    0   55  6   0  0 0.015 01.1  0.00517   +1.03383   +1.03345     -0.036757 
  56    0   56  6   0  0 0.015 01.1  0.00464   +0.92788   +0.92804     +0.017244 
  57    0   57  6   0  0 0.015 01.1  0.00460   +0.92087   +0.90719     -1.485552 
  58    0    1  2   0  0 0.020 01.0  0.00746   +0.85883   +0.84489     -1.623138 
  59    0    2  2   0  0 0.020 01.0  0.00200   -0.04000   -0.03664     -8.400000 
  60    0    3  2   0  0 0.020 01.0  0.02737   +3.84600   +3.86420     +0.473219 
  61    0    4  2   0  0 0.020 01.0  0.00173   -0.00000   +0.00304     +0.000000 
  62    0    5  2   0  0 0.020 01.0  0.00288   -0.17200   -0.16616     -3.395349 
  63    0    6  2   0  0 0.020 01.0  0.00833   -0.99000   -0.98063     -0.946465 
  64    0    7  2   0  0 0.020 01.0  0.00173   +0.00000   -0.00435     +0.000000 
  65    0    8  2   0  0 0.020 01.0  0.00853   +1.02000   +1.03567     +1.536275 
  66    0    9  2   0  0 0.020 01.0  0.00286   -0.16900   -0.17527     +3.710059 
  67    0   10  2   0  0 0.020 01.0  0.00265   -0.13800   -0.13689     -0.804348 
  68    0   11  2   0  0 0.020 01.0  0.00173   +0.00000   +0.00078     +0.000000 
  69    0   12  2   0  0 0.020 01.0  0.01189   +1.52400   +1.48947     -2.265748 
  70    0   13  2   0  0 0.020 01.0  0.00332   -0.23800   -0.22934     -3.638655 
  71    0   14  2   0  0 0.020 01.0  0.00266   -0.13900   -0.13717     -1.316547 
  72    0   15  2   0  0 0.020 01.0  0.00367   -0.29000   -0.28629     -1.279310 
  73    0   16  2   0  0 0.020 01.0  0.00552   -0.56800   -0.57059     +0.455986 
  74    0   17  2   0  0 0.020 01.0  0.00543   -0.55400   -0.54740     -1.191336 
  75    0   18  2   0  0 0.020 01.0  0.00413   -0.35900   -0.35973     +0.203343 
  76    0   19  2   0  0 0.020 01.0  0.00203   -0.04400   -0.04511     +2.522727 
  77    0   20  2   0  0 0.020 01.0  0.00193   -0.03000   -0.02433    -18.900000 
  78    0   21  2   0  0 0.020 01.0  0.00173   -0.00000   -0.00015     +0.000000 
  79    0   22  2   0  0 0.020 01.0  0.00173   -0.00000   -0.00398     +0.000000 
  80    0   23  2   0  0 0.020 01.0  0.00229   -0.08300   -0.07809     -5.915663 
  81    0   24  2   0  0 0.020 01.0  0.00173   +0.00000   -0.00164     +0.000000 
  82    0   25  2   0  0 0.020 01.0  0.00229   -0.08300   -0.08552     +3.036145 
  83    0   26  2   0  0 0.020 01.0  0.00173   +0.00000   -0.00127     +0.000000 
  84    0   27  2   0  0 0.020 01.0  0.00255   -0.12300   -0.11733     -4.609756 
  85    0   28  2   0  0 0.020 01.0  0.00214   -0.06100   -0.06060     -0.655738 
  86    0   29  2   0  0 0.020 01.0  0.00323   -0.22400   -0.23319     +4.102679 
  87    0   30  2   0  0 0.020 01.0  0.00205   -0.04800   -0.05110     +6.458333 
  88    0   31  2   0  0 0.020 01.0  0.00225   -0.07700   -0.07398     -3.922078 
  89    0   32  2   0  0 0.020 01.0  0.00187   -0.02100   -0.02176     +3.619048 
  90    0   33  2   0  0 0.020 01.0  0.00207   -0.05000   -0.05296     +5.920000 
  91    0   34  2   0  0 0.020 01.0  0.00173   -0.00000   -0.00323     +0.000000 
  92    0   35  2   0  0 0.020 01.0  0.00226   -0.07900   -0.08287     +4.898734 
  93    0   36  2   0  0 0.020 01.0  0.00173   -0.00000   -0.00005     +0.000000 
  94    0   37  2   0  0 0.020 01.0  0.00173   +0.00000   -0.00486     +0.000000 
  95    0   38  2   0  0 0.020 01.0  0.00297   -0.18500   -0.18727     +1.227027 
  96    0   39  2   0  0 0.020 01.0  0.00173   +0.00000   -0.00149     +0.000000 
  97    0   40  2   0  0 0.020 01.0  0.00173   +0.00000   -0.00234     +0.000000 
  98    0   41  2   0  0 0.020 01.0  0.00229   -0.08300   -0.08623     +3.891566 
  99    0   42  2   0  0 0.020 01.0  0.00236   -0.09400   -0.09054     -3.680851 
 100    0   43  2   0  0 0.020 01.0  0.00191   -0.02600   -0.03021    +16.192308 
 101    0   44  2   0  0 0.020 01.0  0.00279   -0.15800   -0.15293     -3.208861 
 102    0   45  2   0  0 0.020 01.0  0.00173   +0.00000   -0.00203     +0.000000 
 103    0   46  2   0  0 0.020 01.0  0.00173   +0.00000   -0.00163     +0.000000 
 104    0   47  2   0  0 0.020 01.0  0.00435   -0.39200   -0.38784     -1.061224 
 105    0   48  2   0  0 0.020 01.0  0.00173   -0.00000   -0.00479     +0.000000 
 106    0   49  2   0  0 0.020 01.0  0.00332   -0.23800   -0.23258     -2.277311 
 107    0   50  2   0  0 0.020 01.0  0.00358   -0.27700   -0.27292     -1.472924 
 108    0   51  2   0  0 0.020 01.0  0.00332   -0.23800   -0.22949     -3.575630 
 109    0   52  2   0  0 0.020 01.0  0.00217   -0.06500   -0.07069     +8.753846 
 110    0   53  2   0  0 0.020 01.0  0.00349   -0.26400   -0.26007     -1.488636 
 111    0   54  2   0  0 0.020 01.0  0.00209   -0.05400   -0.05117     -5.240741 
 112    0   55  2   0  0 0.020 01.0  0.00233   -0.09000   -0.08515     -5.388889 
 113    0   56  2   0  0 0.020 01.0  0.00240   -0.10000   -0.09923     -0.770000 
 114    0   57  2   0  0 0.020 01.0  0.00232   -0.08800   -0.08323     -5.420455 
 115    0    1  5   0  0 0.020 01.0  0.01361   +1.78170   +1.74486     -2.067688 
 116    0    2  5   0  0 0.020 01.0  0.00909   -1.10321   -1.08909     -1.279901 
 117    0    3  5   0  0 0.020 01.0  0.00425   -0.37700   -0.37252     -1.188329 
 118    0    4  5   0  0 0.020 01.0  0.00173   +0.00000   +0.00389     +0.000000 
 119    0    5  5   0  0 0.020 01.0  0.00209   -0.05300   -0.05512     +4.000000 
 120    0    6  5   0  0 0.020 01.0  0.00279   +0.15878   +0.15909     +0.195239 
 121    0    7  5   0  0 0.020 01.0  0.00173   +0.00000   -0.00048     +0.000000 
 122    0    8  5   0  0 0.020 01.0  0.00615   +0.66232   +0.65050     -1.784636 
 123    0    9  5   0  0 0.020 01.0  0.00217   -0.06600   -0.06147     -6.863636 
 124    0   10  5   0  0 0.020 01.0  0.00210   -0.05500   -0.06072    +10.400000 
 125    0   11  5   0  0 0.020 01.0  0.00173   +0.00000   +0.00025     +0.000000 
 126    0   12  5   0  0 0.020 01.0  0.00589   +0.62341   +0.61397     -1.514252 
 127    0   13  5   0  0 0.020 01.0  0.00193   -0.03000   -0.02532    -15.600000 
 128    0   14  5   0  0 0.020 01.0  0.00220   -0.07000   -0.06946     -0.771429 
 129    0   15  5   0  0 0.020 01.0  0.00217   -0.06600   -0.07123     +7.924242 
 130    0   16  5   0  0 0.020 01.0  0.00200   -0.04000   -0.03571    -10.725000 
 131    0   17  5   0  0 0.020 01.0  0.00244   -0.10600   -0.11269     +6.311321 
 132    0   18  5   0  0 0.020 01.0  0.00259   -0.12900   -0.13457     +4.317829 
 133    0   19  5   0  0 0.020 01.0  0.00179   -0.00800   -0.01103    +37.875000 
 134    0   20  5   0  0 0.020 01.0  0.00182   -0.01300   -0.00997    -23.307692 
 135    0   21  5   0  0 0.020 01.0  0.00173   +0.00000   -0.00148     +0.000000 
 136    0   22  5   0  0 0.020 01.0  0.00173   +0.00000   -0.00494     +0.000000 
 137    0   23  5   0  0 0.020 01.0  0.00192   -0.02800   -0.02415    -13.750000 
 138    0   24  5   0  0 0.020 01.0  0.00173   -0.00000   -0.00142     +0.000000 
 139    0   25  5   0  0 0.020 01.0  0.00201   -0.04200   -0.03851     -8.309524 
 140    0   26  5   0  0 0.020 01.0  0.00173   +0.00000   +0.00395     +0.000000 
 141    0   27  5   0  0 0.020 01.0  0.00178   -0.00700   -0.00511    -27.000000 
 142    0   28  5   0  0 0.020 01.0  0.00193   -0.03000   -0.02948     -1.733333 
 143    0   29  5   0  0 0.020 01.0  0.00196   -0.03400   -0.02931    -13.794118 
 144    0   30  5   0  0 0.020 01.0  0.00189   -0.02400   -0.02855    +18.958333 
 145    0   31  5   0  0 0.020 01.0  0.00199   -0.03800   -0.04288    +12.842105 
 146    0   32  5   0  0 0.020 01.0  0.00181   -0.01100   -0.01605    +45.909091 
 147    0   33  5   0  0 0.020 01.0  0.00190   -0.02500   -0.02700     +8.000000 
 148    0   34  5   0  0 0.020 01.0  0.00173   -0.00000   -0.00347     +0.000000 
 149    0   35  5   0  0 0.020 01.0  0.00200   -0.04000   -0.03402    -14.950000 
 150    0   36  5   0  0 0.020 01.0  0.00173   +0.00000   -0.00088     +0.000000 
 151    0   37  5   0  0 0.020 01.0  0.00173   +0.00000   +0.00265     +0.000000 
 152    0   38  5   0  0 0.020 01.0  0.00235   -0.09200   -0.08928     -2.956522 
 153    0   39  5   0  0 0.020 01.0  0.00173   -0.00000   +0.00281     +0.000000 
 154    0   40  5   0  0 0.020 01.0  0.00173   -0.00000   +0.00429     +0.000000 
 155    0   41  5   0  0 0.020 01.0  0.00200   -0.04000   -0.04227     +5.675000 
 156    0   42  5   0  0 0.020 01.0  0.00212   -0.05800   -0.06176     +6.482759 
 157    0   43  5   0  0 0.020 01.0  0.00182   -0.01300   -0.01766    +35.846154 
 158    0   44  5   0  0 0.020 01.0  0.00189   -0.02400   -0.02301     -4.125000 
 159    0   45  5   0  0 0.020 01.0  0.00173   +0.00000   +0.00044     +0.000000 
 160    0   46  5   0  0 0.020 01.0  0.00173   +0.00000   +0.00150     +0.000000 
 161    0   47  5   0  0 0.020 01.0  0.00275   -0.15300   -0.15138     -1.058824 
 162    0   48  5   0  0 0.020 01.0  0.00173   +0.00000   -0.00052     +0.000000 
 163    0   49  5   0  0 0.020 01.0  0.00248   -0.11200   -0.11702     +4.482143 
 164    0   50  5   0  0 0.020 01.0  0.00266   -0.13900   -0.13477     -3.043165 
 165    0   51  5   0  0 0.020 01.0  0.00220   -0.07000   -0.06362     -9.114286 
 166    0   52  5   0  0 0.020 01.0  0.00193   -0.02900   -0.03313    +14.241379 
 167    0   53  5   0  0 0.020 01.0  0.00261   -0.13200   -0.12686     -3.893939 
 168    0   54  5   0  0 0.020 01.0  0.00185   -0.01800   -0.01376    -23.555556 
 169    0   55  5   0  0 0.020 01.0  0.00203   -0.04500   -0.05024    +11.644444 
 170    0   56  5   0  0 0.020 01.0  0.00193   -0.02900   -0.02926     +0.896552 
 171    0   57  5   0  0 0.020 01.0  0.00191   -0.02600   -0.02327    -10.500000 
 172    1    2  1   0  0 0.020 01.0  0.00450   -0.41545   -0.40914     -1.518835 
 173    2    3  1   0  0 0.020 01.0  0.00486   -0.46868   -0.45947     -1.965093 
 174    3    4  1   0  0 0.020 01.0  0.01276   +1.65429   +1.65685     +0.154749 
 175    4    5  1   0  0 0.020 01.0  0.00518   +0.51738   +0.51927     +0.365302 
 176    4    6  1   0  0 0.020 01.0  0.00620   +0.66960   +0.66389     -0.852748 
 177    6    7  1   0  0 0.020 01.0  0.00259   +0.12876   +0.12955     +0.613545 
 178    6    8  1   0  0 0.020 01.0  0.00271   -0.14584   -0.15362     +5.334613 
 179    8    9  1   0  0 0.020 01.0  0.00391   +0.32646   +0.33201     +1.700055 
 180    9   10  1   0  0 0.020 01.0  0.00219   +0.06896   +0.07336     +6.380510 
 181    9   11  1   0  0 0.020 01.0  0.00205   +0.04725   +0.05139     +8.761905 
 182    9   12  1   0  0 0.020 01.0  0.00287   -0.17026   -0.17829     +4.716316 
 183    9   13  1   0  0 0.020 01.0  0.00239   -0.09841   -0.09251     -5.995326 
 184   13   14  1   0  0 0.020 01.0  0.00180   +0.00942   +0.00505    -46.390658 
 185   13   15  1   0  0 0.020 01.0  0.00497   -0.48569   -0.47523     -2.153637 
 186    1   15  1   0  0 0.020 01.0  0.00441   +0.40110   +0.40168     +0.144602 
 187    1   16  1   0  0 0.020 01.0  0.00402   +0.34344   +0.33176     -3.400885 
 188    1   17  1   0  0 0.020 01.0  0.00526   +0.52975   +0.51803     -2.212364 
 189    3   15  1   0  0 0.020 01.0  0.01317   +1.71538   +1.72274     +0.429059 
 190    4   18  1   0  0 0.020 01.0  0.00301   +0.19170   +0.19571     +2.091810 
 191    4   18  1   0  0 0.020 01.0  0.00337   +0.24540   +0.23604     -3.814181 
 192    5    6  1   0  0 0.020 01.0  0.00392   +0.32760   +0.31999     -2.322955 
 193    7    8  1   0  0 0.020 01.0  0.00534   -0.54132   -0.54990     +1.585014 
 194   10   12  1   0  0 0.020 01.0  0.00499   -0.48819   -0.48176     -1.317110 
 195   11   13  1   0  0 0.020 01.0  0.00349   -0.26304   -0.25738     -2.151764 
 196   12   13  1   0  0 0.020 01.0  0.00570   +0.59433   +0.59739     +0.514865 
 197   12   16  1   0  0 0.020 01.0  0.00327   +0.23065   +0.23797     +3.173640 
 198   12   17  1   0  0 0.020 01.0  0.00194   +0.03077   +0.03024     -1.722457 
 199   14   15  1   0  0 0.020 01.0  0.00687   -0.77064   -0.75069     -2.588757 
 200   18   19  1   0  0 0.020 01.0  0.00225   +0.07810   +0.07485     -4.161332 
 201   19   20  1   0  0 0.020 01.0  0.00194   +0.03107   +0.03329     +7.145156 
 202   21   20  1   0  0 0.020 01.0  0.00174   -0.00074   +0.00027   -136.486486 
 203   21   22  1   0  0 0.020 01.0  0.00174   +0.00074   -0.00156   -310.810811 
 204   22   23  1   0  0 0.020 01.0  0.00304   +0.19605   +0.19203     -2.050497 
 205   23   24  1   0  0 0.020 01.0  0.00248   +0.11265   +0.11539     +2.432312 
 206   24   25  1   0  0 0.020 01.0  0.00234   +0.09067   +0.09503     +4.808647 
 207   24   25  1   0  0 0.020 01.0  0.00231   +0.08713   +0.08125     -6.748537 
 208   24   26  1   0  0 0.020 01.0  0.00218   -0.06735   -0.06906     +2.538976 
 209   26   27  1   0  0 0.020 01.0  0.00218   -0.06735   -0.06334     -5.953972 
 210   27   28  1   0  0 0.020 01.0  0.00301   -0.19230   -0.18401     -4.310972 
 211   28   29  1   0  0 0.020 01.0  0.00344   -0.25629   -0.24609     -3.979867 
 212    7   29  1   0  0 0.020 01.0  0.00620   +0.66974   +0.66697     -0.413593 
 213   25   30  1   0  0 0.020 01.0  0.00236   +0.09480   +0.09385     -1.002110 
 214   30   31  1   0  0 0.020 01.0  0.00203   +0.04476   +0.04279     -4.401251 
 215   31   32  1   0  0 0.020 01.0  0.00196   -0.03355   -0.03408     +1.579732 
 216   32   33  1   0  0 0.020 01.0  0.00207   +0.05016   +0.05351     +6.678628 
 217   34   32  1   0  0 0.020 01.0  0.00244   +0.10551   +0.10925     +3.544688 
 218   34   35  1   0  0 0.020 01.0  0.00244   -0.10551   -0.09831     -6.823998 
 219   35   36  1   0  0 0.020 01.0  0.00297   -0.18542   -0.19071     +2.852982 
 220   36   37  1   0  0 0.020 01.0  0.00326   -0.22956   -0.23199     +1.058547 
 221   37   38  1   0  0 0.020 01.0  0.00360   -0.27974   -0.27524     -1.608637 
 222   37   39  1   0  0 0.020 01.0  0.00205   +0.04782   +0.04367     -8.678377 
 223   36   40  1   0  0 0.020 01.0  0.00201   +0.04192   +0.03979     -5.081107 
 224   22   38  1   0  0 0.020 01.0  0.00303   -0.19531   -0.18969     -2.877477 
 225   11   41  1   0  0 0.020 01.0  0.00257   +0.12518   +0.12085     -3.459019 
 226   41   42  1   0  0 0.020 01.0  0.00254   +0.12058   +0.11797     -2.164538 
 227   41   43  1   0  0 0.020 01.0  0.00279   -0.15835   -0.15899     +0.404168 
 228   38   44  1   0  0 0.020 01.0  0.00388   -0.32195   -0.32539     +1.068489 
 229   15   45  1   0  0 0.020 01.0  0.00505   +0.49775   +0.48483     -2.595681 
 230   14   46  1   0  0 0.020 01.0  0.00600   +0.64026   +0.64044     +0.028114 
 231   46   47  1   0  0 0.020 01.0  0.00600   +0.64026   +0.63212     -1.271359 
 232   47   48  1   0  0 0.020 01.0  0.00332   +0.23746   +0.23880     +0.564306 
 233   48   49  1   0  0 0.020 01.0  0.00190   -0.02536   -0.03075    +21.253943 
 234   49   50  1   0  0 0.020 01.0  0.00242   +0.10226   +0.10391     +1.613534 
 235   50   51  1   0  0 0.020 01.0  0.00291   -0.17588   -0.17721     +0.756197 
 236   10   51  1   0  0 0.020 01.0  0.00453   +0.41895   +0.42290     +0.942833 
 237   13   49  1   0  0 0.020 01.0  0.00478   +0.45733   +0.45177     -1.215752 
 238   29   52  1   0  0 0.020 01.0  0.00297   +0.18595   +0.18222     -2.005916 
 239   52   53  1   0  0 0.020 01.0  0.00250   +0.11510   +0.11406     -0.903562 
 240   53   54  1   0  0 0.020 01.0  0.00273   -0.15013   -0.14931     -0.546193 
 241   54   55  1   0  0 0.020 01.0  0.00313   -0.20923   -0.21632     +3.388615 
 242   11   43  1   0  0 0.020 01.0  0.00296   +0.18435   +0.17778     -3.563873 
 243   44   45  1   0  0 0.020 01.0  0.00495   -0.48304   -0.49110     +1.668599 
 244   40   56  1   0  0 0.020 01.0  0.00201   +0.04181   +0.03706    -11.360918 
 245   56   41  1   0  0 0.020 01.0  0.00224   -0.07622   -0.08169     +7.176594 
 246   56   42  1   0  0 0.020 01.0  0.00188   -0.02259   -0.02611    +15.582116 
 247   39   57  1   0  0 0.020 01.0  0.00205   +0.04773   +0.04998     +4.714016 
 248   57   56  1   0  0 0.020 01.0  0.00200   -0.04027   -0.03978     -1.216787 
 249   38   49  1   0  0 0.020 01.0  0.00232   -0.08881   -0.08851     -0.337800 
 250   38   48  1   0  0 0.020 01.0  0.00345   -0.25792   -0.24876     -3.551489 
 251    9   55  1   0  0 0.020 01.0  0.00379   +0.30782   +0.31095     +1.016828 
 252    1    2  4   0  0 0.020 01.0  0.00957   +1.17588   +1.18844     +1.068136 
 253    2    3  4   0  0 0.020 01.0  0.00282   +0.16360   +0.16232     -0.782396 
 254    3    4  4   0  0 0.020 01.0  0.00212   -0.05792   -0.06112     +5.524862 
 255    4    5  4   0  0 0.020 01.0  0.00256   -0.12451   -0.11780     -5.389125 
 256    4    6  4   0  0 0.020 01.0  0.00234   -0.09181   -0.08756     -4.629125 
 257    6    7  4   0  0 0.020 01.0  0.00187   -0.02075   -0.01781    -14.168675 
 258    6    8  4   0  0 0.020 01.0  0.00263   -0.13426   -0.14117     +5.146730 
 259    8    9  4   0  0 0.020 01.0  0.00372   +0.29837   +0.30746     +3.046553 
 260    9   10  4   0  0 0.020 01.0  0.00176   +0.00334   +0.00498    +49.101796 
 261    9   11  4   0  0 0.020 01.0  0.00275   +0.15245   +0.15984     +4.847491 
 262    9   12  4   0  0 0.020 01.0  0.00237   -0.09501   -0.09437     -0.673613 
 263    9   13  4   0  0 0.020 01.0  0.00229   +0.08329   +0.08062     -3.205667 
 264   13   14  4   0  0 0.020 01.0  0.00330   +0.23480   +0.22666     -3.466780 
 265   13   15  4   0  0 0.020 01.0  0.00176   -0.00359   -0.00442    +23.119777 
 266    1   15  4   0  0 0.020 01.0  0.00486   +0.46955   +0.46568     -0.824193 
 267    1   16  4   0  0 0.020 01.0  0.00198   +0.03622   +0.04039    +11.512976 
 268    1   17  4   0  0 0.020 01.0  0.00240   +0.10005   +0.10702     +6.966517 
 269    3   15  4   0  0 0.020 01.0  0.00236   -0.09406   -0.10037     +6.708484 
 270    4   18  4   0  0 0.020 01.0  0.00208   +0.05151   +0.04973     -3.455640 
 271    4   18  4   0  0 0.020 01.0  0.00204   +0.04618   +0.05230    +13.252490 
 272    5    6  4   0  0 0.020 01.0  0.00300   -0.19002   -0.19155     +0.805178 
 273    7    8  4   0  0 0.020 01.0  0.00348   -0.26242   -0.26492     +0.952671 
 274   10   12  4   0  0 0.020 01.0  0.00291   -0.17660   -0.18351     +3.912797 
 275   11   13  4   0  0 0.020 01.0  0.00189   +0.02412   +0.02514     +4.228856 
 276   12   13  4   0  0 0.020 01.0  0.00513   +0.50938   +0.49850     -2.135930 
 277   12   16  4   0  0 0.020 01.0  0.00206   -0.04846   -0.04998     +3.136608 
 278   12   17  4   0  0 0.020 01.0  0.00203   -0.04388   -0.03858    -12.078396 
 279   14   15  4   0  0 0.020 01.0  0.00296   -0.18332   -0.17977     -1.936504 
 280   18   19  4   0  0 0.020 01.0  0.00188   +0.02188   +0.01899    -13.208410 
 281   19   20  4   0  0 0.020 01.0  0.00180   +0.00938   +0.01199    +27.825160 
 282   21   20  4   0  0 0.020 01.0  0.00176   +0.00414   +0.00231    -44.202899 
 283   21   22  4   0  0 0.020 01.0  0.00176   -0.00414   -0.00551    +33.091787 
 284   22   23  4   0  0 0.020 01.0  0.00192   +0.02812   +0.02804     -0.284495 
 285   23   24  4   0  0 0.020 01.0  0.00174   -0.00050   -0.00362   +624.000000 
 286   24   25  4   0  0 0.020 01.0  0.00200   +0.03987   +0.03732     -6.395786 
 287   24   25  4   0  0 0.020 01.0  0.00199   +0.03831   +0.03583     -6.473506 
 288   24   26  4   0  0 0.020 01.0  0.00223   -0.07417   -0.07511     +1.267359 
 289   26   27  4   0  0 0.020 01.0  0.00223   -0.07473   -0.07502     +0.388064 
 290   27   28  4   0  0 0.020 01.0  0.00230   -0.08474   -0.07879     -7.021477 
 291   28   29  4   0  0 0.020 01.0  0.00253   -0.11935   -0.11425     -4.273146 
 292    7   29  4   0  0 0.020 01.0  0.00351   +0.26637   +0.26195     -1.659346 
 293   25   30  4   0  0 0.020 01.0  0.00214   +0.06111   +0.06699     +9.621993 
 294   30   31  4   0  0 0.020 01.0  0.00196   +0.03405   +0.03668     +7.723935 
 295   31   32  4   0  0 0.020 01.0  0.00177   -0.00593   -0.00205    -65.430017 
 296   32   33  4   0  0 0.020 01.0  0.00190   +0.02515   +0.02541     +1.033797 
 297   34   32  4   0  0 0.020 01.0  0.00213   +0.05928   +0.05357     -9.632254 
 298   34   35  4   0  0 0.020 01.0  0.00213   -0.05928   -0.05341     -9.902159 
 299   35   36  4   0  0 0.020 01.0  0.00239   -0.09796   -0.09549     -2.521437 
 300   36   37  4   0  0 0.020 01.0  0.00265   -0.13790   -0.14482     +5.018129 
 301   37   38  4   0  0 0.020 01.0  0.00290   -0.17437   -0.16605     -4.771463 
 302   37   39  4   0  0 0.020 01.0  0.00196   +0.03347   +0.03107     -7.170601 
 303   36   40  4   0  0 0.020 01.0  0.00199   +0.03855   +0.04393    +13.955901 
 304   22   38  4   0  0 0.020 01.0  0.00195   -0.03226   -0.03608    +11.841290 
 305   11   41  4   0  0 0.020 01.0  0.00214   +0.06127   +0.05485    -10.478211 
 306   41   42  4   0  0 0.020 01.0  0.00211   +0.05615   +0.06094     +8.530721 
 307   41   43  4   0  0 0.020 01.0  0.00209   -0.05410   -0.04970     -8.133087 
 308   38   44  4   0  0 0.020 01.0  0.00181   +0.01232   +0.01054    -14.448052 
 309   15   45  4   0  0 0.020 01.0  0.00217   +0.06571   +0.06047     -7.974433 
 310   14   46  4   0  0 0.020 01.0  0.00411   +0.35580   +0.35896     +0.888139 
 311   46   47  4   0  0 0.020 01.0  0.00388   +0.32137   +0.31906     -0.718798 
 312   47   48  4   0  0 0.020 01.0  0.00267   +0.13984   +0.14669     +4.898455 
 313   48   49  4   0  0 0.020 01.0  0.00225   -0.07766   -0.07252     -6.618594 
 314   49   50  4   0  0 0.020 01.0  0.00217   +0.06549   +0.06704     +2.366774 
 315   50   51  4   0  0 0.020 01.0  0.00224   -0.07534   -0.07006     -7.008229 
 316   10   51  4   0  0 0.020 01.0  0.00284   +0.16645   +0.16149     -2.979874 
 317   13   49  4   0  0 0.020 01.0  0.00458   +0.42699   +0.42035     -1.555072 
 318   29   52  4   0  0 0.020 01.0  0.00224   +0.07521   +0.06857     -8.828613 
 319   52   53  4   0  0 0.020 01.0  0.00199   +0.03862   +0.03373    -12.661833 
 320   53   54  4   0  0 0.020 01.0  0.00199   -0.03911   -0.03797     -2.914856 
 321   54   55  4   0  0 0.020 01.0  0.00216   -0.06341   -0.06601     +4.100300 
 322   11   43  4   0  0 0.020 01.0  0.00230   +0.08539   +0.08920     +4.461881 
 323   44   45  4   0  0 0.020 01.0  0.00184   -0.01596   -0.01439     -9.837093 
 324   40   56  4   0  0 0.020 01.0  0.00199   +0.03838   +0.03456     -9.953101 
 325   56   41  4   0  0 0.020 01.0  0.00174   -0.00142   -0.00368   +159.154930 
 326   56   42  4   0  0 0.020 01.0  0.00179   +0.00864   +0.00472    -45.370370 
 327   39   57  4   0  0 0.020 01.0  0.00196   +0.03333   +0.03407     +2.220222 
 328   57   56  4   0  0 0.020 01.0  0.00175   +0.00240   -0.00133   -155.416667 
 329   38   49  4   0  0 0.020 01.0  0.00248   -0.11214   -0.10684     -4.726235 
 330   38   48  4   0  0 0.020 01.0  0.00314   -0.21029   -0.21913     +4.203719 
 331    9   55  4   0  0 0.020 01.0  0.00261   +0.13194   +0.13743     +4.160982 
 332    2    1  1   0  0 0.020 01.0  0.00459   +0.42868   +0.42132     -1.716898 
 333    3    2  1   0  0 0.020 01.0  0.00491   +0.47633   +0.48384     +1.576638 
 334    4    3  1   0  0 0.020 01.0  0.01256   -1.62408   -1.65751     +2.058396 
 335    5    4  1   0  0 0.020 01.0  0.00506   -0.49960   -0.49329     -1.263010 
 336    6    4  1   0  0 0.020 01.0  0.00607   -0.64978   -0.66127     +1.768291 
 337    7    6  1   0  0 0.020 01.0  0.00259   -0.12842   -0.12073     -5.988164 
 338    8    6  1   0  0 0.020 01.0  0.00271   +0.14703   +0.14731     +0.190437 
 339    9    8  1   0  0 0.020 01.0  0.00390   -0.32437   -0.32348     -0.274378 
 340   10    9  1   0  0 0.020 01.0  0.00219   -0.06876   -0.07176     +4.363002 
 341   11    9  1   0  0 0.020 01.0  0.00204   -0.04649   -0.04798     +3.204990 
 342   12    9  1   0  0 0.020 01.0  0.00288   +0.17241   +0.17262     +0.121803 
 343   13    9  1   0  0 0.020 01.0  0.00240   +0.09942   +0.09964     +0.221283 
 344   14   13  1   0  0 0.020 01.0  0.00179   -0.00861   -0.00895     +3.948897 
 345   15   13  1   0  0 0.020 01.0  0.00502   +0.49238   +0.48198     -2.112190 
 346   15    1  1   0  0 0.020 01.0  0.00436   -0.39395   -0.40140     +1.891103 
 347   16    1  1   0  0 0.020 01.0  0.00399   -0.33831   -0.33483     -1.028642 
 348   17    1  1   0  0 0.020 01.0  0.00522   -0.52328   -0.51995     -0.636371 
 349   15    3  1   0  0 0.020 01.0  0.01286   -1.66835   -1.69286     +1.469116 
 350   18    4  1   0  0 0.020 01.0  0.00301   -0.19170   -0.18506     -3.463745 
 351   18    4  1   0  0 0.020 01.0  0.00337   -0.24540   -0.24484     -0.228199 
 352    6    5  1   0  0 0.020 01.0  0.00389   -0.32314   -0.31207     -3.425760 
 353    8    7  1   0  0 0.020 01.0  0.00538   +0.54651   +0.53959     -1.266217 
 354   12   10  1   0  0 0.020 01.0  0.00504   +0.49583   +0.50941     +2.738842 
 355   13   11  1   0  0 0.020 01.0  0.00350   +0.26471   +0.26697     +0.853764 
 356   13   12  1   0  0 0.020 01.0  0.00562   -0.58318   -0.57386     -1.598134 
 357   16   12  1   0  0 0.020 01.0  0.00327   -0.22969   -0.23824     +3.722408 
 358   17   12  1   0  0 0.020 01.0  0.00194   -0.03072   -0.02966     -3.450521 
 359   15   14  1   0  0 0.020 01.0  0.00695   +0.78216   +0.79883     +2.131277 
 360   19   18  1   0  0 0.020 01.0  0.00223   -0.07507   -0.07494     -0.173172 
 361   20   19  1   0  0 0.020 01.0  0.00194   -0.03074   -0.03036     -1.236174 
 362   20   21  1   0  0 0.020 01.0  0.00174   +0.00074   +0.00386   +421.621622 
 363   22   21  1   0  0 0.020 01.0  0.00174   -0.00074   +0.00088   -218.918919 
 364   23   22  1   0  0 0.020 01.0  0.00304   -0.19565   -0.19632     +0.342448 
 365   24   23  1   0  0 0.020 01.0  0.00247   -0.11045   -0.10960     -0.769579 
 366   25   24  1   0  0 0.020 01.0  0.00234   -0.09067   -0.08726     -3.760891 
 367   25   24  1   0  0 0.020 01.0  0.00231   -0.08713   -0.08693     -0.229542 
 368   26   24  1   0  0 0.020 01.0  0.00218   +0.06735   +0.06238     -7.379362 
 369   27   26  1   0  0 0.020 01.0  0.00219   +0.06930   +0.06625     -4.401154 
 370   28   27  1   0  0 0.020 01.0  0.00303   +0.19529   +0.20303     +3.963337 
 371   29   28  1   0  0 0.020 01.0  0.00347   +0.25979   +0.26165     +0.715963 
 372   29    7  1   0  0 0.020 01.0  0.00620   -0.66974   -0.66828     -0.217995 
 373   30   25  1   0  0 0.020 01.0  0.00235   -0.09276   -0.08659     -6.651574 
 374   31   30  1   0  0 0.020 01.0  0.00202   -0.04345   -0.04642     +6.835443 
 375   32   31  1   0  0 0.020 01.0  0.00196   +0.03435   +0.03920    +14.119360 
 376   33   32  1   0  0 0.020 01.0  0.00207   -0.05000   -0.04929     -1.420000 
 377   32   34  1   0  0 0.020 01.0  0.00244   -0.10551   -0.10202     -3.307743 
 378   35   34  1   0  0 0.020 01.0  0.00244   +0.10642   +0.10912     +2.537117 
 379   36   35  1   0  0 0.020 01.0  0.00298   +0.18764   +0.18119     -3.437433 
 380   37   36  1   0  0 0.020 01.0  0.00328   +0.23193   +0.24125     +4.018454 
 381   38   37  1   0  0 0.020 01.0  0.00365   +0.28759   +0.28593     -0.577211 
 382   39   37  1   0  0 0.020 01.0  0.00205   -0.04773   -0.05294    +10.915567 
 383   40   36  1   0  0 0.020 01.0  0.00201   -0.04181   -0.04654    +11.313083 
 384   38   22  1   0  0 0.020 01.0  0.00304   +0.19609   +0.20471     +4.395941 
 385   41   11  1   0  0 0.020 01.0  0.00257   -0.12518   -0.12410     -0.862758 
 386   42   41  1   0  0 0.020 01.0  0.00251   -0.11673   -0.11697     +0.205603 
 387   43   41  1   0  0 0.020 01.0  0.00279   +0.15835   +0.16078     +1.534575 
 388   44   38  1   0  0 0.020 01.0  0.00390   +0.32504   +0.31844     -2.030519 
 389   45   15  1   0  0 0.020 01.0  0.00505   -0.49775   -0.49185     -1.185334 
 390   46   14  1   0  0 0.020 01.0  0.00600   -0.64026   -0.64941     +1.429107 
 391   47   46  1   0  0 0.020 01.0  0.00593   -0.62946   -0.62470     -0.756204 
 392   48   47  1   0  0 0.020 01.0  0.00331   -0.23611   -0.22698     -3.866842 
 393   49   48  1   0  0 0.020 01.0  0.00191   +0.02588   +0.02847    +10.007728 
 394   50   49  1   0  0 0.020 01.0  0.00241   -0.10112   -0.09434     -6.704905 
 395   51   50  1   0  0 0.020 01.0  0.00294   +0.18095   +0.18558     +2.558718 
 396   51   10  1   0  0 0.020 01.0  0.00453   -0.41895   -0.41827     -0.162311 
 397   49   13  1   0  0 0.020 01.0  0.00478   -0.45733   -0.45886     +0.334551 
 398   52   29  1   0  0 0.020 01.0  0.00293   -0.18010   -0.17766     -1.354803 
 399   53   52  1   0  0 0.020 01.0  0.00249   -0.11387   -0.11675     +2.529200 
 400   54   53  1   0  0 0.020 01.0  0.00277   +0.15523   +0.15429     -0.605553 
 401   55   54  1   0  0 0.020 01.0  0.00318   +0.21782   +0.22098     +1.450739 
 402   43   11  1   0  0 0.020 01.0  0.00296   -0.18435   -0.17862     -3.108218 
 403   45   44  1   0  0 0.020 01.0  0.00505   +0.49775   +0.49227     -1.100954 
 404   56   40  1   0  0 0.020 01.0  0.00201   -0.04181   -0.03991     -4.544367 
 405   41   56  1   0  0 0.020 01.0  0.00227   +0.07995   +0.08002     +0.087555 
 406   42   56  1   0  0 0.020 01.0  0.00188   +0.02273   +0.01886    -17.025957 
 407   57   39  1   0  0 0.020 01.0  0.00205   -0.04773   -0.05012     +5.007333 
 408   56   57  1   0  0 0.020 01.0  0.00200   +0.04061   +0.03586    -11.696626 
 409   49   38  1   0  0 0.020 01.0  0.00234   +0.09119   +0.09640     +5.713346 
 410   48   38  1   0  0 0.020 01.0  0.00348   +0.26147   +0.26520     +1.426550 
 411   55    9  1   0  0 0.020 01.0  0.00379   -0.30782   -0.30040     -2.410500 
 412    2    1  4   0  0 0.020 01.0  0.01018   -1.26681   -1.23956     -2.151072 
 413    3    2  4   0  0 0.020 01.0  0.00323   -0.22503   -0.22249     -1.128738 
 414    4    3  4   0  0 0.020 01.0  0.00252   +0.11863   +0.11883     +0.168591 
 415    5    4  4   0  0 0.020 01.0  0.00265   +0.13702   +0.13791     +0.649540 
 416    6    4  4   0  0 0.020 01.0  0.00257   +0.12617   +0.13370     +5.968138 
 417    7    6  4   0  0 0.020 01.0  0.00176   -0.00395   -0.00261    -33.924051 
 418    8    6  4   0  0 0.020 01.0  0.00236   +0.09403   +0.09902     +5.306817 
 419    9    8  4   0  0 0.020 01.0  0.00401   -0.34201   -0.34225     +0.070173 
 420   10    9  4   0  0 0.020 01.0  0.00203   -0.04485   -0.05071    +13.065775 
 421   11    9  4   0  0 0.020 01.0  0.00287   -0.17078   -0.17519     +2.582270 
 422   12    9  4   0  0 0.020 01.0  0.00192   +0.02756   +0.02814     +2.104499 
 423   13    9  4   0  0 0.020 01.0  0.00253   -0.11897   -0.12501     +5.076910 
 424   14   13  4   0  0 0.020 01.0  0.00335   -0.24248   -0.24300     +0.214451 
 425   15   13  4   0  0 0.020 01.0  0.00175   +0.00308   -0.00035   -111.363636 
 426   15    1  4   0  0 0.020 01.0  0.00530   -0.53463   -0.54018     +1.038101 
 427   16    1  4   0  0 0.020 01.0  0.00220   -0.07053   -0.07568     +7.301857 
 428   17    1  4   0  0 0.020 01.0  0.00241   -0.10096   -0.10200     +1.030111 
 429   15    3  4   0  0 0.020 01.0  0.00302   +0.19375   +0.19773     +2.054194 
 430   18    4  4   0  0 0.020 01.0  0.00194   -0.03062   -0.02750    -10.189419 
 431   18    4  4   0  0 0.020 01.0  0.00187   -0.02015   -0.01536    -23.771712 
 432    6    5  4   0  0 0.020 01.0  0.00298   +0.18761   +0.19221     +2.451895 
 433    8    7  4   0  0 0.020 01.0  0.00353   +0.26991   +0.26636     -1.315253 
 434   12   10  4   0  0 0.020 01.0  0.00293   +0.17880   +0.18548     +3.736018 
 435   13   11  4   0  0 0.020 01.0  0.00198   -0.03642   -0.03612     -0.823723 
 436   13   12  4   0  0 0.020 01.0  0.00528   -0.53281   -0.54019     +1.385109 
 437   16   12  4   0  0 0.020 01.0  0.00194   +0.03053   +0.02668    -12.610547 
 438   17   12  4   0  0 0.020 01.0  0.00177   -0.00504   -0.00986    +95.634921 
 439   15   14  4   0  0 0.020 01.0  0.00311   +0.20609   +0.19995     -2.979281 
 440   19   18  4   0  0 0.020 01.0  0.00185   -0.01738   -0.01266    -27.157652 
 441   20   19  4   0  0 0.020 01.0  0.00179   -0.00888   -0.01309    +47.409910 
 442   20   21  4   0  0 0.020 01.0  0.00176   -0.00412   -0.00059    -85.679612 
 443   22   21  4   0  0 0.020 01.0  0.00176   +0.00414   +0.00046    -88.888889 
 444   23   22  4   0  0 0.020 01.0  0.00192   -0.02750   -0.02341    -14.872727 
 445   24   23  4   0  0 0.020 01.0  0.00176   -0.00400   -0.00296    -26.000000 
 446   25   24  4   0  0 0.020 01.0  0.00192   -0.02727   -0.03074    +12.724606 
 447   25   24  4   0  0 0.020 01.0  0.00191   -0.02621   -0.02280    -13.010301 
 448   26   24  4   0  0 0.020 01.0  0.00223   +0.07473   +0.07858     +5.151880 
 449   27   26  4   0  0 0.020 01.0  0.00225   +0.07774   +0.07228     -7.023411 
 450   28   27  4   0  0 0.020 01.0  0.00233   +0.08935   +0.08476     -5.137101 
 451   29   28  4   0  0 0.020 01.0  0.00256   +0.12426   +0.12584     +1.271527 
 452   29    7  4   0  0 0.020 01.0  0.00329   -0.23348   -0.23693     +1.477643 
 453   30   25  4   0  0 0.020 01.0  0.00212   -0.05805   -0.06101     +5.099053 
 454   31   30  4   0  0 0.020 01.0  0.00195   -0.03207   -0.02869    -10.539445 
 455   32   31  4   0  0 0.020 01.0  0.00178   +0.00713   +0.00838    +17.531557 
 456   33   32  4   0  0 0.020 01.0  0.00190   -0.02500   -0.02287     -8.520000 
 457   32   34  4   0  0 0.020 01.0  0.00202   -0.04328   -0.04088     -5.545287 
 458   35   34  4   0  0 0.020 01.0  0.00212   +0.05796   +0.06345     +9.472050 
 459   36   35  4   0  0 0.020 01.0  0.00240   +0.09935   +0.09389     -5.495722 
 460   37   36  4   0  0 0.020 01.0  0.00267   +0.14090   +0.14261     +1.213627 
 461   38   37  4   0  0 0.020 01.0  0.00296   +0.18465   +0.18447     -0.097482 
 462   39   37  4   0  0 0.020 01.0  0.00196   -0.03333   -0.03298     -1.050105 
 463   40   36  4   0  0 0.020 01.0  0.00199   -0.03838   -0.04170     +8.650339 
 464   38   22  4   0  0 0.020 01.0  0.00196   +0.03346   +0.03638     +8.726838 
 465   41   11  4   0  0 0.020 01.0  0.00205   -0.04717   -0.05014     +6.296375 
 466   42   41  4   0  0 0.020 01.0  0.00206   -0.04960   -0.05333     +7.520161 
 467   43   41  4   0  0 0.020 01.0  0.00217   +0.06623   +0.07108     +7.322965 
 468   44   38  4   0  0 0.020 01.0  0.00179   -0.00804   -0.01311    +63.059701 
 469   45   15  4   0  0 0.020 01.0  0.00201   -0.04115   -0.04674    +13.584447 
 470   46   14  4   0  0 0.020 01.0  0.00388   -0.32137   -0.32282     +0.451193 
 471   47   46  4   0  0 0.020 01.0  0.00369   -0.29284   -0.30245     +3.281656 
 472   48   47  4   0  0 0.020 01.0  0.00265   -0.13811   -0.13048     -5.524582 
 473   49   48  4   0  0 0.020 01.0  0.00222   +0.07357   +0.07529     +2.337909 
 474   50   49  4   0  0 0.020 01.0  0.00216   -0.06366   -0.06164     -3.173107 
 475   51   50  4   0  0 0.020 01.0  0.00229   +0.08339   +0.08103     -2.830076 
 476   51   10  4   0  0 0.020 01.0  0.00276   -0.15339   -0.15379     +0.260773 
 477   49   13  4   0  0 0.020 01.0  0.00416   -0.36385   -0.37593     +3.320049 
 478   52   29  4   0  0 0.020 01.0  0.00218   -0.06762   -0.07155     +5.811890 
 479   53   52  4   0  0 0.020 01.0  0.00198   -0.03703   -0.03277    -11.504186 
 480   54   53  4   0  0 0.020 01.0  0.00204   +0.04541   +0.04013    -11.627395 
 481   55   54  4   0  0 0.020 01.0  0.00223   +0.07465   +0.07211     -3.402545 
 482   43   11  4   0  0 0.020 01.0  0.00226   -0.07923   -0.07480     -5.591316 
 483   45   44  4   0  0 0.020 01.0  0.00201   +0.04115   +0.04250     +3.280680 
 484   56   40  4   0  0 0.020 01.0  0.00196   -0.03432   -0.02944    -14.219114 
 485   41   56  4   0  0 0.020 01.0  0.00177   +0.00512   +0.00919    +79.492187 
 486   42   56  4   0  0 0.020 01.0  0.00179   -0.00840   -0.01113    +32.500000 
 487   57   39  4   0  0 0.020 01.0  0.00192   -0.02840   -0.02312    -18.591549 
 488   56   57  4   0  0 0.020 01.0  0.00175   -0.00190   -0.00240    +26.315789 
 489   49   38  4   0  0 0.020 01.0  0.00248   +0.11280   +0.11859     +5.132979 
 490   48   38  4   0  0 0.020 01.0  0.00317   +0.21578   +0.21511     -0.310501 
 491   55    9  4   0  0 0.020 01.0  0.00253   -0.11965   -0.11835     -1.086502 
----------------------------------------------------------------------------------
Número de medidores SCADA:     491
Número de PMUs:                0
Número de medidas das PMUs:    0
----------------------------------------------------------------------------------

Não há medidas de ângulo.
Não há medidores desabilitados.
============================== Estado Estimado ===================================
                 Barra     Mod(pu)    Ang(graus)              
----------------------------------------------------------------------------------
                    1            1.0387              0.00        
                    2            1.0090              1.20        
                    3            1.0066              3.80        
                    4            0.9916              0.32        
                    5            0.9765             -4.18        
                    6            0.9791             -5.76        
                    7            0.9775             -6.55        
                    8            1.0044             -4.48        
                    9            0.9848             -5.26        
                   10            0.9776             -5.88        
                   11            0.9694             -5.24        
                   12            1.0139             -2.61        
                   13            0.9733             -4.03        
                   14            0.9625             -3.87        
                   15            0.9868             -1.51        
                   16            1.0130             -3.70        
                   17            1.0157             -2.92        
                   18            0.9987             -5.34        
                   19            0.9516             -7.98        
                   20            0.9384             -8.72        
                   21            0.9803             -9.00        
                   22            0.9806             -9.03        
                   23            0.9783             -9.19        
                   24            0.9593            -10.95        
                   25            0.9174            -17.94        
                   26            0.9238            -10.74        
                   27            0.9563            -10.41        
                   28            0.9769             -9.61        
                   29            0.9949             -9.03        
                   30            0.8895            -18.65        
                   31            0.8549            -19.41        
                   32            0.8798            -17.72        
                   33            0.8766            -17.78        
                   34            0.9100            -10.81        
                   35            0.9210            -10.46        
                   36            0.9352            -10.07        
                   37            0.9479             -9.78        
                   38            0.9855             -8.73        
                   39            0.9454             -9.85        
                   40            0.9318            -10.12        
                   41            0.9737            -10.66        
                   42            0.9280            -12.54        
                   43            0.9991             -6.83        
                   44            0.9943             -7.60        
                   45            1.0279             -4.30        
                   46            1.0460             -6.29        
                   47            1.0115             -8.23        
                   48            1.0040             -8.40        
                   49            1.0157             -8.54        
                   50            0.9997             -8.99        
                   51            1.0406             -7.43        
                   52            0.9542            -10.46        
                   53            0.9417            -11.00        
                   54            0.9813             -9.29        
                   55            1.0330             -7.20        
                   56            0.9262            -13.21        
                   57            0.9196            -13.90        
----------------------------------------------------------------------------------
Convergiu em:    3 iteraçoes. 
----------------------------------------------------------------------------------
--- RESIDUOS NORMALIZADOS --------------------------------------------------------
   N    D    P  TP      Real     Medido   Estimado      Med-Est        rn 
----------------------------------------------------------------------------------
 350   18    4  1    -0.1917    -0.1851    -0.2321  +4.7028e-02      0.917 
 190    4   18  1    +0.1917    +0.1957    +0.2321  -3.6378e-02      0.709 
  61    0    4  2    -0.0000    +0.0030    -0.0060  +8.9946e-03      0.570 
  75    0   18  2    -0.3590    -0.3597    -0.3369  -2.2838e-02      0.456 
 334    4    3  1    -1.6241    -1.6575    -1.6148  -4.2734e-02      0.414 
  62    0    5  2    -0.1720    -0.1662    -0.1792  +1.3022e-02      0.349 
 252    1    2  4    +1.1759    +1.1884    +1.1637  +2.4773e-02      0.290 
  72    0   15  2    -0.2900    -0.2863    -0.2944  +8.0673e-03      0.272 
  69    0   12  2    +1.5240    +1.4895    +1.5127  -2.3225e-02      0.266 
 354   12   10  1    +0.4958    +0.5094    +0.4924  +1.6999e-02      0.255 
 359   15   14  1    +0.7822    +0.7988    +0.7797  +1.9106e-02      0.240 
 351   18    4  1    -0.2454    -0.2448    -0.2321  -1.2752e-02      0.233 
 349   15    3  1    -1.6683    -1.6929    -1.6680  -2.4849e-02      0.233 
 115    0    1  5    +1.7817    +1.7449    +1.7666  -2.1764e-02      0.230 
 199   14   15  1    -0.7706    -0.7507    -0.7683  +1.7589e-02      0.222 
 122    0    8  5    +0.6623    +0.6505    +0.6641  -1.3629e-02      0.219 
 431   18    4  4    -0.0202    -0.0154    -0.0239  +8.5431e-03      0.211 
  10    0   10  6    +0.9788    +0.9921    +0.9776  +1.4511e-02      0.209 
  34    0   34  6    +0.9106    +0.9238    +0.9100  +1.3885e-02      0.209 
   8    0    8  6    +1.0050    +1.0190    +1.0044  +1.4646e-02      0.208 
  63    0    6  2    -0.9900    -0.9806    -0.9956  +1.4930e-02      0.205 
  50    0   50  6    +1.0002    +1.0138    +0.9997  +1.4063e-02      0.201 
 477   49   13  4    -0.3639    -0.3759    -0.3634  -1.2541e-02      0.200 
 370   28   27  1    +0.1953    +0.2030    +0.1933  +9.7025e-03      0.199 
 472   48   47  4    -0.1381    -0.1305    -0.1394  +8.9119e-03      0.199 
  31    0   31  6    +0.8545    +0.8669    +0.8549  +1.2029e-02      0.196 
  37    0   37  6    +0.9485    +0.9345    +0.9479  -1.3331e-02      0.196 
  22    0   22  6    +0.9815    +0.9942    +0.9806  +1.3568e-02      0.196 
   7    0    7  6    +0.9782    +0.9640    +0.9775  -1.3566e-02      0.195 
 187    1   16  1    +0.3434    +0.3318    +0.3436  -1.1847e-02      0.195 
 384   38   22  1    +0.1961    +0.2047    +0.1957  +9.0231e-03      0.195 
 353    8    7  1    +0.5465    +0.5396    +0.5525  -1.2871e-02      0.191 
  57    0   57  6    +0.9209    +0.9072    +0.9196  -1.2385e-02      0.189 
  94    0   37  2    +0.0000    -0.0049    -0.0003  -4.6025e-03      0.187 
  11    0   11  6    +0.9702    +0.9565    +0.9694  -1.2888e-02      0.186 
  54    0   54  6    +0.9816    +0.9941    +0.9813  +1.2771e-02      0.185 
 298   34   35  4    -0.0593    -0.0534    -0.0607  +7.3146e-03      0.184 
 154    0   40  5    -0.0000    +0.0043    -0.0018  +6.0723e-03      0.182 
  60    0    3  2    +3.8460    +3.8642    +3.8382  +2.6042e-02      0.181 
 182    9   12  1    -0.1703    -0.1783    -0.1690  -9.2721e-03      0.176 
   4    0    4  6    +0.9924    +0.9793    +0.9916  -1.2283e-02      0.176 
 436   13   12  4    -0.5328    -0.5402    -0.5283  -1.1843e-02      0.175 
 173    2    3  1    -0.4687    -0.4595    -0.4706  +1.1172e-02      0.173 
 382   39   37  1    -0.0477    -0.0529    -0.0463  -6.5935e-03      0.170 
 412    2    1  4    -1.2668    -1.2396    -1.2549  +1.5379e-02      0.170 
 206   24   25  1    +0.0907    +0.0950    +0.0871  +7.8880e-03      0.170 
  32    0   32  6    +0.8801    +0.8691    +0.8798  -1.0681e-02      0.170 
  17    0   17  6    +1.0172    +1.0037    +1.0157  -1.1980e-02      0.169 
  18    0   18  6    +1.0006    +0.9870    +0.9987  -1.1661e-02      0.167 
  59    0    2  2    -0.0400    -0.0366    -0.0410  +4.3429e-03      0.165 
 259    8    9  4    +0.2984    +0.3075    +0.2988  +8.7025e-03      0.165 
 318   29   52  4    +0.0752    +0.0686    +0.0754  -6.8169e-03      0.164 
  43    0   43  6    +1.0003    +0.9876    +0.9991  -1.1453e-02      0.164 
 229   15   45  1    +0.4978    +0.4848    +0.4956  -1.0747e-02      0.162 
 184   13   14  1    +0.0094    +0.0050    +0.0109  -5.8291e-03      0.159 
 335    5    4  1    -0.4996    -0.4933    -0.5041  +1.0818e-02      0.158 
 392   48   47  1    -0.2361    -0.2270    -0.2348  +7.8557e-03      0.158 
 305   11   41  4    +0.0613    +0.0549    +0.0619  -7.0712e-03      0.157 
 330   38   48  4    -0.2103    -0.2191    -0.2112  -7.9142e-03      0.157 
 346   15    1  1    -0.3940    -0.4014    -0.3917  -9.6785e-03      0.157 
  47    0   47  6    +1.0122    +1.0225    +1.0115  +1.1057e-02      0.157 
 469   45   15  4    -0.0411    -0.0467    -0.0405  -6.2201e-03      0.157 
 482   43   11  4    -0.0792    -0.0748    -0.0813  +6.5279e-03      0.155 
 202   21   20  1    -0.0007    +0.0003    -0.0056  +5.8279e-03      0.155 
 133    0   19  5    -0.0080    -0.0110    -0.0061  -4.9701e-03      0.155 
 380   37   36  1    +0.2319    +0.2412    +0.2337  +7.5473e-03      0.153 
 243   44   45  1    -0.4830    -0.4911    -0.4808  -1.0266e-02      0.152 
 471   47   46  4    -0.2928    -0.3024    -0.2940  -8.4556e-03      0.151 
 269    3   15  4    -0.0941    -0.1004    -0.0940  -6.3664e-03      0.151 
 145    0   31  5    -0.0380    -0.0429    -0.0376  -5.2468e-03      0.150 
 352    6    5  1    -0.3231    -0.3121    -0.3205  +8.4027e-03      0.150 
 379   36   35  1    +0.1876    +0.1812    +0.1881  -6.8963e-03      0.147 
 155    0   41  5    -0.0400    -0.0423    -0.0379  -4.3296e-03      0.146 
  52    0   52  6    +0.9547    +0.9442    +0.9542  -9.9314e-03      0.146 
 427   16    1  4    -0.0705    -0.0757    -0.0691  -6.5392e-03      0.146 
 100    0   43  2    -0.0260    -0.0302    -0.0258  -4.4156e-03      0.144 
 388   44   38  1    +0.3250    +0.3184    +0.3263  -7.8723e-03      0.142 
 394   50   49  1    -0.1011    -0.0943    -0.1004  +6.0976e-03      0.142 
 426   15    1  4    -0.5346    -0.5402    -0.5304  -9.8073e-03      0.141 
 128    0   14  5    -0.0700    -0.0695    -0.0654  -4.0330e-03      0.141 
 441   20   19  4    -0.0089    -0.0131    -0.0078  -5.3336e-03      0.139 
 108    0   51  2    -0.2380    -0.2295    -0.2355  +6.0236e-03      0.139 
 332    2    1  1    +0.4287    +0.4213    +0.4297  -8.3395e-03      0.138 
 487   57   39  4    -0.0284    -0.0231    -0.0290  +5.8895e-03      0.138 
 416    6    4  4    +0.1262    +0.1337    +0.1270  +6.6704e-03      0.137 
 489   49   38  4    +0.1128    +0.1186    +0.1120  +6.6146e-03      0.137 
 357   16   12  1    -0.2297    -0.2382    -0.2316  -6.6287e-03      0.137 
 218   34   35  1    -0.1055    -0.0983    -0.1041  +5.7910e-03      0.135 
 337    7    6  1    -0.1284    -0.1207    -0.1269  +6.1343e-03      0.135 
 109    0   52  2    -0.0650    -0.0707    -0.0662  -4.4766e-03      0.135 
 245   56   41  1    -0.0762    -0.0817    -0.0755  -6.1620e-03      0.134 
  15    0   15  6    +0.9877    +0.9960    +0.9868  +9.2555e-03      0.133 
 251    9   55  1    +0.3078    +0.3110    +0.3038  +7.1031e-03      0.132 
 210   27   28  1    -0.1923    -0.1840    -0.1904  +6.4119e-03      0.131 
 301   37   38  4    -0.1744    -0.1661    -0.1721  +6.0356e-03      0.131 
 375   32   31  1    +0.0343    +0.0392    +0.0340  +5.2195e-03      0.130 
  23    0   23  6    +0.9791    +0.9873    +0.9783  +9.0183e-03      0.130 
   5    0    5  6    +0.9777    +0.9675    +0.9765  -8.9882e-03      0.130 
 126    0   12  5    +0.6234    +0.6140    +0.6212  -7.2400e-03      0.129 
 321   54   55  4    -0.0634    -0.0660    -0.0606  -5.4236e-03      0.128 
 207   24   25  1    +0.0871    +0.0813    +0.0871  -5.8920e-03      0.128 
 267    1   16  4    +0.0362    +0.0404    +0.0350  +5.3779e-03      0.128 
 196   12   13  1    +0.5943    +0.5974    +0.5887  +8.6491e-03      0.127 
   3    0    3  6    +1.0076    +0.9977    +1.0066  -8.8985e-03      0.126 
 241   54   55  1    -0.2092    -0.2163    -0.2098  -6.5557e-03      0.126 
 484   56   40  4    -0.0343    -0.0294    -0.0349  +5.4547e-03      0.126 
 250   38   48  1    -0.2579    -0.2488    -0.2553  +6.5809e-03      0.125 
 236   10   51  1    +0.4189    +0.4229    +0.4154  +7.5372e-03      0.125 
  38    0   38  6    +0.9863    +0.9942    +0.9855  +8.6938e-03      0.125 
 172    1    2  1    -0.4154    -0.4091    -0.4166  +7.4832e-03      0.125 
 312   47   48  4    +0.1398    +0.1467    +0.1411  +5.5741e-03      0.124 
 211   28   29  1    -0.2563    -0.2461    -0.2524  +6.3577e-03      0.124 
 264   13   14  4    +0.2348    +0.2267    +0.2332  -6.5729e-03      0.123 
 217   34   32  1    +0.1055    +0.1092    +0.1037  +5.5543e-03      0.123 
 258    6    8  4    -0.1343    -0.1412    -0.1351  -6.0903e-03      0.122 
 176    4    6  1    +0.6696    +0.6639    +0.6732  -9.3209e-03      0.122 
 410   48   38  1    +0.2615    +0.2652    +0.2589  +6.3316e-03      0.121 
 297   34   32  4    +0.0593    +0.0536    +0.0586  -5.0730e-03      0.120 
 374   31   30  1    -0.0435    -0.0464    -0.0416  -4.7922e-03      0.120 
 185   13   15  1    -0.4857    -0.4752    -0.4834  +8.2049e-03      0.120 
 255    4    5  4    -0.1245    -0.1178    -0.1236  +5.7572e-03      0.120 
 434   12   10  4    +0.1788    +0.1855    +0.1795  +5.9432e-03      0.119 
 423   13    9  4    -0.1190    -0.1250    -0.1192  -5.8112e-03      0.118 
 274   10   12  4    -0.1766    -0.1835    -0.1776  -5.9385e-03      0.118 
  78    0   21  2    -0.0000    -0.0001    -0.0040  +3.8001e-03      0.118 
 261    9   11  4    +0.1525    +0.1598    +0.1541  +5.7352e-03      0.118 
 345   15   13  1    +0.4924    +0.4820    +0.4901  -8.0941e-03      0.118 
 326   56   42  4    +0.0086    +0.0047    +0.0093  -4.5366e-03      0.117 
 174    3    4  1    +1.6543    +1.6568    +1.6447  +1.2159e-02      0.117 
 129    0   15  5    -0.0660    -0.0712    -0.0683  -2.9381e-03      0.117 
 146    0   32  5    -0.0110    -0.0160    -0.0125  -3.5580e-03      0.117 
 271    4   18  4    +0.0462    +0.0523    +0.0474  +4.9285e-03      0.116 
 183    9   13  1    -0.0984    -0.0925    -0.0980  +5.5113e-03      0.116 
 165    0   51  5    -0.0700    -0.0636    -0.0677  +4.0678e-03      0.116 
 257    6    7  4    -0.0208    -0.0178    -0.0224  +4.5424e-03      0.116 
 242   11   43  1    +0.1844    +0.1778    +0.1834  -5.5775e-03      0.115 
 307   41   43  4    -0.0541    -0.0497    -0.0546  +4.8768e-03      0.115 
 111    0   54  2    -0.0540    -0.0512    -0.0548  +3.6726e-03      0.114 
 371   29   28  1    +0.2598    +0.2616    +0.2559  +5.7947e-03      0.114 
 395   51   50  1    +0.1809    +0.1856    +0.1798  +5.7308e-03      0.114 
 446   25   24  4    -0.0273    -0.0307    -0.0259  -4.8034e-03      0.114 
 224   22   38  1    -0.1953    -0.1897    -0.1949  +5.2139e-03      0.112 
 452   29    7  4    -0.2335    -0.2369    -0.2313  -5.6433e-03      0.112 
 143    0   29  5    -0.0340    -0.0293    -0.0325  +3.1932e-03      0.112 
 197   12   16  1    +0.2306    +0.2380    +0.2326  +5.3871e-03      0.111 
 449   27   26  4    +0.0777    +0.0723    +0.0772  -4.9033e-03      0.111 
 468   44   38  4    -0.0080    -0.0131    -0.0091  -4.0281e-03      0.111 
 399   53   52  1    -0.1139    -0.1168    -0.1119  -4.8194e-03      0.111 
 368   26   24  1    +0.0673    +0.0624    +0.0668  -4.4660e-03      0.110 
  24    0   24  6    +0.9595    +0.9668    +0.9593  +7.4680e-03      0.109 
  44    0   44  6    +0.9951    +0.9868    +0.9943  -7.5825e-03      0.109 
  39    0   39  6    +0.9459    +0.9528    +0.9454  +7.3272e-03      0.108 
  30    0   30  6    +0.8899    +0.8827    +0.8895  -6.8264e-03      0.107 
 336    6    4  1    -0.6498    -0.6613    -0.6531  -8.1217e-03      0.107 
 103    0   46  2    +0.0000    -0.0016    -0.0041  +2.4805e-03      0.107 
 117    0    3  5    -0.3770    -0.3725    -0.3778  +5.2380e-03      0.107 
 309   15   45  4    +0.0657    +0.0605    +0.0649  -4.4306e-03      0.106 
 437   16   12  4    +0.0305    +0.0267    +0.0307  -4.0565e-03      0.106 
 209   26   27  1    -0.0673    -0.0633    -0.0679  +4.5202e-03      0.106 
 180    9   10  1    +0.0690    +0.0734    +0.0688  +4.5752e-03      0.105 
 331    9   55  4    +0.1319    +0.1374    +0.1328  +4.5962e-03      0.105 
 300   36   37  4    -0.1379    -0.1448    -0.1402  -4.5889e-03      0.104 
  40    0   40  6    +0.9327    +0.9248    +0.9318  -7.0158e-03      0.104 
 406   42   56  1    +0.0227    +0.0189    +0.0229  -4.0783e-03      0.104 
  76    0   19  2    -0.0440    -0.0451    -0.0416  -3.5170e-03      0.103 
 390   46   14  1    -0.6403    -0.6494    -0.6420  -7.4383e-03      0.103 
 467   43   41  4    +0.0662    +0.0711    +0.0667  +4.4213e-03      0.103 
 458   35   34  4    +0.0580    +0.0635    +0.0594  +4.0543e-03      0.103 
 219   35   36  1    -0.1854    -0.1907    -0.1859  -4.8242e-03      0.103 
  89    0   32  2    -0.0210    -0.0218    -0.0188  -2.9832e-03      0.101 
 328   57   56  4    +0.0024    -0.0013    +0.0023  -3.6666e-03      0.101 
  70    0   13  2    -0.2380    -0.2293    -0.2326  +3.2278e-03      0.100 
 291   28   29  4    -0.1193    -0.1143    -0.1186  +4.3613e-03      0.100 
 324   40   56  4    +0.0384    +0.0346    +0.0389  -4.3303e-03      0.100 
 373   30   25  1    -0.0928    -0.0866    -0.0908  +4.2153e-03      0.100 
 221   37   38  1    -0.2797    -0.2752    -0.2804  +5.1508e-03      0.100 
 132    0   18  5    -0.1290    -0.1346    -0.1385  +3.9702e-03      0.098 
 402   43   11  1    -0.1844    -0.1786    -0.1834  +4.7375e-03      0.098 
 171    0   57  5    -0.0260    -0.0233    -0.0267  +3.4030e-03      0.097 
 281   19   20  4    +0.0094    +0.0120    +0.0083  +3.7089e-03      0.097 
 378   35   34  1    +0.1064    +0.1091    +0.1050  +4.1169e-03      0.097 
  86    0   29  2    -0.2240    -0.2332    -0.2295  -3.6638e-03      0.096 
 137    0   23  5    -0.0280    -0.0242    -0.0275  +3.3072e-03      0.096 
 181    9   11  1    +0.0473    +0.0514    +0.0475  +3.8899e-03      0.096 
 480   54   53  4    +0.0454    +0.0401    +0.0441  -3.9426e-03      0.096 
 157    0   43  5    -0.0130    -0.0177    -0.0147  -2.9908e-03      0.096 
 268    1   17  4    +0.1001    +0.1070    +0.1029  +4.1273e-03      0.095 
 476   51   10  4    -0.1534    -0.1538    -0.1494  -4.3915e-03      0.094 
  20    0   20  6    +0.9372    +0.9447    +0.9384  +6.2471e-03      0.094 
 195   11   13  1    -0.2630    -0.2574    -0.2624  +5.0625e-03      0.093 
 443   22   21  4    +0.0041    +0.0005    +0.0038  -3.3052e-03      0.093 
  87    0   30  2    -0.0480    -0.0511    -0.0479  -3.1561e-03      0.093 
 329   38   49  4    -0.1121    -0.1068    -0.1113  +4.4691e-03      0.093 
  91    0   34  2    -0.0000    -0.0032    -0.0004  -2.8247e-03      0.092 
 256    4    6  4    -0.0918    -0.0876    -0.0918  +4.2064e-03      0.091 
 178    6    8  1    -0.1458    -0.1536    -0.1491  -4.4771e-03      0.091 
 203   21   22  1    +0.0007    -0.0016    +0.0016  -3.1677e-03      0.091 
 223   36   40  1    +0.0419    +0.0398    +0.0433  -3.4691e-03      0.090 
 276   12   13  4    +0.5094    +0.4985    +0.5044  -5.9251e-03      0.090 
 478   52   29  4    -0.0676    -0.0716    -0.0678  -3.7124e-03      0.090 
 295   31   32  4    -0.0059    -0.0021    -0.0055  +3.4500e-03      0.090 
 409   49   38  1    +0.0912    +0.0964    +0.0922  +4.1524e-03      0.089 
 383   40   36  1    -0.0418    -0.0465    -0.0431  -3.4023e-03      0.089 
 192    5    6  1    +0.3276    +0.3200    +0.3249  -4.9362e-03      0.088 
 317   13   49  4    +0.4270    +0.4204    +0.4261  -5.7487e-03      0.088 
 150    0   36  5    +0.0000    -0.0009    -0.0032  +2.3350e-03      0.087 
 430   18    4  4    -0.0306    -0.0275    -0.0239  -3.5969e-03      0.087 
 454   31   30  4    -0.0321    -0.0287    -0.0321  +3.4431e-03      0.087 
 168    0   54  5    -0.0180    -0.0138    -0.0165  +2.7538e-03      0.087 
 407   57   39  1    -0.0477    -0.0501    -0.0463  -3.8087e-03      0.087 
  68    0   11  2    +0.0000    +0.0008    -0.0012  +2.0187e-03      0.086 
 147    0   33  5    -0.0250    -0.0270    -0.0238  -3.1931e-03      0.086 
  95    0   38  2    -0.1850    -0.1873    -0.1845  -2.7659e-03      0.085 
 333    3    2  1    +0.4763    +0.4838    +0.4784  +5.4819e-03      0.085 
 246   56   42  1    -0.0226    -0.0261    -0.0228  -3.3215e-03      0.084 
  84    0   27  2    -0.1230    -0.1173    -0.1206  +3.2775e-03      0.084 
 315   50   51  4    -0.0753    -0.0701    -0.0738  +3.7228e-03      0.084 
 369   27   26  1    +0.0693    +0.0663    +0.0698  -3.5644e-03      0.083 
 247   39   57  1    +0.0477    +0.0500    +0.0463  +3.6687e-03      0.083 
  13    0   13  6    +0.9740    +0.9675    +0.9733  -5.7523e-03      0.083 
 284   22   23  4    +0.0281    +0.0280    +0.0250  +3.0751e-03      0.083 
 418    8    6  4    +0.0940    +0.0990    +0.0951  +3.8733e-03      0.083 
 314   49   50  4    +0.0655    +0.0670    +0.0637  +3.3836e-03      0.082 
 244   40   56  1    +0.0418    +0.0371    +0.0406  -3.5684e-03      0.082 
 123    0    9  5    -0.0660    -0.0615    -0.0595  -1.9954e-03      0.081 
 130    0   16  5    -0.0400    -0.0357    -0.0384  +2.6943e-03      0.081 
 313   48   49  4    -0.0777    -0.0725    -0.0762  +3.6373e-03      0.081 
  53    0   53  6    +0.9416    +0.9471    +0.9417  +5.4673e-03      0.081 
 303   36   40  4    +0.0386    +0.0439    +0.0409  +3.0687e-03      0.080 
 142    0   28  5    -0.0300    -0.0295    -0.0321  +2.5712e-03      0.080 
 188    1   17  1    +0.5298    +0.5180    +0.5233  -5.3059e-03      0.080 
 231   46   47  1    +0.6403    +0.6321    +0.6379  -5.7412e-03      0.080 
 364   23   22  1    -0.1956    -0.1963    -0.1925  -3.8047e-03      0.080 
 102    0   45  2    +0.0000    -0.0020    -0.0001  -1.8907e-03      0.079 
 308   38   44  4    +0.0123    +0.0105    +0.0134  -2.8859e-03      0.079 
  29    0   29  6    +0.9955    +1.0003    +0.9949  +5.4535e-03      0.078 
  25    0   25  6    +0.9172    +0.9124    +0.9174  -5.0180e-03      0.077 
 290   27   28  4    -0.0847    -0.0788    -0.0821  +3.2849e-03      0.077 
 420   10    9  4    -0.0449    -0.0507    -0.0475  -3.2197e-03      0.076 
 225   11   41  1    +0.1252    +0.1208    +0.1246  -3.7151e-03      0.075 
 429   15    3  4    +0.1938    +0.1977    +0.1940  +3.6879e-03      0.075 
 485   41   56  4    +0.0051    +0.0092    +0.0061  +3.0471e-03      0.075 
 447   25   24  4    -0.0262    -0.0228    -0.0259  +3.1366e-03      0.074 
 340   10    9  1    -0.0688    -0.0718    -0.0686  -3.1838e-03      0.073 
 473   49   48  4    +0.0736    +0.0753    +0.0721  +3.2328e-03      0.073 
 191    4   18  1    +0.2454    +0.2360    +0.2321  +3.9524e-03      0.072 
 124    0   10  5    -0.0550    -0.0607    -0.0629  +2.1319e-03      0.072 
 233   48   49  1    -0.0254    -0.0307    -0.0278  -2.9144e-03      0.072 
  42    0   42  6    +0.9298    +0.9232    +0.9280  -4.7549e-03      0.072 
 433    8    7  4    +0.2699    +0.2664    +0.2702  -3.8646e-03      0.071 
 222   37   39  1    +0.0478    +0.0437    +0.0464  -2.7606e-03      0.071 
 363   22   21  1    -0.0007    +0.0009    -0.0016  +2.4864e-03      0.071 
 189    3   15  1    +1.7154    +1.7227    +1.7151  +7.6311e-03      0.071 
 310   14   46  4    +0.3558    +0.3590    +0.3549  +4.1059e-03      0.070 
  81    0   24  2    +0.0000    -0.0016    +0.0002  -1.8102e-03      0.069 
 294   30   31  4    +0.0340    +0.0367    +0.0340  +2.6662e-03      0.068 
   9    0    9  6    +0.9855    +0.9801    +0.9848  -4.7117e-03      0.068 
 408   56   57  1    +0.0406    +0.0359    +0.0384  -2.5895e-03      0.067 
   1    0    1  6    +1.0400    +1.0434    +1.0387  +4.7724e-03      0.067 
 216   32   33  1    +0.0502    +0.0535    +0.0509  +2.5716e-03      0.067 
  58    0    1  2    +0.8588    +0.8449    +0.8491  -4.2076e-03      0.066 
 387   43   41  1    +0.1583    +0.1608    +0.1576  +3.2169e-03      0.065 
 162    0   48  5    +0.0000    -0.0005    +0.0011  -1.6361e-03      0.064 
 411   55    9  1    -0.3078    -0.3004    -0.3038  +3.4469e-03      0.064 
 265   13   15  4    -0.0036    -0.0044    -0.0019  -2.5414e-03      0.064 
 263    9   13  4    +0.0833    +0.0806    +0.0836  -2.9641e-03      0.064 
 397   49   13  1    -0.4573    -0.4589    -0.4546  -4.2246e-03      0.063 
 338    8    6  1    +0.1470    +0.1473    +0.1504  -3.0675e-03      0.062 
 306   41   42  4    +0.0561    +0.0609    +0.0583  +2.5918e-03      0.062 
 198   12   17  1    +0.0308    +0.0302    +0.0278  +2.4190e-03      0.062 
  27    0   27  6    +0.9563    +0.9605    +0.9563  +4.2031e-03      0.061 
 339    9    8  1    -0.3244    -0.3235    -0.3267  +3.2319e-03      0.061 
 238   29   52  1    +0.1860    +0.1822    +0.1851  -2.9140e-03      0.061 
 275   11   13  4    +0.0241    +0.0251    +0.0228  +2.3311e-03      0.060 
 179    8    9  1    +0.3265    +0.3320    +0.3288  +3.1915e-03      0.060 
 347   16    1  1    -0.3383    -0.3348    -0.3385  +3.6333e-03      0.060 
  21    0   21  6    +0.9810    +0.9844    +0.9803  +4.0963e-03      0.059 
 311   46   47  4    +0.3214    +0.3191    +0.3224  -3.3673e-03      0.059 
  51    0   51  6    +1.0415    +1.0364    +1.0406  -4.2081e-03      0.059 
 104    0   47  2    -0.3920    -0.3878    -0.3909  +3.0762e-03      0.059 
  98    0   41  2    -0.0830    -0.0862    -0.0844  -1.7813e-03      0.058 
 356   13   12  1    -0.5832    -0.5739    -0.5778  +3.9149e-03      0.058 
  36    0   36  6    +0.9359    +0.9391    +0.9352  +3.8708e-03      0.057 
 421   11    9  4    -0.1708    -0.1752    -0.1724  -2.8389e-03      0.057 
  90    0   33  2    -0.0500    -0.0530    -0.0508  -2.1820e-03      0.056 
  92    0   35  2    -0.0790    -0.0829    -0.0809  -1.9873e-03      0.056 
 389   45   15  1    -0.4978    -0.4919    -0.4956  +3.7268e-03      0.056 
 451   29   28  4    +0.1243    +0.1258    +0.1234  +2.4434e-03      0.056 
 491   55    9  4    -0.1197    -0.1183    -0.1208  +2.4114e-03      0.056 
 270    4   18  4    +0.0515    +0.0497    +0.0474  +2.3585e-03      0.055 
 158    0   44  5    -0.0240    -0.0230    -0.0248  +1.8140e-03      0.055 
 234   49   50  1    +0.1023    +0.1039    +0.1016  +2.3572e-03      0.055 
 486   42   56  4    -0.0084    -0.0111    -0.0090  -2.1230e-03      0.055 
  66    0    9  2    -0.1690    -0.1753    -0.1736  -1.6507e-03      0.055 
 208   24   26  1    -0.0673    -0.0691    -0.0668  -2.2140e-03      0.055 
 288   24   26  4    -0.0742    -0.0751    -0.0774  +2.2521e-03      0.055 
 459   36   35  4    +0.0993    +0.0939    +0.0962  -2.2648e-03      0.054 
 457   32   34  4    -0.0433    -0.0409    -0.0431  +2.2359e-03      0.053 
  65    0    8  2    +1.0200    +1.0357    +1.0317  +4.0132e-03      0.053 
  77    0   20  2    -0.0300    -0.0243    -0.0261  +1.8072e-03      0.053 
 355   13   11  1    +0.2647    +0.2670    +0.2641  +2.8693e-03      0.053 
 232   47   48  1    +0.2375    +0.2388    +0.2362  +2.6177e-03      0.053 
 205   23   24  1    +0.1127    +0.1154    +0.1130  +2.3677e-03      0.053 
 465   41   11  4    -0.0472    -0.0501    -0.0479  -2.2852e-03      0.052 
 177    6    7  1    +0.1288    +0.1295    +0.1272  +2.3464e-03      0.052 
 428   17    1  4    -0.1010    -0.1020    -0.1043  +2.2542e-03      0.052 
 254    3    4  4    -0.0579    -0.0611    -0.0592  -1.9449e-03      0.051 
 287   24   25  4    +0.0383    +0.0358    +0.0380  -2.1869e-03      0.051 
 401   55   54  1    +0.2178    +0.2210    +0.2183  +2.6413e-03      0.051 
 273    7    8  4    -0.2624    -0.2649    -0.2622  -2.7170e-03      0.050 
 212    7   29  1    +0.6697    +0.6670    +0.6705  -3.5455e-03      0.050 
 386   42   41  1    -0.1167    -0.1170    -0.1147  -2.3073e-03      0.050 
 136    0   22  5    +0.0000    -0.0049    -0.0063  +1.3780e-03      0.049 
 293   25   30  4    +0.0611    +0.0670    +0.0650  +1.9848e-03      0.049 
 107    0   50  2    -0.2770    -0.2729    -0.2753  +2.3722e-03      0.049 
 283   21   22  4    -0.0041    -0.0055    -0.0038  -1.7469e-03      0.049 
 396   51   10  1    -0.4189    -0.4183    -0.4154  -2.9072e-03      0.048 
 278   12   17  4    -0.0439    -0.0386    -0.0406  +2.0219e-03      0.048 
  14    0   14  6    +0.9632    +0.9592    +0.9625  -3.2959e-03      0.048 
 358   17   12  1    -0.0307    -0.0297    -0.0278  -1.8789e-03      0.048 
 186    1   15  1    +0.4011    +0.4017    +0.3988  +2.9017e-03      0.047 
 403   45   44  1    +0.4978    +0.4923    +0.4954  -3.1675e-03      0.047 
 235   50   51  1    -0.1759    -0.1772    -0.1749  -2.3554e-03      0.047 
  85    0   28  2    -0.0610    -0.0606    -0.0591  -1.4798e-03      0.046 
 461   38   37  4    +0.1847    +0.1845    +0.1823  +2.1342e-03      0.046 
 194   10   12  1    -0.4882    -0.4818    -0.4848  +3.0785e-03      0.046 
 362   20   21  1    +0.0007    +0.0039    +0.0056  -1.6979e-03      0.045 
 348   17    1  1    -0.5233    -0.5200    -0.5170  -2.9649e-03      0.045 
 455   32   31  4    +0.0071    +0.0084    +0.0067  +1.7103e-03      0.044 
 381   38   37  1    +0.2876    +0.2859    +0.2882  -2.2805e-03      0.044 
 470   46   14  4    -0.3214    -0.3228    -0.3203  -2.5444e-03      0.044 
  74    0   17  2    -0.5540    -0.5474    -0.5448  -2.6338e-03      0.044 
  96    0   39  2    +0.0000    -0.0015    -0.0000  -1.4548e-03      0.044 
 148    0   34  5    -0.0000    -0.0035    -0.0021  -1.3883e-03      0.044 
 292    7   29  4    +0.2664    +0.2620    +0.2642  -2.2732e-03      0.044 
 483   45   44  4    +0.0411    +0.0425    +0.0407  +1.7819e-03      0.043 
 237   13   49  1    +0.4573    +0.4518    +0.4546  -2.8654e-03      0.043 
 175    4    5  1    +0.5174    +0.5193    +0.5222  -2.9538e-03      0.043 
 440   19   18  4    -0.0174    -0.0127    -0.0143  +1.6810e-03      0.042 
 101    0   44  2    -0.1580    -0.1529    -0.1545  +1.5916e-03      0.042 
 152    0   38  5    -0.0920    -0.0893    -0.0905  +1.2322e-03      0.042 
 445   24   23  4    -0.0040    -0.0030    -0.0014  -1.5821e-03      0.042 
 450   28   27  4    +0.0893    +0.0848    +0.0866  -1.8001e-03      0.042 
 248   57   56  1    -0.0403    -0.0398    -0.0381  -1.6310e-03      0.042 
 163    0   49  5    -0.1120    -0.1170    -0.1157  -1.3199e-03      0.042 
 438   17   12  4    -0.0050    -0.0099    -0.0082  -1.6213e-03      0.042 
 149    0   35  5    -0.0400    -0.0340    -0.0354  +1.3694e-03      0.041 
 105    0   48  2    -0.0000    -0.0048    -0.0038  -9.8710e-04      0.041 
 422   12    9  4    +0.0276    +0.0281    +0.0264  +1.7571e-03      0.041 
 413    3    2  4    -0.2250    -0.2225    -0.2246  +2.0893e-03      0.041 
 193    7    8  1    -0.5413    -0.5499    -0.5472  -2.7250e-03      0.040 
 322   11   43  4    +0.0854    +0.0892    +0.0875  +1.7046e-03      0.040 
 425   15   13  4    +0.0031    -0.0003    +0.0012  -1.5855e-03      0.040 
  64    0    7  2    +0.0000    -0.0043    -0.0035  -8.2624e-04      0.040 
 228   38   44  1    -0.3220    -0.3254    -0.3232  -2.1920e-03      0.040 
 296   32   33  4    +0.0251    +0.0254    +0.0240  +1.4558e-03      0.039 
  80    0   23  2    -0.0830    -0.0781    -0.0795  +1.4030e-03      0.039 
 169    0   55  5    -0.0450    -0.0502    -0.0490  -1.2782e-03      0.039 
 424   14   13  4    -0.2425    -0.2430    -0.2409  -2.0726e-03      0.038 
 376   33   32  1    -0.0500    -0.0493    -0.0508  +1.4880e-03      0.038 
   2    0    2  6    +1.0100    +1.0063    +1.0090  -2.7019e-03      0.038 
 200   18   19  1    +0.0781    +0.0748    +0.0765  -1.6445e-03      0.038 
 439   15   14  4    +0.2061    +0.1999    +0.2019  -1.9526e-03      0.037 
 161    0   47  5    -0.1530    -0.1514    -0.1529  +1.4985e-03      0.037 
 462   39   37  4    -0.0333    -0.0330    -0.0316  -1.4098e-03      0.037 
 113    0   56  2    -0.1000    -0.0992    -0.1005  +1.2653e-03      0.037 
 377   32   34  1    -0.1055    -0.1020    -0.1037  +1.6757e-03      0.037 
  67    0   10  2    -0.1380    -0.1369    -0.1381  +1.1619e-03      0.037 
 277   12   16  4    -0.0485    -0.0500    -0.0485  -1.4471e-03      0.036 
   6    0    6  6    +0.9800    +0.9766    +0.9791  -2.5113e-03      0.036 
 110    0   53  2    -0.2640    -0.2601    -0.2618  +1.7227e-03      0.035 
 466   42   41  4    -0.0496    -0.0533    -0.0519  -1.4562e-03      0.035 
 119    0    5  5    -0.0530    -0.0551    -0.0562  +1.1281e-03      0.035 
 323   44   45  4    -0.0160    -0.0144    -0.0157  +1.3521e-03      0.035 
 398   52   29  1    -0.1801    -0.1777    -0.1793  +1.6526e-03      0.034 
 361   20   19  1    -0.0307    -0.0304    -0.0317  +1.3350e-03      0.034 
 391   47   46  1    -0.6295    -0.6247    -0.6271  +2.3985e-03      0.033 
 120    0    6  5    +0.1588    +0.1591    +0.1603  -1.1854e-03      0.033 
  33    0   33  6    +0.8768    +0.8745    +0.8766  -2.0517e-03      0.033 
  99    0   42  2    -0.0940    -0.0905    -0.0917  +1.1843e-03      0.032 
 201   19   20  1    +0.0311    +0.0333    +0.0320  +1.2528e-03      0.032 
 372   29    7  1    -0.6697    -0.6683    -0.6705  +2.2355e-03      0.032 
 114    0   57  2    -0.0880    -0.0832    -0.0845  +1.2303e-03      0.032 
  49    0   49  6    +1.0165    +1.0135    +1.0157  -2.2270e-03      0.032 
 341   11    9  1    -0.0465    -0.0480    -0.0467  -1.2613e-03      0.031 
 344   14   13  1    -0.0086    -0.0089    -0.0101  +1.1352e-03      0.031 
 490   48   38  4    +0.2158    +0.2151    +0.2167  -1.5553e-03      0.031 
 442   20   21  4    -0.0041    -0.0006    -0.0018  +1.1788e-03      0.031 
 432    6    5  4    +0.1876    +0.1922    +0.1907  +1.5321e-03      0.031 
 272    5    6  4    -0.1900    -0.1915    -0.1931  +1.5302e-03      0.030 
 116    0    2  5    -1.1032    -1.0891    -1.0914  +2.3448e-03      0.030 
 360   19   18  1    -0.0751    -0.0749    -0.0736  -1.3098e-03      0.030 
 325   56   41  4    -0.0014    -0.0037    -0.0025  -1.1918e-03      0.030 
 249   38   49  1    -0.0888    -0.0885    -0.0899  +1.3526e-03      0.029 
  12    0   12  6    +1.0150    +1.0119    +1.0139  -2.0559e-03      0.029 
 227   41   43  1    -0.1583    -0.1590    -0.1576  -1.4269e-03      0.029 
 304   22   38  4    -0.0323    -0.0361    -0.0350  -1.0320e-03      0.028 
 260    9   10  4    +0.0033    +0.0050    +0.0061  -1.0956e-03      0.028 
 342   12    9  1    +0.1724    +0.1726    +0.1711  +1.4808e-03      0.028 
  56    0   56  6    +0.9279    +0.9280    +0.9262  +1.8388e-03      0.028 
 139    0   25  5    -0.0420    -0.0385    -0.0376  -9.2994e-04      0.028 
 463   40   36  4    -0.0384    -0.0417    -0.0407  -1.0274e-03      0.027 
 365   24   23  1    -0.1105    -0.1096    -0.1108  +1.2066e-03      0.027 
  48    0   48  6    +1.0047    +1.0021    +1.0040  -1.8467e-03      0.026 
 444   23   22  4    -0.0275    -0.0234    -0.0244  +9.5686e-04      0.026 
 435   13   11  4    -0.0364    -0.0361    -0.0351  -1.0166e-03      0.026 
 170    0   56  5    -0.0290    -0.0293    -0.0300  +7.5375e-04      0.025 
 253    2    3  4    +0.1636    +0.1623    +0.1635  -1.1843e-03      0.025 
 456   33   32  4    -0.0250    -0.0229    -0.0238  +9.3686e-04      0.025 
 160    0   46  5    +0.0000    +0.0015    +0.0022  -6.5169e-04      0.025 
 156    0   42  5    -0.0580    -0.0618    -0.0609  -8.7919e-04      0.025 
  71    0   14  2    -0.1390    -0.1372    -0.1364  -7.7707e-04      0.024 
 213   25   30  1    +0.0948    +0.0939    +0.0929  +9.8366e-04      0.023 
  41    0   41  6    +0.9751    +0.9721    +0.9737  -1.5935e-03      0.023 
 453   30   25  4    -0.0580    -0.0610    -0.0619  +9.1122e-04      0.023 
  88    0   31  2    -0.0770    -0.0740    -0.0748  +8.4290e-04      0.023 
 239   52   53  1    +0.1151    +0.1141    +0.1131  +9.6078e-04      0.022 
 415    5    4  4    +0.1370    +0.1379    +0.1368  +1.0779e-03      0.022 
 215   31   32  1    -0.0336    -0.0341    -0.0332  -8.8492e-04      0.022 
 164    0   50  5    -0.1390    -0.1348    -0.1357  +8.8698e-04      0.022 
 230   14   46  1    +0.6403    +0.6404    +0.6420  -1.5317e-03      0.021 
 144    0   30  5    -0.0240    -0.0285    -0.0279  -6.4255e-04      0.020 
 289   26   27  4    -0.0747    -0.0750    -0.0742  -8.4503e-04      0.019 
 204   22   23  1    +0.1961    +0.1920    +0.1929  -8.7485e-04      0.018 
 118    0    4  5    +0.0000    +0.0039    +0.0035  +4.3560e-04      0.018 
 405   41   56  1    +0.0799    +0.0800    +0.0792  +8.1067e-04      0.018 
 153    0   39  5    -0.0000    +0.0028    +0.0022  +5.8547e-04      0.018 
 299   35   36  4    -0.0980    -0.0955    -0.0948  -7.0486e-04      0.017 
 302   37   39  4    +0.0335    +0.0311    +0.0317  -6.3351e-04      0.017 
  46    0   46  6    +1.0467    +1.0472    +1.0460  +1.1987e-03      0.017 
 404   56   40  1    -0.0418    -0.0399    -0.0406  +7.1838e-04      0.016 
  82    0   25  2    -0.0830    -0.0855    -0.0850  -5.6350e-04      0.016 
 286   24   25  4    +0.0399    +0.0373    +0.0380  -6.9694e-04      0.016 
 460   37   36  4    +0.1409    +0.1426    +0.1433  -6.8241e-04      0.015 
 448   26   24  4    +0.0747    +0.0786    +0.0779  +6.3346e-04      0.015 
 316   10   51  4    +0.1664    +0.1615    +0.1622  -7.1996e-04      0.015 
 475   51   50  4    +0.0834    +0.0810    +0.0817  -6.8076e-04      0.015 
 125    0   11  5    +0.0000    +0.0003    -0.0001  +3.7562e-04      0.015 
 166    0   52  5    -0.0290    -0.0331    -0.0336  +4.8767e-04      0.015 
 135    0   21  5    +0.0000    -0.0015    -0.0020  +4.8430e-04      0.015 
  79    0   22  2    -0.0000    -0.0040    -0.0036  -3.7450e-04      0.015 
 220   36   37  1    -0.2296    -0.2320    -0.2313  -7.1292e-04      0.014 
 285   23   24  4    -0.0005    -0.0036    -0.0031  -5.2969e-04      0.014 
 488   56   57  4    -0.0019    -0.0024    -0.0019  -5.1258e-04      0.014 
 134    0   20  5    -0.0130    -0.0100    -0.0095  -4.4479e-04      0.013 
 282   21   20  4    +0.0041    +0.0023    +0.0018  +5.1115e-04      0.013 
 400   54   53  1    +0.1552    +0.1543    +0.1549  -6.3167e-04      0.013 
 343   13    9  1    +0.0994    +0.0996    +0.0990  +6.1322e-04      0.013 
 319   52   53  4    +0.0386    +0.0337    +0.0342  -4.8992e-04      0.013 
 240   53   54  1    -0.1501    -0.1493    -0.1499  +5.5208e-04      0.011 
 167    0   53  5    -0.1320    -0.1269    -0.1264  -4.6419e-04      0.011 
 262    9   12  4    -0.0950    -0.0944    -0.0938  -5.2431e-04      0.011 
 226   41   42  1    +0.1206    +0.1180    +0.1185  -5.0008e-04      0.011 
  28    0   28  6    +0.9773    +0.9776    +0.9769  +7.4374e-04      0.011 
 112    0   55  2    -0.0900    -0.0852    -0.0855  +3.5823e-04      0.011 
 151    0   37  5    +0.0000    +0.0027    +0.0029  -2.6036e-04      0.010 
 280   18   19  4    +0.0219    +0.0190    +0.0186  +3.9283e-04      0.010 
 266    1   15  4    +0.4696    +0.4657    +0.4651  +6.2775e-04      0.010 
 138    0   24  5    -0.0000    -0.0014    -0.0012  -2.5771e-04      0.010 
 385   41   11  1    -0.1252    -0.1241    -0.1246  +4.6506e-04      0.009 
  26    0   26  6    +0.9237    +0.9244    +0.9238  +5.7431e-04      0.009 
  73    0   16  2    -0.5680    -0.5706    -0.5701  -5.1548e-04      0.008 
  83    0   26  2    +0.0000    -0.0013    -0.0010  -2.5577e-04      0.008 
 279   14   15  4    -0.1833    -0.1798    -0.1794  -4.1634e-04      0.008 
 159    0   45  5    +0.0000    +0.0004    +0.0002  +2.4183e-04      0.008 
  16    0   16  6    +1.0141    +1.0124    +1.0130  -5.5231e-04      0.008 
 417    7    6  4    -0.0040    -0.0026    -0.0023  -2.7761e-04      0.007 
 481   55   54  4    +0.0746    +0.0721    +0.0718  +3.1044e-04      0.007 
 141    0   27  5    -0.0070    -0.0051    -0.0049  -2.1839e-04      0.007 
 121    0    7  5    +0.0000    -0.0005    -0.0003  -1.6787e-04      0.007 
  45    0   45  6    +1.0289    +1.0284    +1.0279  +4.5755e-04      0.006 
 327   39   57  4    +0.0333    +0.0341    +0.0338  +2.7529e-04      0.006 
  55    0   55  6    +1.0338    +1.0334    +1.0330  +4.5403e-04      0.006 
 127    0   13  5    -0.0300    -0.0253    -0.0252  -1.2415e-04      0.006 
 140    0   26  5    +0.0000    +0.0040    +0.0038  +1.7843e-04      0.006 
 474   50   49  4    -0.0637    -0.0616    -0.0619  +2.3419e-04      0.006 
 131    0   17  5    -0.1060    -0.1127    -0.1125  -1.9714e-04      0.005 
  97    0   40  2    +0.0000    -0.0023    -0.0025  +1.6930e-04      0.005 
  93    0   36  2    -0.0000    -0.0001    +0.0001  -1.1834e-04      0.005 
 367   25   24  1    -0.0871    -0.0869    -0.0871  +2.1204e-04      0.005 
 414    4    3  4    +0.1186    +0.1188    +0.1190  -1.6842e-04      0.004 
 320   53   54  4    -0.0391    -0.0380    -0.0378  -1.4778e-04      0.004 
 464   38   22  4    +0.0335    +0.0364    +0.0363  +1.2897e-04      0.004 
 393   49   48  1    +0.0259    +0.0285    +0.0283  +1.2035e-04      0.003 
  35    0   35  6    +0.9216    +0.9212    +0.9210  +1.7842e-04      0.003 
 366   25   24  1    -0.0907    -0.0873    -0.0871  -1.1796e-04      0.003 
 106    0   49  2    -0.2380    -0.2326    -0.2325  -9.4671e-05      0.002 
  19    0   19  6    +0.9506    +0.9515    +0.9516  -1.2800e-04      0.002 
 214   30   31  1    +0.0448    +0.0428    +0.0429  -7.1396e-05      0.002 
 479   53   52  4    -0.0370    -0.0328    -0.0327  -5.9131e-05      0.002 
 419    9    8  4    -0.3420    -0.3422    -0.3422  -2.2934e-05      0.000 
----------------------------------------------------------------------------------
Não foram identificados erros grosseiros.
Não foram identificadas medidas críticas.
Possíveis conjuntos críticos:
Conjunto 1: 367 93
Conjunto 2: 140 127
Conjunto 3: 55 327 45
Conjunto 4: 327 45
Conjunto 5: 83 73
Conjunto 6: 385 138
Conjunto 7: 138 266
Conjunto 8: 226 262
Conjunto 9: 282 134
Conjunto 10: 488 285
Conjunto 11: 135 166 125
Conjunto 12: 166 125
Conjunto 13: 475 316 448
Conjunto 14: 316 448
Conjunto 15: 448 460
Conjunto 16: 286 82
Conjunto 17: 46 302
Conjunto 18: 302 299
Conjunto 19: 153 405
Conjunto 20: 164 215
Conjunto 21: 215 415 239
Conjunto 22: 415 239
Conjunto 23: 88 453
Conjunto 24: 156 160
Conjunto 25: 456 253 170
Conjunto 26: 253 170
Conjunto 27: 170 435
Conjunto 28: 435 444
Conjunto 29: 365 463
Conjunto 30: 139 56
Conjunto 31: 342 260
Conjunto 32: 227 12 249
Conjunto 33: 12 249
Conjunto 34: 325 360
Conjunto 35: 116 272
Conjunto 36: 272 432 442
Conjunto 37: 432 442 490 344
Conjunto 38: 442 490 344
Conjunto 39: 490 344 341
Conjunto 40: 344 341
Conjunto 41: 49 114 372 201 99
Conjunto 42: 114 372 201 99
Conjunto 43: 372 201 99
Conjunto 44: 201 99
Conjunto 45: 120 391 361
Conjunto 46: 391 361
Conjunto 47: 398 323
Conjunto 48: 323 119
Conjunto 49: 119 466
Conjunto 50: 6 277
Conjunto 51: 377 113 462 161 439
Conjunto 52: 113 462 161 439
Conjunto 53: 462 161 439 200
Conjunto 54: 161 439 200
Conjunto 55: 439 200
Conjunto 56: 2 376 424 169
Conjunto 57: 376 424 169 80
Conjunto 58: 424 169 80
Conjunto 59: 169 80
Conjunto 60: 296 228
Conjunto 61: 228 64 425
Conjunto 62: 64 425
Conjunto 63: 322 193 413 422
Conjunto 64: 193 413 422 105
Conjunto 65: 413 422 105
Conjunto 66: 422 105 149
Conjunto 67: 105 149
Conjunto 68: 438 163 248
Conjunto 69: 163 248 450 445 152
Conjunto 70: 248 450 445 152 101 440
Conjunto 71: 450 445 152 101 440
Conjunto 72: 445 152 101 440
Conjunto 73: 152 101 440
Conjunto 74: 101 440
Conjunto 75: 175 237
Conjunto 76: 237 483
Conjunto 77: 483 292
Conjunto 78: 292 148
Conjunto 79: 148 96 74
Conjunto 80: 96 74 470 381 455
Conjunto 81: 74 470 381 455
Conjunto 82: 470 381 455
Conjunto 83: 381 455 348
Conjunto 84: 455 348
Conjunto 85: 348 362
Conjunto 86: 194 461 85 235
Conjunto 87: 461 85 235
Conjunto 88: 85 235 403
Conjunto 89: 235 403 186
Conjunto 90: 403 186
Conjunto 91: 358 14 278
Conjunto 92: 14 278 396
Conjunto 93: 278 396
Conjunto 94: 283 107 293 136
Conjunto 95: 107 293 136
Conjunto 96: 293 136
Conjunto 97: 136 386
Conjunto 98: 386 212 273
Conjunto 99: 212 273
Conjunto 100: 401 287
Conjunto 101: 287 254 428
Conjunto 102: 254 428 177 465
Conjunto 103: 428 177 465
Conjunto 104: 177 465
Conjunto 105: 205 232 355 77
Conjunto 106: 232 355 77
Conjunto 107: 355 77 65
Conjunto 108: 77 65 457
Conjunto 109: 65 457
Conjunto 110: 459 288 208 66 486
Conjunto 111: 288 208 66 486 234
Conjunto 112: 208 66 486 234 158
Conjunto 113: 66 486 234 158 270
Conjunto 114: 486 234 158 270
Conjunto 115: 234 158 270 491
Conjunto 116: 158 270 491
Conjunto 117: 270 491
Conjunto 118: 491 451
Conjunto 119: 451 389 92 90
Conjunto 120: 389 92 90 421
Conjunto 121: 92 90 421
Conjunto 122: 90 421
Conjunto 123: 36 356
Conjunto 124: 356 98
Conjunto 125: 98 104
Conjunto 126: 104 51 311
Conjunto 127: 51 311 21
Conjunto 128: 311 21
Conjunto 129: 347 179 275
Conjunto 130: 179 275 238
Conjunto 131: 275 238
Conjunto 132: 238 339 27
Conjunto 133: 339 27 198
Conjunto 134: 27 198 306
Conjunto 135: 198 306
Conjunto 136: 306 338
Conjunto 137: 397 263 265 411
Conjunto 138: 263 265 411
Conjunto 139: 265 411 162
Conjunto 140: 411 162
Conjunto 141: 58 216 1 408
Conjunto 142: 216 1 408
Conjunto 143: 1 408
Conjunto 144: 9 294
Conjunto 145: 81 310
Conjunto 146: 189 363 222 433 42
Conjunto 147: 363 222 433 42
Conjunto 148: 222 433 42 233
Conjunto 149: 433 42 233
Conjunto 150: 42 233 124 191
Conjunto 151: 233 124 191 473
Conjunto 152: 124 191 473
Conjunto 153: 191 473
Conjunto 154: 447 485
Conjunto 155: 485 429 225
Conjunto 156: 429 225
Conjunto 157: 225 420
Conjunto 158: 290 25
Conjunto 159: 308 102 364
Conjunto 160: 102 364 231 188
Conjunto 161: 364 231 188
Conjunto 162: 231 188 142 303
Conjunto 163: 188 142 303
Conjunto 164: 142 303 53 313
Conjunto 165: 303 53 313
Conjunto 166: 53 313 130 123
Conjunto 167: 313 130 123
Conjunto 168: 130 123 244 314
Conjunto 169: 123 244 314
Conjunto 170: 244 314 418
Conjunto 171: 314 418
Conjunto 172: 418 284 13 247 369
Conjunto 173: 284 13 247 369
Conjunto 174: 13 247 369
Conjunto 175: 247 369 315 84
Conjunto 176: 369 315 84
Conjunto 177: 315 84 246
Conjunto 178: 84 246 333
Conjunto 179: 246 333 95
Conjunto 180: 333 95 147
Conjunto 181: 95 147
Conjunto 182: 147 68 407
Conjunto 183: 68 407 168
Conjunto 184: 407 168 454 430 150
Conjunto 185: 168 454 430 150
Conjunto 186: 454 430 150 317
Conjunto 187: 430 150 317
Conjunto 188: 150 317
Conjunto 189: 317 192 383
Conjunto 190: 192 383
Conjunto 191: 383 409
Conjunto 192: 409 295 478 276
Conjunto 193: 295 478 276 223
Conjunto 194: 478 276 223
Conjunto 195: 276 223 203
Conjunto 196: 223 203 178 256
Conjunto 197: 203 178 256
Conjunto 198: 178 256
Conjunto 199: 256 91
Conjunto 200: 91 329
Conjunto 201: 329 87 443 195
Conjunto 202: 87 443 195
Conjunto 203: 443 195
Conjunto 204: 20 476 268
Conjunto 205: 476 268
Conjunto 206: 268 157 480 181
Conjunto 207: 157 480 181 137 86
Conjunto 208: 480 181 137 86 378
Conjunto 209: 181 137 86 378 281
Conjunto 210: 137 86 378 281 171
Conjunto 211: 86 378 281 171
Conjunto 212: 378 281 171
Conjunto 213: 281 171 402
Conjunto 214: 171 402
Conjunto 215: 402 132
Conjunto 216: 221 373 324 291 70 328
Conjunto 217: 373 324 291 70 328
Conjunto 218: 324 291 70 328
Conjunto 219: 291 70 328
Conjunto 220: 70 328 89
Conjunto 221: 328 89
Conjunto 222: 219 458 467 390 76
Conjunto 223: 458 467 390 76
Conjunto 224: 467 390 76
Conjunto 225: 390 76
Conjunto 226: 76 406 40
Conjunto 227: 406 40 300 331
Conjunto 228: 40 300 331
Conjunto 229: 300 331
Conjunto 230: 331 180 209
Conjunto 231: 180 209 437 309
Conjunto 232: 209 437 309 117 103
Conjunto 233: 437 309 117 103
Conjunto 234: 309 117 103 336 30
Conjunto 235: 117 103 336 30
Conjunto 236: 103 336 30
Conjunto 237: 336 30 39
Conjunto 238: 30 39 44
Conjunto 239: 39 44
Conjunto 240: 44 24
Conjunto 241: 24 368
Conjunto 242: 368 399 468 449
Conjunto 243: 399 468 449 197 143 452
Conjunto 244: 468 449 197 143 452
Conjunto 245: 449 197 143 452 224
Conjunto 246: 197 143 452 224
Conjunto 247: 143 452 224
Conjunto 248: 452 224
Conjunto 249: 446 395 371 111 307
Conjunto 250: 395 371 111 307
Conjunto 251: 371 111 307
Conjunto 252: 111 307 242
Conjunto 253: 307 242 257 165
Conjunto 254: 242 257 165
Conjunto 255: 257 165 183 271
Conjunto 256: 165 183 271
Conjunto 257: 183 271 146 129 174 326
Conjunto 258: 271 146 129 174 326
Conjunto 259: 146 129 174 326 345 261
Conjunto 260: 129 174 326 345 261
Conjunto 261: 174 326 345 261 78 274 423
Conjunto 262: 326 345 261 78 274 423
Conjunto 263: 345 261 78 274 423 434
Conjunto 264: 261 78 274 423 434
Conjunto 265: 78 274 423 434
Conjunto 266: 274 423 434
Conjunto 267: 423 434
Conjunto 268: 434 255 185
Conjunto 269: 255 185 374 297 410
Conjunto 270: 185 374 297 410
Conjunto 271: 374 297 410
Conjunto 272: 297 410
Conjunto 273: 176 258 217 264
Conjunto 274: 258 217 264
Conjunto 275: 217 264 211 312
Conjunto 276: 264 211 312
Conjunto 277: 211 312 172 38 236 250
Conjunto 278: 312 172 38 236 250
Conjunto 279: 172 38 236 250 484 241
Conjunto 280: 38 236 250 484 241 3
Conjunto 281: 236 250 484 241 3
Conjunto 282: 250 484 241 3
Conjunto 283: 484 241 3 196
Conjunto 284: 241 3 196
Conjunto 285: 3 196
Conjunto 286: 196 267 207 321
Conjunto 287: 267 207 321
Conjunto 288: 207 321
Conjunto 289: 321 126
Conjunto 290: 126 5 23
Conjunto 291: 5 23 375
Conjunto 292: 23 375 301 210
Conjunto 293: 375 301 210
Conjunto 294: 301 210 251
Conjunto 295: 210 251 15
Conjunto 296: 251 15
Conjunto 297: 15 245
Conjunto 298: 245 109 337
Conjunto 299: 109 337 218
Conjunto 300: 337 218
Conjunto 301: 357 489 416 487 332
Conjunto 302: 489 416 487 332
Conjunto 303: 416 487 332
Conjunto 304: 487 332 108 441
Conjunto 305: 332 108 441
Conjunto 306: 108 441
Conjunto 307: 128 426 394 388
Conjunto 308: 426 394 388
Conjunto 309: 394 388
Conjunto 310: 388 100
Conjunto 311: 427 52 155 379
Conjunto 312: 52 155 379
Conjunto 313: 155 379
Conjunto 314: 352 145 269 471
Conjunto 315: 145 269 471
Conjunto 316: 269 471
Conjunto 317: 471 243 380
Conjunto 318: 243 380
Conjunto 319: 133 202 482
Conjunto 320: 202 482
Conjunto 321: 482 469
Conjunto 322: 469 47 346 330 305 392 335
Conjunto 323: 47 346 330 305 392 335
Conjunto 324: 346 330 305 392 335
Conjunto 325: 330 305 392 335
Conjunto 326: 305 392 335 184
Conjunto 327: 392 335 184
Conjunto 328: 335 184
Conjunto 329: 229 43 318
Conjunto 330: 43 318 259 59
Conjunto 331: 318 259 59
Conjunto 332: 259 59
Conjunto 333: 17 32 206 412 382
Conjunto 334: 32 206 412 382
Conjunto 335: 206 412 382
Conjunto 336: 412 382
Conjunto 337: 173 436
Conjunto 338: 436 4 182
Conjunto 339: 4 182
Conjunto 340: 60 154
Conjunto 341: 154 298
Conjunto 342: 298 54
Conjunto 343: 54 11 94
Conjunto 344: 11 94
Conjunto 345: 384 187 7 22 37 31
Conjunto 346: 187 7 22 37 31
Conjunto 347: 7 22 37 31
Conjunto 348: 22 37 31
Conjunto 349: 37 31
Conjunto 350: 472 370 477 50
Conjunto 351: 370 477 50
Conjunto 352: 477 50
Conjunto 353: 8 34 10
Conjunto 354: 34 10
Conjunto 355: 10 431
Conjunto 356: 349 351
