### EVT (%) - ENTRE CDF E FLUXO CALCULADO DAS 19 hrs
------------------------------------------------------------
         CDF          Calculado
Barra  V     Ângulo   V     Ângulo EVT(%)
      (pu)   (grau)  (pu)   (grau)
------------------------------------------------------------
  1  0.955   10.98  0.955   10.67  0.54
  2  0.971   11.52  0.971   11.22  0.53
  3  0.968   11.87  0.968   11.56  0.53
  4  0.998   15.58  0.998   15.28  0.53
  5  1.002   16.03  1.002   15.73  0.52
  6  0.990   13.30  0.990   13.00  0.53
  7  0.989   12.86  0.989   12.56  0.52
  8  1.015   21.05  1.015   20.77  0.49
  9  1.043   28.30  1.043   28.02  0.49
 10  1.050   35.88  1.050   35.61  0.48
 11  0.985   13.02  0.985   12.72  0.52
 12  0.990   12.50  0.990   12.20  0.52
 13  0.968   11.64  0.968   11.35  0.51
 14  0.984   11.78  0.984   11.50  0.49
 15  0.970   11.49  0.970   11.23  0.45
 16  0.984   12.20  0.984   11.91  0.50
 17  0.995   14.01  0.995   13.74  0.46
 18  0.973   11.79  0.973   11.53  0.46
 19  0.963   11.31  0.963   11.05  0.45
 20  0.958   12.19  0.958   11.93  0.45
 21  0.959   13.77  0.959   13.52  0.45
 22  0.970   16.33  0.970   16.08  0.44
 23  1.000   21.25  1.000   21.00  0.44
 24  0.992   21.12  0.992   20.89  0.40
 25  1.050   28.18  1.050   27.93  0.44
 26  1.015   29.96  1.015   29.71  0.44
 27  0.968   15.61  0.968   15.35  0.46
 28  0.962   13.89  0.962   13.62  0.47
 29  0.963   12.90  0.963   12.63  0.46
 30  0.986   19.04  0.968   18.79  1.86
 31  0.967   13.01  0.967   12.75  0.46
 32  0.964   15.06  0.964   14.80  0.45
 33  0.972   10.86  0.972   10.63  0.41
 34  0.986   11.51  0.986   11.30  0.36
 35  0.981   11.08  0.981   10.87  0.37
 36  0.980   11.08  0.980   10.87  0.37
 37  0.992   11.97  0.992   11.77  0.35
 38  0.962   17.11  0.962   16.91  0.34
 39  0.970    8.60  0.970    8.41  0.33
 40  0.970    7.52  0.970    7.35  0.30
 41  0.967    7.08  0.967    6.92  0.28
 42  0.985    8.67  0.985    8.53  0.25
 43  0.978   11.46  0.978   11.28  0.32
 44  0.985   13.95  0.985   13.82  0.22
 45  0.987   15.78  0.987   15.67  0.19
 46  1.005   18.58  1.005   18.49  0.16
 47  1.017   20.80  1.017   20.73  0.13
 48  1.021   20.02  1.021   19.93  0.17
 49  1.025   21.03  1.025   20.94  0.15
 50  1.001   18.99  1.001   18.90  0.16
 51  0.967   16.37  0.967   16.28  0.16
 52  0.957   15.42  0.957   15.32  0.17
 53  0.946   14.44  0.946   14.35  0.16
 54  0.955   15.35  0.955   15.26  0.16
 55  0.952   15.06  0.952   14.97  0.16
 56  0.954   15.25  0.954   15.16  0.16
 57  0.971   16.45  0.971   16.36  0.17
 58  0.959   15.60  0.959   15.51  0.15
 59  0.985   19.45  0.985   19.37  0.14
 60  0.993   23.23  0.993   23.15  0.15
 61  0.995   24.13  0.995   24.04  0.15
 62  0.998   23.51  0.998   23.43  0.14
 63  0.969   22.83  0.969   22.75  0.14
 64  0.984   24.60  0.984   24.52  0.14
 65  1.005   27.72  1.005   27.65  0.13
 66  1.050   27.56  1.050   27.48  0.14
 67  1.020   24.92  1.020   24.84  0.15
 68  1.003   27.60  1.003   27.55  0.09
 69  1.035   30.00  1.035   30.00  0.00
 70  0.984   22.62  0.984   22.58  0.07
 71  0.987   22.21  0.987   22.15  0.10
 72  0.980   21.11  0.980   20.98  0.23
 73  0.991   22.00  0.991   21.94  0.10
 74  0.958   21.67  0.958   21.64  0.05
 75  0.967   22.93  0.967   22.91  0.05
 76  0.943   21.80  0.943   21.77  0.06
 77  1.006   26.76  1.006   26.72  0.06
 78  1.003   26.45  1.003   26.42  0.07
 79  1.009   26.75  1.009   26.72  0.06
 80  1.040   29.00  1.040   28.96  0.07
 81  0.997   28.15  0.997   28.10  0.09
 82  0.989   27.28  0.989   27.24  0.07
 83  0.985   28.47  0.985   28.42  0.10
 84  0.980   31.00  0.980   30.95  0.09
 85  0.985   32.55  0.985   32.51  0.08
 86  0.987   31.19  0.987   31.14  0.09
 87  1.015   31.44  1.015   31.40  0.08
 88  0.987   35.69  0.987   35.64  0.09
 89  1.005   39.74  1.005   39.69  0.09
 90  0.985   33.34  0.985   33.29  0.08
 91  0.980   33.36  0.980   33.31  0.08
 92  0.992   33.85  0.993   33.80  0.12
 93  0.987   30.84  0.987   30.79  0.09
 94  0.991   28.69  0.991   28.64  0.10
 95  0.981   27.72  0.981   27.67  0.08
 96  0.993   27.55  0.993   27.51  0.08
 97  1.011   27.92  1.011   27.88  0.08
 98  1.024   27.45  1.024   27.40  0.09
 99  1.010   27.08  1.010   27.04  0.08
100  1.017   28.08  1.017   28.03  0.09
101  0.992   29.65  0.993   29.61  0.09
102  0.991   32.35  0.991   32.30  0.09
103  1.001   24.49  1.001   24.44  0.08
104  0.971   21.74  0.971   21.69  0.09
105  0.966   20.62  0.965   20.57  0.13
106  0.962   20.37  0.962   20.32  0.09
107  0.952   17.58  0.952   17.53  0.09
108  0.967   19.43  0.967   19.38  0.09
109  0.967   18.98  0.967   18.93  0.10
110  0.973   18.14  0.973   18.09  0.09
111  0.980   19.78  0.980   19.74  0.08
112  0.975   15.04  0.975   14.99  0.09
113  0.993   14.00  0.993   13.74  0.46
114  0.960   14.73  0.960   14.46  0.47
115  0.960   14.72  0.960   14.46  0.46
116  1.005   27.17  1.005   27.12  0.08
117  0.974   10.96  0.974   10.67  0.50
118  0.949   21.95  0.949   21.92  0.06
                  EVT(%) MÉDIO ->  0.25
24 SIMULAÇÕES COM 83.22s