
  **********   RELATÓRIO - FALTA TRIFÁSICA    ->   BARRA - 19   **********

  CORRENTE DE FALTA: 
  -----------------------------------------------------------------------------------------
            FASE A                        FASE B                        FASE C
   Módulo(pu)    Ângulo(grau)    Módulo(pu)    Ângulo(grau)    Módulo(pu)    Ângulo(grau)
  ------------------------------------------------------------------------------------------
     0.6325          79.95            0.6325      -40.05          0.6325       -160.05


  TENSÕES NAS BARRAS: 
  -----------------------------------------------------------------------------------------------
  BARRA             FASE A                        FASE B                        FASE C
           Módulo(pu)    Ângulo(grau)    Módulo(pu)    Ângulo(grau)    Módulo(pu)    Ângulo(grau)
  -----------------------------------------------------------------------------------------------
   1        0.1153         141.41          0.1153          21.41         0.1153         -98.59
   2        0.1151         141.37          0.1151          21.37         0.1151         -98.63
   3        0.1069         140.40          0.1069          20.40         0.1069         -99.60
   4        0.1038         140.10          0.1038          20.10         0.1038         -99.90
   5        0.1158         141.44          0.1158          21.44         0.1158         -98.56
   6        0.1072         140.71          0.1072          20.71         0.1072         -99.29
   7        0.1118         141.18          0.1118          21.18         0.1118         -98.82
   8        0.1084         140.83          0.1084          20.83         0.1084         -99.17
   9        0.1198         145.01          0.1198          25.01         0.1198         -94.99
  10        0.1142         144.23          0.1142          24.23         0.1142         -95.77
  11        0.1198         145.01          0.1198          25.01         0.1198         -94.99
  12        0.1252         144.70          0.1252          24.70         0.1252         -95.30
  13        0.1252         144.70          0.1252          24.70         0.1252         -95.30
  14        0.1129         143.65          0.1129          23.65         0.1129         -96.35
  15        0.1001         145.17          0.1001          25.17         0.1001         -94.83
  16        0.1204         144.70          0.1204          24.70         0.1204         -95.30
  17        0.1162         144.32          0.1162          24.32         0.1162         -95.68
  18        0.0372         145.07          0.0372          25.07         0.0372         -94.93
  19        0.0000           0.00          0.0000           0.00         0.0000           0.00
  20        0.0285         142.40          0.0285          22.40         0.0285         -97.60
  21        0.1156         144.41          0.1156          24.41         0.1156         -95.59
  22        0.1161         144.46          0.1161          24.46         0.1161         -95.54
  23        0.1097         144.95          0.1097          24.95         0.1097         -95.05
  24        0.1224         144.75          0.1224          24.75         0.1224         -95.25
  25        0.1307         145.46          0.1307          25.46         0.1307         -94.54
  26        0.1307         145.46          0.1307          25.46         0.1307         -94.54
  27        0.1357         145.94          0.1357          25.94         0.1357         -94.06
  28        0.1080         140.65          0.1080          20.65         0.1080         -99.35
  29        0.1357         145.94          0.1357          25.94         0.1357         -94.06
  30        0.1357         145.94          0.1357          25.94         0.1357         -94.06


  CORRENTES NOS RAMOS: 
  -----------------------------------------------------------------------------------------------------
  DE     PARA              FASE A                        FASE B                        FASE C
                  Módulo(pu)    Ângulo(grau)    Módulo(pu)    Ângulo(grau)    Módulo(pu)    Ângulo(grau)
  -----------------------------------------------------------------------------------------------------
  1      2         0.0042          86.71          0.0042          -33.29          0.0042        -153.29
  1      3         0.0503          79.27          0.0503          -40.73          0.0503        -160.73
  2      4         0.0629          81.04          0.0629          -38.96          0.0629        -158.96
  3      4         0.0787          79.52          0.0787          -40.48          0.0787        -160.48
  2      5         0.0037        -103.70          0.0037          136.30          0.0037          16.30
  2      6         0.0430          78.47          0.0430          -41.53          0.0430        -161.53
  4      6         0.0823         -95.12          0.0823          144.88          0.0823          24.88
  5      7         0.0325          80.23          0.0325          -39.77          0.0325        -159.77
  6      7         0.0542         -99.90          0.0542          140.10          0.0542          20.10
  6      8         0.0279        -102.61          0.0279          137.39          0.0279          17.39
  6      9         0.0731         -93.08          0.0731          146.92          0.0731          26.92
  6     10         0.0175         -83.27          0.0175          156.73          0.0175          36.73
  9     11         0.0000         169.95          0.0000           49.95          0.0000         -70.05
  9     10         0.0531          70.40          0.0531          -49.60          0.0531        -169.60
  4     12         0.0910        -104.35          0.0910          135.65          0.0910          15.65
 12     13         0.0000           0.00          0.0000            0.00          0.0000           0.00
 12     14         0.0441          89.92          0.0441          -30.08          0.0441        -150.08
 12     15         0.1722          79.77          0.1722          -40.23          0.1722        -160.23
 12     16         0.0219          80.18          0.0219          -39.82          0.0219        -159.82
 14     15         0.0441          89.92          0.0441          -30.08          0.0441        -150.08
 16     17         0.0219          80.18          0.0219          -39.82          0.0219        -159.82
 15     18         0.2582          81.38          0.2582          -38.62          0.2582        -158.62
 18     19         0.2582          81.38          0.2582          -38.62          0.2582        -158.62
 19     20         0.3744        -101.03          0.3744          138.97          0.3744          18.97
 10     20         0.3744          78.97          0.3744          -41.03          0.3744        -161.03
 10     17         0.0219         -99.82          0.0219          140.18          0.0219          20.18
 10     21         0.0181         -87.39          0.0181          152.61          0.0181          32.61
 10     22         0.0118         -86.74          0.0118          153.26          0.0118          33.26
 21     22         0.0181         -87.39          0.0181          152.61          0.0181          32.61
 15     23         0.0425        -100.94          0.0425          139.06          0.0425          19.06
 22     24         0.0299         -87.14          0.0299          152.86          0.0299          32.86
 23     24         0.0425        -100.94          0.0425          139.06          0.0425          19.06
 24     25         0.0221         -84.30          0.0221          155.70          0.0221          35.70
 25     26         0.0000         -91.73          0.0000          148.27          0.0000          28.27
 25     27         0.0221         -84.30          0.0221          155.70          0.0221          35.70
 28     27         0.0755        -104.60          0.0755          135.40          0.0755          15.40
 27     29         0.0000         -75.29          0.0000          164.71          0.0000          44.71
 27     30         0.0000         -54.71          0.0000         -174.71          0.0000          65.29
 29     30         0.0000         -37.95          0.0000         -157.95          0.0000          82.05
  8     28         0.0024         110.96          0.0024           -9.04          0.0024        -129.04
  6     28         0.0133        -121.76          0.0133          118.24          0.0133          -1.76
 10      0         0.2213         -99.88          0.2213          140.12          0.2213          20.12
 24      0         0.0504        -100.01          0.0504          139.99          0.0504          19.99
