
  **********   RELATÓRIO - FALTA TRIFÁSICA    ->   BARRA - 17   **********

  CORRENTE DE FALTA: 
  -----------------------------------------------------------------------------------------
            FASE A                        FASE B                        FASE C
   Módulo(pu)    Ângulo(grau)    Módulo(pu)    Ângulo(grau)    Módulo(pu)    Ângulo(grau)
  ------------------------------------------------------------------------------------------
     0.6094          83.89            0.6094      -36.11          0.6094       -156.11


  TENSÕES NAS BARRAS: 
  -----------------------------------------------------------------------------------------------
  BARRA             FASE A                        FASE B                        FASE C
           Módulo(pu)    Ângulo(grau)    Módulo(pu)    Ângulo(grau)    Módulo(pu)    Ângulo(grau)
  -----------------------------------------------------------------------------------------------
   1        0.0494         147.17          0.0494          27.17         0.0494         -92.83
   2        0.0490         147.10          0.0490          27.10         0.0490         -92.90
   3        0.0416         145.04          0.0416          25.04         0.0416         -94.96
   4        0.0387         144.32          0.0387          24.32         0.0387         -95.68
   5        0.0494         147.23          0.0494          27.23         0.0494         -92.77
   6        0.0407         145.79          0.0407          25.79         0.0407         -94.21
   7        0.0453         146.79          0.0453          26.79         0.0453         -93.21
   8        0.0419         146.04          0.0419          26.04         0.0419         -93.96
   9        0.0486         154.26          0.0486          34.26         0.0486         -85.74
  10        0.0405         152.45          0.0405          32.45         0.0405         -87.55
  11        0.0486         154.26          0.0486          34.26         0.0486         -85.74
  12        0.0675         154.57          0.0675          34.57         0.0675         -85.43
  13        0.0675         154.57          0.0675          34.57         0.0675         -85.43
  14        0.0654         154.03          0.0654          34.03         0.0654         -85.97
  15        0.0631         154.24          0.0631          34.24         0.0631         -85.76
  16        0.0322         159.92          0.0322          39.92         0.0322         -80.08
  17        0.0000           0.00          0.0000           0.00         0.0000           0.00
  18        0.0551         153.87          0.0551          33.87         0.0551         -86.13
  19        0.0504         153.60          0.0504          33.60         0.0504         -86.40
  20        0.0480         153.45          0.0480          33.45         0.0480         -86.55
  21        0.0441         152.91          0.0441          32.91         0.0441         -87.09
  22        0.0452         153.01          0.0452          33.01         0.0452         -86.99
  23        0.0619         153.49          0.0619          33.49         0.0619         -86.51
  24        0.0603         152.43          0.0603          32.43         0.0603         -87.57
  25        0.0668         154.10          0.0668          34.10         0.0668         -85.90
  26        0.0668         154.10          0.0668          34.10         0.0668         -85.90
  27        0.0709         155.11          0.0709          35.11         0.0709         -84.89
  28        0.0417         145.54          0.0417          25.54         0.0417         -94.46
  29        0.0709         155.11          0.0709          35.11         0.0709         -84.89
  30        0.0709         155.11          0.0709          35.11         0.0709         -84.89


  CORRENTES NOS RAMOS: 
  -----------------------------------------------------------------------------------------------------
  DE     PARA              FASE A                        FASE B                        FASE C
                  Módulo(pu)    Ângulo(grau)    Módulo(pu)    Ângulo(grau)    Módulo(pu)    Ângulo(grau)
  -----------------------------------------------------------------------------------------------------
  1      2         0.0060          84.70          0.0060          -35.30          0.0060        -155.30
  1      3         0.0464          83.66          0.0464          -36.34          0.0464        -156.34
  2      4         0.0577          85.52          0.0577          -34.48          0.0577        -154.48
  3      4         0.0738          83.74          0.0738          -36.26          0.0738        -156.26
  2      5         0.0020         -93.83          0.0020          146.17          0.0020          26.17
  2      6         0.0449          81.77          0.0449          -38.23          0.0449        -158.23
  4      6         0.0533         -82.58          0.0533          157.42          0.0533          37.42
  5      7         0.0329          83.63          0.0329          -36.37          0.0329        -156.37
  6      7         0.0538         -96.28          0.0538          143.72          0.0538          23.72
  6      8         0.0277         -99.31          0.0277          140.69          0.0277          20.69
  6      9         0.0492         -79.86          0.0492          160.14          0.0492          40.14
  6     10         0.0085         -28.40          0.0085         -148.40          0.0085          91.60
  9     11         0.0000        -133.27          0.0000          106.73          0.0000         -13.27
  9     10         0.0743          73.28          0.0743          -46.72          0.0743        -166.72
  4     12         0.1183        -102.30          0.1183          137.70          0.1183          17.70
 12     13         0.0000           0.00          0.0000            0.00          0.0000           0.00
 12     14         0.0078         106.17          0.0078          -13.83          0.0078        -133.83
 12     15         0.0306          96.03          0.0306          -23.97          0.0306        -143.97
 12     16         0.1617          85.16          0.1617          -34.84          0.1617        -154.84
 14     15         0.0078         106.17          0.0078          -13.83          0.0078        -133.83
 16     17         0.1617          85.16          0.1617          -34.84          0.1617        -154.84
 15     18         0.0326          93.03          0.0326          -26.97          0.0326        -146.97
 18     19         0.0326          93.03          0.0326          -26.97          0.0326        -146.97
 19     20         0.0326          93.03          0.0326          -26.97          0.0326        -146.97
 10     20         0.0326         -86.97          0.0326          153.03          0.0326          33.03
 10     17         0.4478          83.43          0.4478          -36.57          0.4478        -156.57
 10     21         0.0429         -86.86          0.0429          153.14          0.0429          33.14
 10     22         0.0280         -86.21          0.0280          153.79          0.0280          33.79
 21     22         0.0429         -86.86          0.0429          153.14          0.0429          33.14
 15     23         0.0065         124.29          0.0065            4.29          0.0065        -115.71
 22     24         0.0709         -86.60          0.0709          153.40          0.0709          33.40
 23     24         0.0065         124.29          0.0065            4.29          0.0065        -115.71
 24     25         0.0180         -71.15          0.0180          168.85          0.0180          48.85
 25     26         0.0000         -79.53          0.0000          160.47          0.0000          40.47
 25     27         0.0180         -71.15          0.0180          168.85          0.0180          48.85
 28     27         0.0770        -101.75          0.0770          138.25          0.0770          18.25
 27     29         0.0000        -158.22          0.0000           81.78          0.0000         -38.22
 27     30         0.0000         -50.47          0.0000         -170.47          0.0000          69.53
 29     30         0.0000         -47.67          0.0000         -167.67          0.0000          72.33
  8     28         0.0019         137.46          0.0019           17.46          0.0019        -102.54
  6     28         0.0166        -118.28          0.0166          121.72          0.0166           1.72
 10      0         0.2117         -95.85          0.2117          144.15          0.2117          24.15
 24      0         0.0487         -96.22          0.0487          143.78          0.0487          23.78
