(Arquivo de funções de custo do MW por usina.)
(Data: 04/09/2019)
(Entre com os coeficientes da função polinomial que descreve o custo de geração da usina x.)
(Ex: função de custo -> F1(P) = 459 + 6.48*P + 0.00128*P² :::: representada por: 459   6.48   0.00128)
(----------------------------------------------------------------------------------------------------)
(Usi.num-----coef1--------coef2--------coef3--------coef4--------coef5--------coef6--------coef7--------coef8--------coef9--------coef10--------coef11--------coef12--------coef13--------coef14--------coef15--------coef16)
1            561          7.92         0.001562      
2            310          7.85         0.00194
3            78           7.97         0.00482
4            89           7.0          0.0032
5            178          8.52         0.001879      
6            200          6.85         0.00134
7            130          9.97         0.00479
8            700          10.0         0.0001
9            483          9.92         0.0012      
10           60           13.85        0.00744
11           155          8.13         0.00982
12           780          5.0          0.0012
13           300          8.0          0.0019
14           419          8.52         0.0012      
15           260          7.85         0.00644
16           512          6.93         0.00982
17           598          6.1          0.0032
18           412          5.93         0.01082
19           398          7.1          0.0022
NEXT
(Usi.num-----Pmin---------Pmax---------
1            10           200        
2            40           440
3            35           300
4            50           650
5            75           250        
6            20           400
7            10           220
8            100          550
9            80           270        
10           75           600
11           75           300
12           50           550
13           10           200        
14           10           220
15           10           200
16           50           450
17           50           490
18           40           320
19           35           250
END