(Lista de prioridades para comissionamento de usinas)
(--------------------------------------------------------------------)
(--------------------------------------------------------------------)
(lista de testes)
(Utilize virgula para separar usinas que devem ser)
(testadas em conjunto e ponto e virgula para finalizar a linha)
(Letra "E" ao final mostra o fim do arquivo)
(--------)
1;
2;
1,2;
1,2,3;
2,3;
4;
3,4;
1,4;
2,4;
1,3,4;
1,2,4;
1,2,3,4,5,6;
1,2,3,4,5,6,7,8,9;
1,3,9,10,11,12,17;
1,2,5,8,13,14,15;
1,5,7,8,13,14,15,16,17;
1,2,3,4,5,6,7,8,9,10,11,12,13,14,15,16,17;
5,9,10,13,15,16,17;
1,2,3,4,5,6,10,11,12,13,14,15;
1,2,3,4,5,6,10,11,12,13,14,15,16,17;
1,2,3,4,5,6,10,11,12,13,14,15,16;
1,2,3,4,5,6,10,11,12,13,14,15,18,19;
1,2,3,4,5,6,10,11,12,13,14,15,16,17,19;
1,2,3,4,5,6,10,11,12,13,14,15,16,17,18,19;
1,2,3,4,5,6,7,9,10,11,12,14,15,16,17,18,19;
1,2,3,4,5,6,7,8,9,10,11,12,13,14,15,16,17,18,19;
E