### EVT (%) - ENTRE CDF E FLUXO CALCULADO DAS 19 hrs
------------------------------------------------------------
         CDF          Calculado
Barra  V     Ângulo   V     Ângulo EVT(%)
      (pu)   (grau)  (pu)   (grau)
------------------------------------------------------------
  1  1.040    0.00  1.040    0.00  0.00
  2  1.010   -1.19  1.010   -1.18  0.01
  3  0.985   -5.99  0.985   -5.97  0.03
  4  0.981   -7.34  0.981   -7.32  0.04
  5  0.976   -8.55  0.976   -8.52  0.07
  6  0.980   -8.67  0.980   -8.65  0.04
  7  0.984   -7.60  0.984   -7.58  0.04
  8  1.005   -4.48  1.005   -4.45  0.05
  9  0.980   -9.58  0.980   -9.56  0.04
 10  0.986  -11.45  0.986  -11.43  0.04
 11  0.974  -10.19  0.974  -10.17  0.04
 12  1.015  -10.47  1.015  -10.46  0.02
 13  0.979   -9.80  0.979   -9.79  0.03
 14  0.970   -9.35  0.970   -9.33  0.04
 15  0.988   -7.19  0.988   -7.18  0.02
 16  1.013   -8.86  1.013   -8.85  0.04
 17  1.017   -5.40  1.017   -5.39  0.05
 18  1.001  -11.73  1.001  -11.71  0.05
 19  0.970  -13.23  0.970  -13.20  0.05
 20  0.964  -13.44  0.964  -13.41  0.06
 21  1.008  -12.93  1.008  -12.89  0.08
 22  1.010  -12.87  1.010  -12.84  0.06
 23  1.008  -12.94  1.008  -12.91  0.06
 24  0.999  -13.29  0.999  -13.25  0.08
 25  0.983  -18.17  0.982  -18.13  0.09
 26  0.959  -12.98  0.959  -12.95  0.06
 27  0.982  -11.51  0.982  -11.48  0.07
 28  0.997  -10.48  0.997  -10.45  0.06
 29  1.010   -9.77  1.010   -9.75  0.04
 30  0.963  -18.72  0.962  -18.68  0.10
 31  0.936  -19.38  0.936  -19.34  0.08
 32  0.950  -18.51  0.949  -18.46  0.13
 33  0.948  -18.55  0.947  -18.50  0.11
 34  0.959  -14.15  0.959  -14.10  0.09
 35  0.966  -13.91  0.966  -13.86  0.08
 36  0.976  -13.63  0.976  -13.59  0.08
 37  0.985  -13.45  0.985  -13.41  0.06
 38  1.013  -12.73  1.013  -12.71  0.05
 39  0.983  -13.49  0.983  -13.46  0.06
 40  0.973  -13.66  0.973  -13.62  0.07
 41  0.996  -14.08  0.996  -14.05  0.05
 42  0.967  -15.53  0.966  -15.50  0.08
 43  1.010  -11.35  1.010  -11.33  0.06
 44  1.017  -11.86  1.017  -11.86  0.02
 45  1.036   -9.27  1.036   -9.25  0.04
 46  1.060  -11.12  1.050  -11.89  1.65
 47  1.033  -12.51  1.033  -12.49  0.04
 48  1.027  -12.61  1.027  -12.59  0.05
 49  1.036  -12.94  1.036  -12.92  0.04
 50  1.023  -13.41  1.023  -13.39  0.05
 51  1.052  -12.53  1.052  -12.52  0.03
 52  0.980  -11.50  0.980  -11.47  0.06
 53  0.971  -12.25  0.971  -12.23  0.04
 54  0.996  -11.71  0.996  -11.69  0.05
 55  1.031  -10.80  1.031  -10.78  0.04
 56  0.968  -16.07  0.968  -16.04  0.06
 57  0.965  -16.58  0.965  -16.56  0.05
                  EVT(%) MÉDIO ->  0.08
24 SIMULAÇÕES COM 36.75s