
  **********   RELATÓRIO - FALTA TRIFÁSICA    ->   BARRA - 40   **********

  CORRENTE DE FALTA: 
  -----------------------------------------------------------------------------------------
            FASE A                        FASE B                        FASE C
   Módulo(pu)    Ângulo(grau)    Módulo(pu)    Ângulo(grau)    Módulo(pu)    Ângulo(grau)
  ------------------------------------------------------------------------------------------
    29.8193          23.85           29.8193      -96.15         29.8193        143.85


  TENSÕES NAS BARRAS: 
  -----------------------------------------------------------------------------------------------
  BARRA             FASE A                        FASE B                        FASE C
           Módulo(pu)    Ângulo(grau)    Módulo(pu)    Ângulo(grau)    Módulo(pu)    Ângulo(grau)
  -----------------------------------------------------------------------------------------------
   1        2.6420          99.05          2.6420         -20.95         2.6420        -140.95
   2        2.6332          99.03          2.6332         -20.97         2.6332        -140.97
   3        2.6441          99.06          2.6441         -20.94         2.6441        -140.94
   4        2.6511          99.12          2.6511         -20.88         2.6511        -140.88
   5        2.6534          99.13          2.6534         -20.87         2.6534        -140.87
   6        2.6403          99.07          2.6403         -20.93         2.6403        -140.93
   7        2.6348          99.05          2.6348         -20.95         2.6348        -140.95
   8        2.6660          99.32          2.6660         -20.68         2.6660        -140.68
   9        2.7781          99.78          2.7781         -20.22         2.7781        -140.22
  10        2.8189          99.93          2.8189         -20.07         2.8189        -140.07
  11        2.6296          99.04          2.6296         -20.96         2.6296        -140.96
  12        2.6253          99.02          2.6253         -20.98         2.6253        -140.98
  13        2.5931          98.92          2.5931         -21.08         2.5931        -141.08
  14        2.5826          98.89          2.5826         -21.11         2.5826        -141.11
  15        2.4517          98.51          2.4517         -21.49         2.4517        -141.49
  16        2.5988          98.96          2.5988         -21.04         2.5988        -141.04
  17        2.5296          98.81          2.5296         -21.19         2.5296        -141.19
  18        2.4790          98.60          2.4790         -21.40         2.4790        -141.40
  19        2.4288          98.37          2.4288         -21.63         2.4288        -141.63
  20        2.5290          98.65          2.5290         -21.35         2.5290        -141.35
  21        2.5977          98.83          2.5977         -21.17         2.5977        -141.17
  22        2.6720          99.01          2.6720         -20.99         2.6720        -140.99
  23        2.7837          99.29          2.7837         -20.71         2.7837        -140.71
  24        2.8715          99.28          2.8715         -20.72         2.8715        -140.72
  25        2.7310          99.42          2.7310         -20.58         2.7310        -140.58
  26        2.6251          98.93          2.6251         -21.07         2.6251        -141.07
  27        2.7098          99.15          2.7098         -20.85         2.7098        -140.85
  28        2.6916          99.09          2.6916         -20.91         2.6916        -140.91
  29        2.6670          99.03          2.6670         -20.97         2.6670        -140.97
  30        2.4813          98.70          2.4813         -21.30         2.4813        -141.30
  31        2.6571          99.02          2.6571         -20.98         2.6571        -140.98
  32        2.7007          99.10          2.7007         -20.90         2.7007        -140.90
  33        2.1248          97.46          2.1248         -22.54         2.1248        -142.54
  34        1.7852          95.84          1.7852         -24.16         1.7852        -144.16
  35        1.7693          95.76          1.7693         -24.24         1.7693        -144.24
  36        1.7736          95.80          1.7736         -24.20         1.7736        -144.20
  37        1.7480          95.61          1.7480         -24.39         1.7480        -144.39
  38        2.1413          97.78          2.1413         -22.22         2.1413        -142.22
  39        0.6353          95.61          0.6353         -24.39         0.6353        -144.39
  40        0.0000           0.00          0.0000        -120.00         0.0000         120.00
  41        0.2536          97.21          0.2536         -22.79         0.2536        -142.79
  42        0.9589          96.86          0.9589         -23.14         0.9589        -143.14
  43        2.0526          97.29          2.0526         -22.71         2.0526        -142.71
  44        2.4279          98.78          2.4279         -21.22         2.4279        -141.22
  45        2.5438          99.18          2.5438         -20.82         2.5438        -140.82
  46        2.6374          99.34          2.6374         -20.66         2.6374        -140.66
  47        2.6916          99.47          2.6916         -20.53         2.6916        -140.53
  48        2.6288          99.37          2.6288         -20.63         2.6288        -140.63
  49        2.6082          99.40          2.6082         -20.60         2.6082        -140.60
  50        2.6504          99.36          2.6504         -20.64         2.6504        -140.64
  51        2.7023          99.29          2.7023         -20.71         2.7023        -140.71
  52        2.7164          99.27          2.7164         -20.73         2.7164        -140.73
  53        2.7455          99.27          2.7455         -20.73         2.7455        -140.73
  54        2.7581          99.27          2.7581         -20.73         2.7581        -140.73
  55        2.7665          99.26          2.7665         -20.74         2.7665        -140.74
  56        2.7617          99.27          2.7617         -20.73         2.7617        -140.73
  57        2.7184          99.30          2.7184         -20.70         2.7184        -140.70
  58        2.7295          99.28          2.7295         -20.72         2.7295        -140.72
  59        2.8415          99.26          2.8415         -20.74         2.8415        -140.74
  60        2.8424          99.26          2.8424         -20.74         2.8424        -140.74
  61        2.8421          99.26          2.8421         -20.74         2.8421        -140.74
  62        2.8399          99.27          2.8399         -20.73         2.8399        -140.73
  63        2.7953          99.02          2.7953         -20.98         2.7953        -140.98
  64        2.8111          99.08          2.8111         -20.92         2.8111        -140.92
  65        2.8159          99.08          2.8159         -20.92         2.8159        -140.92
  66        2.8121          99.31          2.8121         -20.69         2.8121        -140.69
  67        2.8284          99.30          2.8284         -20.70         2.8284        -140.70
  68        2.9614          99.25          2.9614         -20.75         2.9614        -140.75
  69        3.1470         100.02          3.1470         -19.98         3.1470        -139.98
  70        3.1724         100.04          3.1724         -19.96         3.1724        -139.96
  71        3.1514          99.98          3.1514         -20.02         3.1514        -140.02
  72        3.0277          99.66          3.0277         -20.34         3.0277        -140.34
  73        3.1520          99.98          3.1520         -20.02         3.1520        -140.02
  74        3.2492         100.00          3.2492         -20.00         3.2492        -140.00
  75        3.2577         100.00          3.2577         -20.00         3.2577        -140.00
  76        3.3238         100.03          3.3238         -19.97         3.3238        -139.97
  77        3.4068         100.08          3.4068         -19.92         3.4068        -139.92
  78        3.4136         100.09          3.4136         -19.91         3.4136        -139.91
  79        3.4259         100.11          3.4259         -19.89         3.4259        -139.89
  80        3.4205         100.19          3.4205         -19.81         3.4205        -139.81
  81        3.0846          99.30          3.0846         -20.70         3.0846        -140.70
  82        3.6170          99.83          3.6170         -20.17         3.6170        -140.17
  83        3.6705          99.75          3.6705         -20.25         3.6705        -140.25
  84        3.7303          99.62          3.7303         -20.38         3.7303        -140.38
  85        3.7555          99.58          3.7555         -20.42         3.7555        -140.42
  86        3.7779          99.54          3.7779         -20.46         3.7779        -140.46
  87        3.7921          99.55          3.7921         -20.45         3.7921        -140.45
  88        3.7833          99.61          3.7833         -20.39         3.7833        -140.39
  89        3.7975          99.63          3.7975         -20.37         3.7975        -140.37
  90        3.8118          99.62          3.8118         -20.38         3.8118        -140.38
  91        3.8064          99.63          3.8064         -20.37         3.8064        -140.37
  92        3.7873          99.66          3.7873         -20.34         3.7873        -140.34
  93        3.7535          99.72          3.7535         -20.28         3.7535        -140.28
  94        3.7196          99.79          3.7196         -20.21         3.7196        -140.21
  95        3.6781          99.86          3.6781         -20.14         3.6781        -140.14
  96        3.6235          99.95          3.6235         -20.05         3.6235        -140.05
  97        3.5279         100.06          3.5279         -19.94         3.5279        -139.94
  98        3.5608         100.00          3.5608         -20.00         3.5608        -140.00
  99        3.6805          99.85          3.6805         -20.15         3.6805        -140.15
 100        3.7739          99.73          3.7739         -20.27         3.7739        -140.27
 101        3.7882          99.69          3.7882         -20.31         3.7882        -140.31
 102        3.7901          99.67          3.7901         -20.33         3.7901        -140.33
 103        3.8483          99.61          3.8483         -20.39         3.8483        -140.39
 104        3.8878          99.58          3.8878         -20.42         3.8878        -140.42
 105        3.9120          99.54          3.9120         -20.46         3.9120        -140.46
 106        3.9030          99.55          3.9030         -20.45         3.9030        -140.45
 107        3.9398          99.49          3.9398         -20.51         3.9398        -140.51
 108        3.9247          99.52          3.9247         -20.48         3.9247        -140.48
 109        3.9287          99.52          3.9287         -20.48         3.9287        -140.48
 110        3.9357          99.52          3.9357         -20.48         3.9357        -140.48
 111        3.9381          99.51          3.9381         -20.49         3.9381        -140.49
 112        3.9423          99.50          3.9423         -20.50         3.9423        -140.50
 113        2.5532          98.85          2.5532         -21.15         2.5532        -141.15
 114        2.7059          99.13          2.7059         -20.87         2.7059        -140.87
 115        2.7066          99.13          2.7066         -20.87         2.7066        -140.87
 116        2.9621          99.25          2.9621         -20.75         2.9621        -140.75
 117        2.6302          99.02          2.6302         -20.98         2.6302        -140.98
 118        3.2896         100.02          3.2896         -19.98         3.2896        -139.98


  CORRENTES NOS RAMOS: 
  -----------------------------------------------------------------------------------------------------
  DE     PARA              FASE A                        FASE B                        FASE C
                  Módulo(pu)    Ângulo(grau)    Módulo(pu)    Ângulo(grau)    Módulo(pu)    Ângulo(grau)
  -----------------------------------------------------------------------------------------------------
  1      2         0.0842          32.59          0.0842          -87.41          0.0842         152.59
  1      3         0.0501        -142.38          0.0501           97.62          0.0501         -22.38
  4      5         0.2850        -143.26          0.2850           96.74          0.2850         -23.26
  3      5         0.0885        -138.79          0.0885          101.21          0.0885         -18.79
  5      6         0.2419          33.32          0.2419          -86.68          0.2419         153.32
  6      7         0.2606          32.75          0.2606          -87.25          0.2606         152.75
  8      9         3.7349        -154.86          3.7349           85.14          3.7349         -34.86
  8      5         0.5699          43.30          0.5699          -76.70          0.5699         163.30
  9     10         1.2851        -154.92          1.2851           85.08          1.2851         -34.92
  4     11         0.3034          36.04          0.3034          -83.96          0.3034         156.04
  5     11         0.3392          36.22          0.3392          -83.78          0.3392         156.22
 11     12         0.2147          37.95          0.2147          -82.05          0.2147         157.95
  2     12         0.1230          30.29          0.1230          -89.71          0.1230         150.29
  3     12         0.1132          32.17          0.1132          -87.83          0.1132         152.17
  7     12         0.2740          32.38          0.2740          -87.62          0.2740         152.38
 11     13         0.4829          34.09          0.4829          -85.91          0.4829         154.09
 12     14         0.5842          33.67          0.5842          -86.33          0.5842         153.67
 13     15         0.5579          32.94          0.5579          -87.06          0.5579         152.94
 14     15         0.6468          32.88          0.6468          -87.12          0.6468         152.88
 12     16         0.3104          29.03          0.3104          -90.97          0.3104         149.03
 15     17         1.7306        -145.00          1.7306           95.00          1.7306         -25.00
 16     17         0.3738          28.44          0.3738          -91.56          0.3738         148.44
 17     18         0.9905          32.61          0.9905          -87.39          0.9905         152.61
 18     19         1.0116          32.47          1.0116          -87.53          1.0116         152.47
 19     20         0.8430        -152.53          0.8430           87.47          0.8430         -32.53
 15     19         0.5750          39.94          0.5750          -80.06          0.5750         159.94
 20     21         0.7969        -152.43          0.7969           87.57          0.7969         -32.43
 21     22         0.7539        -152.31          0.7539           87.69          0.7539         -32.31
 22     23         0.6910        -152.06          0.6910           87.94          0.6910         -32.06
 23     24         1.7212        -155.75          1.7212           84.25          1.7212         -35.75
 23     25         0.6507          13.58          0.6507         -106.42          0.6507         133.58
 26     25         2.8348        -158.72          2.8348           81.28          2.8348         -38.72
 25     27         0.1484          51.12          0.1484          -68.88          0.1484         171.12
 27     28         0.2107          31.01          0.2107          -88.99          0.2107         151.01
 28     29         0.2549          29.96          0.2549          -90.04          0.2549         149.96
 30     17         1.2512        -165.66          1.2512           74.34          1.2512         -45.66
  8     30         3.6904          22.38          3.6904          -97.62          3.6904         142.38
 26     30         1.6690          18.19          1.6690         -101.81          1.6690         138.19
 17     31         0.7821        -150.02          0.7821           89.98          0.7821         -30.02
 29     31         0.2858          29.42          0.2858          -90.58          0.2858         149.42
 23     32         0.6974          30.62          0.6974          -89.38          0.6974         150.62
 31     32         0.4263        -148.84          0.4263           91.16          0.4263         -28.84
 27     32         0.1188          40.13          0.1188          -79.87          0.1188         160.13
 15     33         2.5338          32.30          2.5338          -87.70          2.5338         152.30
 19     34         2.5181          32.26          2.5181          -87.74          2.5181         152.26
 35     36         0.4200        -149.24          0.4200           90.76          0.4200         -29.24
 35     37         0.4283          30.81          0.4283          -89.19          0.4283         150.81
 33     37         2.5816          32.24          2.5816          -87.76          2.5816         152.24
 34     36         0.4156          30.73          0.4156          -89.27          0.4156         150.73
 34     37         3.8859          31.84          3.8859          -88.16          3.8859         151.84
 38     37        10.6688          17.31         10.6688         -102.69         10.6688         137.31
 37     39        10.0471          22.46         10.0471          -97.54         10.0471         142.46
 37     40         9.8116          25.05          9.8116          -94.95          9.8116         145.05
 30     38         6.3107          19.40          6.3107         -100.60          6.3107         139.40
 39     40        10.0459          22.52         10.0459          -97.48         10.0459         142.52
 40     41         4.9900        -156.21          4.9900           83.79          4.9900         -36.21
 40     42         5.0144        -156.27          5.0144           83.73          5.0144         -36.27
 41     42         4.9994        -156.38          4.9994           83.62          4.9994         -36.38
 43     44         1.5019        -149.27          1.5019           90.73          1.5019         -29.27
 34     43         1.5703        -149.31          1.5703           90.69          1.5703         -29.31
 44     45         1.2620        -148.54          1.2620           91.46          1.2620         -28.54
 45     46         0.6643        -149.73          0.6643           90.27          0.6643         -29.73
 46     47         0.4111        -147.50          0.4111           92.50          0.4111         -27.50
 46     48         0.0437          20.16          0.0437          -99.84          0.0437         140.16
 47     49         1.2769          28.95          1.2769          -91.05          1.2769         148.95
 42     49         4.9900        -156.65          4.9900           83.35          4.9900         -36.65
 42     49         4.9900        -156.65          4.9900           83.35          4.9900         -36.65
 45     49         0.3287        -141.89          0.3287           98.11          0.3287         -21.89
 48     49         0.3852          25.18          0.3852          -94.82          0.3852         145.18
 49     50         0.5290        -153.51          0.5290           86.49          0.5290         -33.51
 49     51         0.6480        -154.07          0.6480           85.93          0.6480         -34.07
 51     52         0.2270        -156.35          0.2270           83.65          0.2270         -36.35
 52     53         0.1730        -156.77          0.1730           83.23          0.1730         -36.77
 53     54         0.1011        -157.84          0.1011           82.16          0.1011         -37.84
 49     54         0.5033        -158.72          0.5033           81.28          0.5033         -38.72
 49     54         0.4940        -156.27          0.4940           83.73          0.4940         -36.27
 54     55         0.1158        -160.55          0.1158           79.45          0.1158         -40.55
 54     56         0.3595        -157.09          0.3595           82.91          0.3595         -37.09
 55     56         0.3052          23.29          0.3052          -96.71          0.3052         143.29
 56     57         0.4222          26.79          0.4222          -93.21          0.4222         146.79
 50     57         0.4791        -153.42          0.4791           86.58          0.4791         -33.42
 56     58         0.3144          27.89          0.3144          -92.11          0.3144         147.89
 51     58         0.3563        -152.46          0.3563           87.54          0.3563         -32.46
 54     59         0.3551        -158.68          0.3551           81.32          0.3551         -38.68
 56     59         0.3020        -152.76          0.3020           87.24          0.3020         -32.76
 56     59         0.3165        -152.39          0.3165           87.61          0.3165         -32.39
 55     59         0.3393        -158.33          0.3393           81.67          0.3393         -38.33
 59     60         0.0060        -154.86          0.0060           85.14          0.0060         -34.86
 59     61         0.0041        -167.33          0.0041           72.67          0.0041         -47.33
 60     61         0.0231          48.93          0.0231          -71.07          0.0231         168.93
 60     62         0.0444          11.21          0.0444         -108.79          0.0444         131.21
 61     62         0.0600           6.23          0.0600         -113.77          0.0600         126.23
 63     59         1.2361        -156.24          1.2361           83.76          1.2361         -36.24
 63     64         0.8014        -155.49          0.8014           84.51          0.8014         -35.49
 64     61         1.2035        -154.61          1.2035           85.39          1.2035         -34.61
 38     65         6.8367        -161.59          6.8367           78.41          6.8367         -41.59
 64     65         0.1590        -164.06          0.1590           75.94          0.1590         -44.06
 49     66         2.1776        -160.66          2.1776           79.34          2.1776         -40.66
 49     66         2.1776        -160.66          2.1776           79.34          2.1776         -40.66
 62     66         0.1247          17.58          0.1247         -102.42          0.1247         137.58
 62     67         0.0966          15.63          0.0966         -104.37          0.0966         135.63
 65     66         0.3264         -62.26          0.3264          177.74          0.3264          57.74
 66     67         0.1566        -161.08          0.1566           78.92          0.1566         -41.08
 65     68         9.0731        -162.56          9.0731           77.44          9.0731         -42.56
 47     69         1.5715        -149.86          1.5715           90.14          1.5715         -29.86
 49     69         1.5937        -150.05          1.5937           89.95          1.5937         -30.05
 68     69         5.1382        -157.86          5.1382           82.14          5.1382         -37.86
 69     70         0.1947        -153.80          0.1947           86.20          0.1947         -33.80
 24     70         0.7378        -162.37          0.7378           77.63          0.7378         -42.37
 70     71         0.5823          33.15          0.5823          -86.85          0.5823         153.15
 24     72         0.7793        -149.37          0.7793           90.63          0.7793         -29.37
 71     72         0.6737          31.78          0.6737          -88.22          0.6737         151.78
 71     73         0.0142        -156.93          0.0142           83.07          0.0142         -36.93
 70     74         0.5559        -155.00          0.5559           85.00          0.5559         -35.00
 70     75         0.5791        -154.55          0.5791           85.45          0.5791         -34.55
 69     75         0.8611        -152.07          0.8611           87.93          0.8611         -32.07
 74     75         0.2005        -150.71          0.2005           89.29          0.2005         -30.71
 76     77         0.5377        -151.09          0.5377           88.91          0.5377         -31.09
 69     77         2.4599        -152.15          2.4599           87.85          2.4599         -32.15
 75     77         0.7147        -151.47          0.7147           88.53          0.7147         -31.47
 77     78         0.5227        -151.30          0.5227           88.70          0.5227         -31.30
 78     79         0.4974        -150.95          0.4974           89.05          0.4974         -30.95
 77     80         0.2910        -126.49          0.2910          113.51          0.2910          -6.49
 77     80         0.1372        -130.16          0.1372          109.84          0.1372         -10.16
 79     80         0.0986         -16.98          0.0986         -136.98          0.0986         103.02
 68     81         6.0775        -164.44          6.0775           75.56          6.0775         -44.44
 81     80         9.1778        -161.76          9.1778           78.24          9.1778         -41.76
 77     82         2.3331        -155.05          2.3331           84.95          2.3331         -35.05
 82     83         1.4022        -158.45          1.4022           81.55          1.4022         -38.45
 83     84         0.4135        -152.94          0.4135           87.06          0.4135         -32.94
 83     85         0.5560        -161.72          0.5560           78.28          0.5560         -41.72
 84     85         0.3572        -151.84          0.3572           88.16          0.3572         -31.84
 85     86         0.1764        -160.17          0.1764           79.83          0.1764         -40.17
 86     87         0.0675        -160.19          0.0675           79.81          0.0675         -40.19
 85     88         0.2684        -154.88          0.2684           85.12          0.2684         -34.88
 85     89         0.2419        -157.45          0.2419           82.55          0.2419         -37.45
 88     89         0.1977        -153.01          0.1977           86.99          0.1977         -33.01
 89     90         0.0734        -159.07          0.0734           80.93          0.0734         -39.07
 89     90         0.1396        -161.05          0.1396           78.95          0.1396         -41.05
 90     91         0.0623          20.48          0.0623          -99.52          0.0623         140.48
 89     92         0.2024          11.30          0.2024         -108.70          0.2024         131.30
 89     92         0.0639          14.17          0.0639         -105.83          0.0639         134.17
 91     92         0.1448          20.12          0.1448          -99.88          0.1448         140.12
 92     93         0.3846          19.32          0.3846         -100.68          0.3846         139.32
 92     94         0.4128          19.38          0.4128         -100.62          0.4128         139.38
 93     94         0.4454          19.44          0.4454         -100.56          0.4454         139.44
 94     95         0.9203          20.98          0.9203          -99.02          0.9203         140.98
 80     96         1.0979        -162.95          1.0979           77.05          1.0979         -42.95
 82     96         0.1822        -103.29          0.1822          136.71          0.1822          16.71
 94     96         1.0625          21.00          1.0625          -99.00          1.0625         141.00
 80     97         1.1318        -162.81          1.1318           77.19          1.1318         -42.81
 80     98         1.2732        -162.01          1.2732           77.99          1.2732         -42.01
 80     99         1.2369        -162.15          1.2369           77.85          1.2369         -42.15
 92    100         0.0468           2.58          0.0468         -117.42          0.0468         122.58
 94    100         0.8971        -157.33          0.8971           82.67          0.8971         -37.33
 95     96         0.9581          20.97          0.9581          -99.03          0.9581         140.97
 96     97         1.0633          16.91          1.0633         -103.09          1.0633         136.91
 98    100         1.1662        -162.31          1.1662           77.69          1.1662         -42.31
 99    100         1.1255        -162.42          1.1255           77.58          1.1255         -42.42
100    101         0.1123        -167.21          0.1123           72.79          0.1123         -47.21
 92    102         0.0517        -144.24          0.0517           95.76          0.0517         -24.24
101    102         0.0221         160.45          0.0221           40.45          0.0221         -79.55
100    103         1.3634        -159.50          1.3634           80.50          1.3634         -39.50
100    104         0.5473        -163.06          0.5473           76.94          0.5473         -43.06
103    104         0.2394        -157.38          0.2394           82.62          0.2394         -37.38
103    105         0.3731        -156.51          0.3731           83.49          0.3731         -36.51
100    106         0.5474        -160.85          0.5474           79.15          0.5474         -40.85
104    105         0.6221        -161.56          0.6221           78.44          0.6221         -41.56
105    106         0.1592          18.49          0.1592         -101.51          0.1592         138.49
105    107         0.1469        -160.90          0.1469           79.10          0.1469         -40.90
105    108         0.1706        -155.79          0.1706           84.21          0.1706         -35.79
106    107         0.1940        -160.61          0.1940           79.39          0.1940         -40.61
108    109         0.1295        -154.25          0.1295           85.75          0.1295         -34.25
103    110         0.4721        -162.47          0.4721           77.53          0.4721         -42.47
109    110         0.0859        -150.96          0.0859           89.04          0.0859         -30.96
110    111         0.0318        -160.71          0.0318           79.29          0.0318         -40.71
110    112         0.0987        -160.74          0.0987           79.26          0.0987         -40.74
 17    113         0.7516        -150.00          0.7516           90.00          0.7516         -30.00
 32    113         0.6976          30.32          0.6976          -89.68          0.6976         150.32
 32    114         0.0847        -147.11          0.0847           92.89          0.0847         -27.11
 27    115         0.0445          40.26          0.0445          -79.74          0.0445         160.26
114    115         0.0662        -144.84          0.0662           95.16          0.0662         -24.84
 68    116         0.1820        -156.77          0.1820           83.23          0.1820         -36.77
 12    117         0.0339        -154.65          0.0339           85.35          0.0339         -34.65
 75    118         0.6347        -152.10          0.6347           87.90          0.6347         -32.10
 76    118         0.6023          28.19          0.6023          -91.81          0.6023         148.19
  5      0         0.7680          25.30          0.7680          -94.70          0.7680         145.30
 34      0         0.1490        -146.92          0.1490           93.08          0.1490         -26.92
 37      0         0.2571          33.68          0.2571          -86.32          0.2571         153.68
 44      0         0.1700        -153.07          0.1700           86.93          0.1700         -33.07
 45      0         0.1816        -153.68          0.1816           86.32          0.1816         -33.68
 46      0         0.1907        -154.29          0.1907           85.71          0.1907         -34.29
 48      0         0.2849        -154.18          0.2849           85.82          0.2849         -34.18
 74      0         0.3010        -157.41          0.3010           82.59          0.3010         -37.41
 79      0         0.5365        -158.09          0.5365           81.91          0.5365         -38.09
 82      0         0.5733        -159.22          0.5733           80.78          0.5733         -39.22
 83      0         0.2918        -159.52          0.2918           80.48          0.2918         -39.52
105      0         0.6306        -160.59          0.6306           79.41          0.6306         -40.59
107      0         0.1908        -160.74          0.1908           79.26          0.1908         -40.74
110      0         0.1906        -160.69          0.1906           79.31          0.1906         -40.69
