
  **********   RELATÓRIO - FALTA TRIFÁSICA    ->   BARRA - 53   **********

  CORRENTE DE FALTA: 
  -----------------------------------------------------------------------------------------
            FASE A                        FASE B                        FASE C
   Módulo(pu)    Ângulo(grau)    Módulo(pu)    Ângulo(grau)    Módulo(pu)    Ângulo(grau)
  ------------------------------------------------------------------------------------------
     1.7359          68.98            1.7359      -51.02          1.7359       -171.02


  TENSÕES NAS BARRAS: 
  -----------------------------------------------------------------------------------------------
  BARRA             FASE A                        FASE B                        FASE C
           Módulo(pu)    Ângulo(grau)    Módulo(pu)    Ângulo(grau)    Módulo(pu)    Ângulo(grau)
  -----------------------------------------------------------------------------------------------
   1        0.4611         124.46          0.4611           4.46         0.4611        -115.54
   2        0.4616         124.46          0.4616           4.46         0.4616        -115.54
   3        0.4508         124.03          0.4508           4.03         0.4508        -115.97
   4        0.4429         123.78          0.4429           3.78         0.4429        -116.22
   5        0.4192         123.05          0.4192           3.05         0.4192        -116.95
   6        0.4060         122.62          0.4060           2.62         0.4060        -117.38
   7        0.3657         120.07          0.3657           0.07         0.3657        -119.93
   8        0.3914         121.47          0.3914           1.47         0.3914        -118.53
   9        0.4019         121.78          0.4019           1.78         0.4019        -118.22
  10        0.4325         123.39          0.4325           3.39         0.4325        -116.61
  11        0.4230         122.74          0.4230           2.74         0.4230        -117.26
  12        0.4419         123.58          0.4419           3.58         0.4419        -116.42
  13        0.4341         123.05          0.4341           3.05         0.4341        -116.95
  14        0.4380         123.06          0.4380           3.06         0.4380        -116.94
  15        0.4496         123.85          0.4496           3.85         0.4496        -116.15
  16        0.4502         123.99          0.4502           3.99         0.4502        -116.01
  17        0.4572         124.30          0.4572           4.30         0.4572        -115.70
  18        0.4994         128.00          0.4994           8.00         0.4994        -112.00
  19        0.4906         127.58          0.4906           7.58         0.4906        -112.42
  20        0.4850         127.30          0.4850           7.30         0.4850        -112.70
  21        0.5312         129.79          0.5312           9.79         0.5312        -110.21
  22        0.5298         129.73          0.5298           9.73         0.5298        -110.27
  23        0.5283         129.66          0.5283           9.66         0.5283        -110.34
  24        0.5012         128.37          0.5012           8.37         0.5012        -111.63
  25        0.5476         131.23          0.5476          11.23         0.5476        -108.77
  26        0.4461         123.81          0.4461           3.81         0.4461        -116.19
  27        0.3899         121.50          0.3899           1.50         0.3899        -118.50
  28        0.3690         120.45          0.3690           0.45         0.3690        -119.55
  29        0.3556         119.82          0.3556          -0.18         0.3556        -120.18
  30        0.5483         131.25          0.5483          11.25         0.5483        -108.75
  31        0.5498         131.29          0.5498          11.29         0.5498        -108.71
  32        0.5521         131.36          0.5521          11.36         0.5521        -108.64
  33        0.5521         131.36          0.5521          11.36         0.5521        -108.64
  34        0.5215         129.73          0.5215           9.73         0.5215        -110.27
  35        0.5215         129.74          0.5215           9.74         0.5215        -110.26
  36        0.5213         129.75          0.5213           9.75         0.5213        -110.25
  37        0.5238         129.74          0.5238           9.74         0.5238        -110.26
  38        0.5324         129.86          0.5324           9.86         0.5324        -110.14
  39        0.5228         129.72          0.5228           9.72         0.5228        -110.28
  40        0.5182         129.73          0.5182           9.73         0.5182        -110.27
  41        0.4908         128.84          0.4908           8.84         0.4908        -111.16
  42        0.5058         128.88          0.5058           8.88         0.5058        -111.12
  43        0.4761         127.42          0.4761           7.42         0.4761        -112.58
  44        0.5257         129.57          0.5257           9.57         0.5257        -110.43
  45        0.5109         128.95          0.5109           8.95         0.5109        -111.05
  46        0.5570         130.88          0.5570          10.88         0.5570        -109.12
  47        0.5473         130.27          0.5473          10.27         0.5473        -109.73
  48        0.5427         130.17          0.5427          10.17         0.5427        -109.83
  49        0.5463         130.25          0.5463          10.25         0.5463        -109.75
  50        0.5368         130.18          0.5368          10.18         0.5368        -109.82
  51        0.5205         130.08          0.5205          10.08         0.5205        -109.92
  52        0.1227         119.74          0.1227          -0.26         0.1227        -120.26
  53        0.0000        -147.99          0.0000          92.01         0.0000         -27.99
  54        0.2057         120.84          0.2057           0.84         0.2057        -119.16
  55        0.4021         121.61          0.4021           1.61         0.4021        -118.39
  56        0.5210         128.90          0.5210           8.90         0.5210        -111.10
  57        0.5276         129.05          0.5276           9.05         0.5276        -110.95


  CORRENTES NOS RAMOS: 
  -----------------------------------------------------------------------------------------------------
  DE     PARA              FASE A                        FASE B                        FASE C
                  Módulo(pu)    Ângulo(grau)    Módulo(pu)    Ângulo(grau)    Módulo(pu)    Ângulo(grau)
  -----------------------------------------------------------------------------------------------------
  1      2         0.0180        -130.73          0.0180          109.27          0.0180         -10.73
  2      3         0.1256          71.01          0.1256          -48.99          0.1256        -168.99
  3      4         0.2131          65.24          0.2131          -54.76          0.2131        -174.76
  4      5         0.1667          71.63          0.1667          -48.37          0.1667        -168.37
  4      6         0.2461          62.41          0.2461          -57.59          0.2461        -177.59
  6      7         0.4217          65.58          0.4217          -54.42          0.4217        -174.42
  6      8         0.0944          71.95          0.0944          -48.05          0.0944        -168.05
  8      9         0.2091        -125.83          0.2091          114.17          0.2091          -5.83
  9     10         0.1901        -114.04          0.1901          125.96          0.1901           5.96
  9     11         0.2505        -112.61          0.2505          127.39          0.2505           7.39
  9     12         0.1394        -116.53          0.1394          123.47          0.1394           3.47
  9     13         0.2026        -114.60          0.2026          125.40          0.2026           5.40
 13     14         0.0858        -128.33          0.0858          111.67          0.0858          -8.33
 13     15         0.1834        -107.46          0.1834          132.54          0.1834          12.54
  1     15         0.1348          67.97          0.1348          -52.03          0.1348        -172.03
  1     16         0.0550          65.70          0.0550          -54.30          0.0550        -174.30
  1     17         0.0375          64.54          0.0375          -55.46          0.0375        -175.46
  3     15         0.0343          99.26          0.0343          -20.74          0.0343        -140.74
  4     18         0.1194        -112.48          0.1194          127.52          0.1194           7.52
  4     18         0.1541        -112.48          0.1541          127.52          0.1541           7.52
  5      6         0.1917          71.28          0.1917          -48.72          0.1917        -168.72
  7      8         0.3771        -118.35          0.3771          121.65          0.3771           1.65
 10     12         0.0741        -125.02          0.0741          114.98          0.0741          -5.02
 11     13         0.1477        -118.52          0.1477          121.48          0.1477           1.48
 12     13         0.1453          78.13          0.1453          -41.87          0.1453        -161.87
 12     16         0.1060        -112.97          0.1060          127.03          0.1060           7.03
 12     17         0.0887        -113.24          0.0887          126.76          0.0887           6.76
 14     15         0.2288        -101.32          0.2288          138.68          0.2288          18.68
 18     19         0.0116          94.00          0.0116          -26.00          0.0116        -146.00
 19     20         0.0116          94.00          0.0116          -26.00          0.0116        -146.00
 21     20         0.0659          64.12          0.0659          -55.88          0.0659        -175.88
 21     22         0.0111          94.00          0.0111          -26.00          0.0111        -146.00
 22     23         0.0911          96.83          0.0911          -23.17          0.0911        -143.17
 23     24         0.0964          95.13          0.0964          -24.87          0.0964        -144.87
 24     25         0.0451        -110.74          0.0451          129.26          0.0451           9.26
 24     25         0.0433        -110.74          0.0433          129.26          0.0433           9.26
 24     26         1.4113          70.48          1.4113          -49.52          1.4113        -169.52
 26     27         0.1938          82.33          0.1938          -37.67          0.1938        -157.67
 27     28         0.1938          82.33          0.1938          -37.67          0.1938        -157.67
 28     29         0.1938          82.33          0.1938          -37.67          0.1938        -157.67
  7     29         0.1573          38.84          0.1573          -81.16          0.1573         158.84
 25     30         0.0027         -90.06          0.0027          149.94          0.0027          29.94
 30     31         0.0027         -90.06          0.0027          149.94          0.0027          29.94
 31     32         0.0027         -90.06          0.0027          149.94          0.0027          29.94
 32     33         0.0000         -65.37          0.0000          174.63          0.0000          54.63
 34     32         0.0359        -112.91          0.0359          127.09          0.0359           7.09
 34     35         0.0010         -35.83          0.0010         -155.83          0.0010          84.17
 35     36         0.0033          51.28          0.0033          -68.72          0.0033         171.28
 36     37         0.0519        -102.60          0.0519          137.40          0.0519          17.40
 37     38         0.0723        -100.43          0.0723          139.57          0.0723          19.57
 37     39         0.0219          84.01          0.0219          -35.99          0.0219        -155.99
 36     40         0.0560          75.73          0.0560          -44.27          0.0560        -164.27
 22     38         0.0800         -82.78          0.0800          157.22          0.0800          37.22
 11     41         0.1112        -108.51          0.1112          131.49          0.1112          11.49
 41     42         0.0368        -109.35          0.0368          130.65          0.0368          10.65
 41     43         0.0460          77.43          0.0460          -42.57          0.0460        -162.57
 38     44         0.1096          87.41          0.1096          -32.59          0.1096        -152.59
 15     45         0.7171        -108.71          0.7171          131.29          0.7171          11.29
 14     46         1.8608        -113.29          1.8608          126.71          1.8608           6.71
 46     47         0.1578          90.35          0.1578          -29.65          0.1578        -149.65
 47     48         0.1600          90.04          0.1600          -29.96          0.1600        -149.96
 48     49         0.0239         -95.72          0.0239          144.28          0.0239          24.28
 49     50         0.0629          75.86          0.0629          -44.14          0.0629        -164.14
 50     51         0.0629          75.86          0.0629          -44.14          0.0629        -164.14
 10     51         1.4606        -110.95          1.4606          129.05          1.4606           9.05
 13     49         0.6690        -114.56          0.6690          125.44          0.6690           5.44
 29     52         0.9861          67.49          0.9861          -52.51          0.9861        -172.51
 52     53         0.9861          67.49          0.9861          -52.51          0.9861        -172.51
 53     54         0.6890        -110.17          0.6890          129.83          0.6890           9.83
 54     55         0.6890        -110.17          0.6890          129.83          0.6890           9.83
 11     43         0.4215        -110.25          0.4215          129.75          0.4215           9.75
 44     45         0.1137          86.71          0.1137          -33.29          0.1137        -153.29
 40     56         0.0067         149.48          0.0067           29.48          0.0067         -90.52
 56     41         0.0388          85.14          0.0388          -34.86          0.0388        -154.86
 56     42         0.0368          70.65          0.0368          -49.35          0.0368        -169.35
 39     57         0.0058         166.94          0.0058           46.94          0.0058         -73.06
 57     56         0.0214          84.01          0.0214          -35.99          0.0214        -155.99
 38     49         0.0683         -92.16          0.0683          147.84          0.0683          27.84
 38     48         0.1871         -91.09          0.1871          148.91          0.1871          28.91
  9     55         0.0099         128.34          0.0099            8.34          0.0099        -111.66
 18      0         0.1399        -111.47          0.1399          128.53          0.1399           8.53
 25      0         0.0859        -111.37          0.0859          128.63          0.0859           8.63
 53      0         0.0631         -96.79          0.0631          143.21          0.0631          23.21
