
  **********   RELATÓRIO - FALTA TRIFÁSICA    ->   BARRA - 7   **********

  CORRENTE DE FALTA: 
  -----------------------------------------------------------------------------------------
            FASE A                        FASE B                        FASE C
   Módulo(pu)    Ângulo(grau)    Módulo(pu)    Ângulo(grau)    Módulo(pu)    Ângulo(grau)
  ------------------------------------------------------------------------------------------
     1.4927          80.67            1.4927      -39.33          1.4927       -159.33


  TENSÕES NAS BARRAS: 
  -----------------------------------------------------------------------------------------------
  BARRA             FASE A                        FASE B                        FASE C
           Módulo(pu)    Ângulo(grau)    Módulo(pu)    Ângulo(grau)    Módulo(pu)    Ângulo(grau)
  -----------------------------------------------------------------------------------------------
   1        0.1198         154.83          0.1198          34.83         0.1198         -85.17
   2        0.1192         154.73          0.1192          34.73         0.1192         -85.27
   3        0.1068         154.80          0.1068          34.80         0.1068         -85.20
   4        0.0955         154.91          0.0955          34.91         0.0955         -85.09
   5        0.0682         156.63          0.0682          36.63         0.0682         -83.37
   6        0.0536         158.36          0.0536          38.36         0.0536         -81.64
   7        0.0000        -165.96          0.0000          74.04         0.0000         -45.96
   8        0.0489         155.96          0.0489          35.96         0.0489         -84.04
   9        0.0790         155.29          0.0790          35.29         0.0790         -84.71
  10        0.1020         155.48          0.1020          35.48         0.1020         -84.52
  11        0.0939         154.93          0.0939          34.93         0.0939         -85.07
  12        0.1077         154.75          0.1077          34.75         0.1077         -85.25
  13        0.1003         154.24          0.1003          34.24         0.1003         -85.76
  14        0.1019         153.76          0.1019          33.76         0.1019         -86.24
  15        0.1102         154.59          0.1102          34.59         0.1102         -85.41
  16        0.1136         154.85          0.1136          34.85         0.1136         -85.15
  17        0.1181         154.88          0.1181          34.88         0.1181         -85.12
  18        0.1491         160.47          0.1491          40.47         0.1491         -79.53
  19        0.1460         160.08          0.1460          40.08         0.1460         -79.92
  20        0.1441         159.82          0.1441          39.82         0.1441         -80.18
  21        0.1898         161.84          0.1898          41.84         0.1898         -78.16
  22        0.1893         161.79          0.1893          41.79         0.1893         -78.21
  23        0.1882         161.81          0.1882          41.81         0.1882         -78.19
  24        0.1695         162.48          0.1695          42.48         0.1695         -77.52
  25        0.2120         164.08          0.2120          44.08         0.2120         -75.92
  26        0.1165         158.12          0.1165          38.12         0.1165         -81.88
  27        0.0752         165.22          0.0752          45.22         0.0752         -74.78
  28        0.0602         170.34          0.0602          50.34         0.0602         -69.66
  29        0.0514         175.54          0.0514          55.54         0.0514         -64.46
  30        0.2121         164.02          0.2121          44.02         0.2121         -75.98
  31        0.2122         163.89          0.2122          43.89         0.2122         -76.11
  32        0.2123         163.69          0.2123          43.69         0.2123         -76.31
  33        0.2123         163.69          0.2123          43.69         0.2123         -76.31
  34        0.1833         162.35          0.1833          42.35         0.1833         -77.65
  35        0.1832         162.35          0.1832          42.35         0.1832         -77.65
  36        0.1829         162.39          0.1829          42.39         0.1829         -77.61
  37        0.1847         162.17          0.1847          42.17         0.1847         -77.83
  38        0.1911         161.73          0.1911          41.73         0.1911         -78.27
  39        0.1839         162.20          0.1839          42.20         0.1839         -77.80
  40        0.1806         162.60          0.1806          42.60         0.1806         -77.40
  41        0.1592         162.86          0.1592          42.86         0.1592         -77.14
  42        0.1705         161.55          0.1705          41.55         0.1705         -78.45
  43        0.1450         161.02          0.1450          41.02         0.1450         -78.98
  44        0.1845         161.65          0.1845          41.65         0.1845         -78.35
  45        0.1699         161.53          0.1699          41.53         0.1699         -78.47
  46        0.2119         161.78          0.2119          41.78         0.2119         -78.22
  47        0.2033         161.32          0.2033          41.32         0.2033         -78.68
  48        0.1997         161.48          0.1997          41.48         0.1997         -78.52
  49        0.2031         161.23          0.2031          41.23         0.2031         -78.77
  50        0.1964         161.70          0.1964          41.70         0.1964         -78.30
  51        0.1849         162.60          0.1849          42.60         0.1849         -77.40
  52        0.0809         164.55          0.0809          44.55         0.0809         -75.45
  53        0.0970         161.48          0.0970          41.48         0.0970         -78.52
  54        0.1181         160.82          0.1181          40.82         0.1181         -79.18
  55        0.1383         160.61          0.1383          40.61         0.1383         -79.39
  56        0.1820         160.36          0.1820          40.36         0.1820         -79.64
  57        0.1872         160.21          0.1872          40.21         0.1872         -79.79


  CORRENTES NOS RAMOS: 
  -----------------------------------------------------------------------------------------------------
  DE     PARA              FASE A                        FASE B                        FASE C
                  Módulo(pu)    Ângulo(grau)    Módulo(pu)    Ângulo(grau)    Módulo(pu)    Ângulo(grau)
  -----------------------------------------------------------------------------------------------------
  1      2         0.0230          98.58          0.0230          -21.42          0.0230        -141.42
  2      3         0.1378          83.48          0.1378          -36.52          0.1378        -156.52
  3      4         0.2938          80.83          0.2938          -39.17          0.2938        -159.17
  4      5         0.1878          85.99          0.1878          -34.01          0.1878        -154.01
  4      6         0.2734          76.74          0.2734          -43.26          0.2734        -163.26
  6      7         0.5158          79.45          0.5158          -40.55          0.5158        -160.55
  6      8         0.0293         102.68          0.0293          -17.32          0.0293        -137.32
  8      9         0.5857        -104.72          0.5857          135.28          0.5857          15.28
  9     10         0.1335        -101.44          0.1335          138.56          0.1335          18.56
  9     11         0.1674        -100.06          0.1674          139.94          0.1674          19.94
  9     12         0.0948        -104.34          0.0948          135.66          0.0948          15.66
  9     13         0.1293        -102.72          0.1293          137.28          0.1293          17.28
 13     14         0.0385        -127.74          0.0385          112.26          0.0385          -7.74
 13     15         0.1086         -94.60          0.1086          145.40          0.1086          25.40
  1     15         0.1042          78.60          0.1042          -41.40          0.1042        -161.40
  1     16         0.0296          76.94          0.0296          -43.06          0.0296        -163.06
  1     17         0.0154          73.75          0.0154          -46.25          0.0154        -166.25
  3     15         0.0618        -104.90          0.0618          135.10          0.0618          15.10
  4     18         0.0988         -99.81          0.0988          140.19          0.0988          20.19
  4     18         0.1275         -99.81          0.1275          140.19          0.1275          20.19
  5      6         0.2078          85.54          0.2078          -34.46          0.2078        -154.46
  7      8         0.6741        -102.99          0.6741          137.01          0.6741          17.01
 10     12         0.0452        -115.81          0.0452          124.19          0.0452           4.19
 11     13         0.0858        -108.76          0.0858          131.24          0.0858          11.24
 12     13         0.1219          88.79          0.1219          -31.21          0.1219        -151.21
 12     16         0.0712        -100.92          0.0712          139.08          0.0712          19.08
 12     17         0.0571        -101.29          0.0571          138.71          0.0571          18.71
 14     15         0.1477         -88.01          0.1477          151.99          0.1477          31.99
 18     19         0.0039         122.18          0.0039            2.18          0.0039        -117.82
 19     20         0.0039         122.18          0.0039            2.18          0.0039        -117.82
 21     20         0.0593          78.17          0.0593          -41.83          0.0593        -161.83
 21     22         0.0038         122.18          0.0038            2.18          0.0038        -117.82
 22     23         0.0570         100.27          0.0570          -19.73          0.0570        -139.73
 23     24         0.0617          98.74          0.0617          -21.26          0.0617        -141.26
 24     25         0.0362         -99.60          0.0362          140.40          0.0362          20.40
 24     25         0.0348         -99.60          0.0348          140.40          0.0348          20.40
 24     26         1.1442          81.90          1.1442          -38.10          1.1442        -158.10
 26     27         0.1416          88.64          0.1416          -31.36          0.1416        -151.36
 27     28         0.1416          88.64          0.1416          -31.36          0.1416        -151.36
 28     29         0.1416          88.64          0.1416          -31.36          0.1416        -151.36
  7     29         0.7928         -94.46          0.7928          145.54          0.7928          25.54
 25     30         0.0008        -149.57          0.0008           90.43          0.0008         -29.57
 30     31         0.0008        -149.57          0.0008           90.43          0.0008         -29.57
 31     32         0.0008        -149.57          0.0008           90.43          0.0008         -29.57
 32     33         0.0000         -48.98          0.0000         -168.98          0.0000          71.02
 34     32         0.0308         -97.96          0.0308          142.04          0.0308          22.04
 34     35         0.0015         107.81          0.0015          -12.19          0.0015        -132.19
 35     36         0.0042          90.06          0.0042          -29.94          0.0042        -149.94
 36     37         0.0397         -90.92          0.0397          149.08          0.0397          29.08
 37     38         0.0554         -87.85          0.0554          152.15          0.0554          32.15
 37     39         0.0171          98.53          0.0171          -21.47          0.0171        -141.47
 36     40         0.0447          89.00          0.0447          -31.00          0.0447        -151.00
 22     38         0.0535         -81.24          0.0535          158.76          0.0535          38.76
 11     41         0.0901         -96.07          0.0901          143.93          0.0901          23.93
 41     42         0.0292         -95.77          0.0292          144.23          0.0292          24.23
 41     43         0.0365          90.88          0.0365          -29.12          0.0365        -149.12
 38     44         0.1016         100.32          0.1016          -19.68          0.1016        -139.68
 15     45         0.5952         -96.07          0.5952          143.93          0.5952          23.93
 14     46         1.5227        -100.93          1.5227          139.07          1.5227          19.07
 46     47         0.1219         101.10          0.1219          -18.90          0.1219        -138.90
 47     48         0.1237         100.79          0.1237          -19.21          0.1237        -139.21
 48     49         0.0230         -89.86          0.0230          150.14          0.0230          30.14
 49     50         0.0456          89.83          0.0456          -30.17          0.0456        -150.17
 50     51         0.0456          89.83          0.0456          -30.17          0.0456        -150.17
 10     51         1.1891         -98.83          1.1891          141.17          1.1891          21.17
 13     49         0.5457        -102.03          0.5457          137.97          0.5457          17.97
 29     52         0.1354         -85.64          0.1354          154.36          0.1354          34.36
 52     53         0.1354         -85.64          0.1354          154.36          0.1354          34.36
 53     54         0.0708         -73.23          0.0708          166.77          0.0708          46.77
 54     55         0.0708         -73.23          0.0708          166.77          0.0708          46.77
 11     43         0.3438         -98.05          0.3438          141.95          0.3438          21.95
 44     45         0.1049          99.68          0.1049          -20.32          0.1049        -140.32
 40     56         0.0061         172.95          0.0061           52.95          0.0061         -67.05
 56     41         0.0307          98.72          0.0307          -21.28          0.0307        -141.28
 56     42         0.0292          84.23          0.0292          -35.77          0.0292        -155.77
 39     57         0.0053        -171.63          0.0053           68.37          0.0053         -51.63
 57     56         0.0167          98.53          0.0167          -21.47          0.0167        -141.47
 38     49         0.0572         -83.64          0.0572          156.36          0.0572          36.36
 38     48         0.1491         -81.22          0.1491          158.78          0.1491          38.78
  9     55         0.4986        -102.38          0.4986          137.62          0.4986          17.62
 18      0         0.1131         -99.16          0.1131          140.84          0.1131          20.84
 25      0         0.0705         -99.07          0.0705          140.93          0.0705          20.93
 53      0         0.0680         -98.58          0.0680          141.42          0.0680          21.42
