
  **********   RELATÓRIO - FALTA BIFÁSICA (FASES B e C)    ->   BARRA - 34   **********

  CORRENTE DE FALTA: 
  -----------------------------------------------------------------------------------------
            FASE A                        FASE B                        FASE C
   Módulo(pu)    Ângulo(grau)    Módulo(pu)    Ângulo(grau)    Módulo(pu)    Ângulo(grau)
  ------------------------------------------------------------------------------------------
     0.0000           0.00            1.3607      -41.03          1.3607        138.97


  TENSÕES NAS BARRAS: 
  -----------------------------------------------------------------------------------------------
  BARRA             FASE A                        FASE B                        FASE C
           Módulo(pu)    Ângulo(grau)    Módulo(pu)    Ângulo(grau)    Módulo(pu)    Ângulo(grau)
  -----------------------------------------------------------------------------------------------
   1        0.7122           9.62          0.3561        -170.38         0.3561        -170.38
   2        0.7116           9.78          0.3558        -170.22         0.3558        -170.22
   3        0.7139           9.40          0.3570        -170.60         0.3570        -170.60
   4        0.7120           9.79          0.3560        -170.21         0.3560        -170.21
   5        0.7116           9.83          0.3558        -170.17         0.3558        -170.17
   6        0.7118           9.72          0.3559        -170.28         0.3559        -170.28
   7        0.7143           9.28          0.3572        -170.72         0.3572        -170.72
   8        0.7152           9.20          0.3576        -170.80         0.3576        -170.80
   9        0.7186           8.74          0.3593        -171.26         0.3593        -171.26
  10        0.7218           8.62          0.3609        -171.38         0.3609        -171.38
  11        0.7219           7.62          0.3609        -172.38         0.3609        -172.38
  12        0.7191           8.71          0.3596        -171.29         0.3596        -171.29
  13        0.7254           7.50          0.3627        -172.50         0.3627        -172.50
  14        0.7300           6.95          0.3650        -173.05         0.3650        -173.05
  15        0.7209           8.19          0.3604        -171.81         0.3604        -171.81
  16        0.7159           9.16          0.3579        -170.84         0.3579        -170.84
  17        0.7133           9.51          0.3567        -170.49         0.3567        -170.49
  18        0.6823          13.10          0.3411        -166.90         0.3411        -166.90
  19        0.6888           9.33          0.3444        -170.67         0.3444        -170.67
  20        0.6947           7.02          0.3474        -172.98         0.3474        -172.98
  21        0.6909           7.61          0.3454        -172.39         0.3454        -172.39
  22        0.6926           7.02          0.3463        -172.98         0.3463        -172.98
  23        0.6916           7.11          0.3458        -172.89         0.3458        -172.89
  24        0.6746           8.58          0.3373        -171.42         0.3373        -171.42
  25        0.6918           4.35          0.3459        -175.65         0.3459        -175.65
  26        0.7049           5.88          0.3525        -174.12         0.3525        -174.12
  27        0.6949           9.42          0.3475        -170.58         0.3475        -170.58
  28        0.6918          10.77          0.3459        -169.23         0.3459        -169.23
  29        0.6905          11.64          0.3453        -168.36         0.3453        -168.36
  30        0.6922           1.24          0.3461        -178.76         0.3461        -178.76
  31        0.7024          -6.28          0.3512         173.72         0.3512         173.72
  32        0.7389         -17.10          0.3694         162.90         0.3694         162.90
  33        0.7389         -17.10          0.3694         162.90         0.3694         162.90
  34        0.8856         -22.84          0.4428         157.16         0.4428         157.16
  35        0.8079         -15.55          0.4039         164.45         0.4039         164.45
  36        0.7684          -9.09          0.3842         170.91         0.3842         170.91
  37        0.7461          -4.74          0.3731         175.26         0.3731         175.26
  38        0.6951           6.70          0.3475        -173.30         0.3475        -173.30
  39        0.7457          -4.56          0.3729         175.44         0.3729         175.44
  40        0.7689          -8.65          0.3845         171.35         0.3845         171.35
  41        0.7005           7.08          0.3503        -172.92         0.3503        -172.92
  42        0.6907           4.68          0.3454        -175.32         0.3454        -175.32
  43        0.6909           9.85          0.3454        -170.15         0.3454        -170.15
  44        0.6943           7.82          0.3471        -172.18         0.3471        -172.18
  45        0.6938          10.19          0.3469        -169.81         0.3469        -169.81
  46        0.6704          13.39          0.3352        -166.61         0.3352        -166.61
  47        0.6846          10.81          0.3423        -169.19         0.3423        -169.19
  48        0.6864           9.66          0.3432        -170.34         0.3432        -170.34
  49        0.6827          11.79          0.3414        -168.21         0.3414        -168.21
  50        0.6781          12.71          0.3390        -167.29         0.3390        -167.29
  51        0.6705          14.33          0.3353        -165.67         0.3353        -165.67
  52        0.6863          13.19          0.3431        -166.81         0.3431        -166.81
  53        0.6843          14.02          0.3421        -165.98         0.3421        -165.98
  54        0.6783          13.99          0.3391        -166.01         0.3391        -166.01
  55        0.6726          13.94          0.3363        -166.06         0.3363        -166.06
  56        0.6818           2.19          0.3409        -177.81         0.3409        -177.81
  57        0.6824           0.82          0.3412        -179.18         0.3412        -179.18


  CORRENTES NOS RAMOS: 
  -----------------------------------------------------------------------------------------------------
  DE     PARA              FASE A                        FASE B                        FASE C
                  Módulo(pu)    Ângulo(grau)    Módulo(pu)    Ângulo(grau)    Módulo(pu)    Ângulo(grau)
  -----------------------------------------------------------------------------------------------------
  1      2         0.0000           0.00          0.0620          133.85          0.0620         -46.15
  2      3         0.0000           0.00          0.0511          -34.67          0.0511         145.33
  3      4         0.0000           0.00          0.1174          139.08          0.1174         -40.92
  4      5         0.0000           0.00          0.0039          159.66          0.0039         -20.34
  4      6         0.0000           0.00          0.0047          -74.09          0.0047         105.91
  6      7         0.0000           0.00          0.0502          -44.77          0.0502         135.23
  6      8         0.0000           0.00          0.0356          -41.90          0.0356         138.10
  8      9         0.0000           0.00          0.1145          -39.53          0.1145         140.47
  9     10         0.0000           0.00          0.0176           -3.30          0.0176         176.70
  9     11         0.0000           0.00          0.1408          -51.81          0.1408         128.19
  9     12         0.0000           0.00          0.0018           -9.90          0.0018         170.10
  9     13         0.0000           0.00          0.0891          -41.24          0.0891         138.76
 13     14         0.0000           0.00          0.1605          -32.66          0.1605         147.34
 13     15         0.0000           0.00          0.0932          142.85          0.0932         -37.15
  1     15         0.0000           0.00          0.1862          -44.28          0.1862         135.72
  1     16         0.0000           0.00          0.0279          -35.58          0.0279         144.42
  1     17         0.0000           0.00          0.0142          -30.21          0.0142         149.79
  3     15         0.0000           0.00          0.2609          -39.69          0.2609         140.31
  4     18         0.0000           0.00          0.0781          137.84          0.0781         -42.16
  4     18         0.0000           0.00          0.1008          137.84          0.1008         -42.16
  5      6         0.0000           0.00          0.0168          -45.63          0.0168         134.37
  7      8         0.0000           0.00          0.0150          -28.03          0.0150         151.97
 10     12         0.0000           0.00          0.0194          178.07          0.0194          -1.93
 11     13         0.0000           0.00          0.0438            1.84          0.0438        -178.16
 12     13         0.0000           0.00          0.2355          -42.35          0.2355         137.65
 12     16         0.0000           0.00          0.0682          141.28          0.0682         -38.72
 12     17         0.0000           0.00          0.0545          141.84          0.0545         -38.16
 14     15         0.0000           0.00          0.2748          145.22          0.2748         -34.78
 18     19         0.0000           0.00          0.0477          -36.64          0.0477         143.36
 19     20         0.0000           0.00          0.0477          -36.64          0.0477         143.36
 21     20         0.0000           0.00          0.0090          -54.31          0.0090         125.69
 21     22         0.0000           0.00          0.0458          -36.64          0.0458         143.36
 22     23         0.0000           0.00          0.0728          173.17          0.0728          -6.83
 23     24         0.0000           0.00          0.0691          175.14          0.0691          -4.86
 24     25         0.0000           0.00          0.0390          -64.63          0.0390         115.37
 24     25         0.0000           0.00          0.0374          -64.63          0.0374         115.37
 24     26         0.0000           0.00          0.8138          -39.68          0.8138         140.32
 26     27         0.0000           0.00          0.1269          143.71          0.1269         -36.29
 27     28         0.0000           0.00          0.1269          143.71          0.1269         -36.29
 28     29         0.0000           0.00          0.1269          143.71          0.1269         -36.29
  7     29         0.0000           0.00          0.5009          139.87          0.5009         -40.13
 25     30         0.0000           0.00          0.1340          -52.87          0.1340         127.13
 30     31         0.0000           0.00          0.1340          -52.87          0.1340         127.13
 31     32         0.0000           0.00          0.1340          -52.87          0.1340         127.13
 32     33         0.0000           0.00          0.0000         -166.47          0.0000          13.53
 34     32         0.0000           0.00          0.1522          131.02          0.1522         -48.98
 34     35         0.0000           0.00          1.2253          140.27          1.2253         -39.73
 35     36         0.0000           0.00          1.2233          140.26          1.2233         -39.74
 36     37         0.0000           0.00          1.1436          142.66          1.1436         -37.34
 37     38         0.0000           0.00          1.0983          143.30          1.0983         -36.70
 37     39         0.0000           0.00          0.0461          127.36          0.0461         -52.64
 36     40         0.0000           0.00          0.0934          109.22          0.0934         -70.78
 22     38         0.0000           0.00          0.1148          -18.26          0.1148         161.74
 11     41         0.0000           0.00          0.0259         -155.40          0.0259          24.60
 41     42         0.0000           0.00          0.0653          -72.15          0.0653         107.85
 41     43         0.0000           0.00          0.0735          114.45          0.0735         -65.55
 38     44         0.0000           0.00          0.1820          126.86          0.1820         -53.14
 15     45         0.0000           0.00          0.3047          146.71          0.3047         -33.29
 14     46         0.0000           0.00          1.1627          137.29          1.1627         -42.71
 46     47         0.0000           0.00          0.4055          -34.22          0.4055         145.78
 47     48         0.0000           0.00          0.4072          -34.25          0.4072         145.75
 48     49         0.0000           0.00          0.1452          141.88          0.1452         -38.12
 49     50         0.0000           0.00          0.0681          157.40          0.0681         -22.60
 50     51         0.0000           0.00          0.0681          157.40          0.0681         -22.60
 10     51         0.0000           0.00          1.0482          137.94          1.0482         -42.06
 13     49         0.0000           0.00          0.3077          138.64          0.3077         -41.36
 29     52         0.0000           0.00          0.0701          152.88          0.0701         -27.12
 52     53         0.0000           0.00          0.0701          152.88          0.0701         -27.12
 53     54         0.0000           0.00          0.0174         -123.21          0.0174          56.79
 54     55         0.0000           0.00          0.0174         -123.21          0.0174          56.79
 11     43         0.0000           0.00          0.2347          147.11          0.2347         -32.89
 44     45         0.0000           0.00          0.1789          126.63          0.1789         -53.37
 40     56         0.0000           0.00          0.1175          119.11          0.1175         -60.89
 56     41         0.0000           0.00          0.0688          122.33          0.0688         -57.67
 56     42         0.0000           0.00          0.0653          107.85          0.0653         -72.15
 39     57         0.0000           0.00          0.0589          131.49          0.0589         -48.51
 57     56         0.0000           0.00          0.0452          127.36          0.0452         -52.64
 38     49         0.0000           0.00          0.2565          143.66          0.2565         -36.34
 38     48         0.0000           0.00          0.5548          144.71          0.5548         -35.29
  9     55         0.0000           0.00          0.5615          137.41          0.5615         -42.59
 18      0         0.0000           0.00          0.1111          138.98          0.1111         -41.02
 25      0         0.0000           0.00          0.0612          141.86          0.0612         -38.14
 53      0         0.0000           0.00          0.0704          138.62          0.0704         -41.38
