
  **********   RELATÓRIO - FALTA BIFÁSICA (FASES B e C)    ->   BARRA - 4   **********

  CORRENTE DE FALTA: 
  -----------------------------------------------------------------------------------------
            FASE A                        FASE B                        FASE C
   Módulo(pu)    Ângulo(grau)    Módulo(pu)    Ângulo(grau)    Módulo(pu)    Ângulo(grau)
  ------------------------------------------------------------------------------------------
     0.0000           0.00            1.2338      -15.40          1.2338        164.60


  TENSÕES NAS BARRAS: 
  -----------------------------------------------------------------------------------------------
  BARRA             FASE A                        FASE B                        FASE C
           Módulo(pu)    Ângulo(grau)    Módulo(pu)    Ângulo(grau)    Módulo(pu)    Ângulo(grau)
  -----------------------------------------------------------------------------------------------
   1        0.9122         -12.94          0.4561         167.06         0.4561         167.06
   2        0.9173         -13.04          0.4587         166.96         0.4587         166.96
   3        0.9419         -13.61          0.4709         166.39         0.4709         166.39
   4        0.9720         -14.21          0.4860         165.79         0.4860         165.79
   5        0.9479         -13.63          0.4740         166.37         0.4740         166.37
   6        0.9375         -13.38          0.4687         166.62         0.4687         166.62
   7        0.9175         -13.10          0.4588         166.90         0.4588         166.90
   8        0.9136         -12.98          0.4568         167.02         0.4568         167.02
   9        0.9070         -12.82          0.4535         167.18         0.4535         167.18
  10        0.9008         -12.74          0.4504         167.26         0.4504         167.26
  11        0.9067         -12.82          0.4533         167.18         0.4533         167.18
  12        0.9043         -12.76          0.4522         167.24         0.4522         167.24
  13        0.9119         -12.88          0.4560         167.12         0.4560         167.12
  14        0.9167         -12.95          0.4583         167.05         0.4583         167.05
  15        0.9184         -13.09          0.4592         166.91         0.4592         166.91
  16        0.9043         -12.77          0.4521         167.23         0.4521         167.23
  17        0.9066         -12.83          0.4533         167.17         0.4533         167.17
  18        0.9158         -14.19          0.4579         165.81         0.4579         165.81
  19        0.8998         -13.44          0.4499         166.56         0.4499         166.56
  20        0.8898         -12.96          0.4449         167.04         0.4449         167.04
  21        0.8249         -12.74          0.4124         167.26         0.4124         167.26
  22        0.8223         -12.60          0.4112         167.40         0.4112         167.40
  23        0.8218         -12.58          0.4109         167.42         0.4109         167.42
  24        0.8138         -12.18          0.4069         167.82         0.4069         167.82
  25        0.7775         -11.99          0.3888         168.01         0.3888         168.01
  26        0.8620         -12.38          0.4310         167.62         0.4310         167.62
  27        0.8703         -12.80          0.4352         167.20         0.4352         167.20
  28        0.8734         -12.96          0.4367         167.04         0.4367         167.04
  29        0.8754         -13.06          0.4377         166.94         0.4377         166.94
  30        0.7792         -12.07          0.3896         167.93         0.3896         167.93
  31        0.7834         -12.27          0.3917         167.73         0.3917         167.73
  32        0.7899         -12.58          0.3949         167.42         0.3949         167.42
  33        0.7899         -12.58          0.3949         167.42         0.3949         167.42
  34        0.8266         -12.67          0.4133         167.33         0.4133         167.33
  35        0.8274         -12.71          0.4137         167.29         0.4137         167.29
  36        0.8281         -12.75          0.4140         167.25         0.4140         167.25
  37        0.8270         -12.71          0.4135         167.29         0.4135         167.29
  38        0.8227         -12.62          0.4114         167.38         0.4114         167.38
  39        0.8276         -12.72          0.4138         167.28         0.4138         167.28
  40        0.8301         -12.81          0.4150         167.19         0.4150         167.19
  41        0.8438         -12.89          0.4219         167.11         0.4219         167.11
  42        0.8348         -12.58          0.4174         167.42         0.4174         167.42
  43        0.8565         -12.74          0.4283         167.26         0.4283         167.26
  44        0.8325         -12.80          0.4162         167.20         0.4162         167.20
  45        0.8537         -13.19          0.4268         166.81         0.4268         166.81
  46        0.8080         -12.45          0.4040         167.55         0.4040         167.55
  47        0.8139         -12.43          0.4069         167.57         0.4069         167.57
  48        0.8162         -12.48          0.4081         167.52         0.4081         167.52
  49        0.8117         -12.28          0.4058         167.72         0.4058         167.72
  50        0.8150         -12.36          0.4075         167.64         0.4075         167.64
  51        0.8207         -12.50          0.4104         167.50         0.4104         167.50
  52        0.8593         -12.49          0.4297         167.51         0.4297         167.51
  53        0.8509         -12.17          0.4255         167.83         0.4255         167.83
  54        0.8462         -12.33          0.4231         167.67         0.4231         167.67
  55        0.8418         -12.48          0.4209         167.52         0.4209         167.52
  56        0.8257         -12.25          0.4129         167.75         0.4129         167.75
  57        0.8217         -12.19          0.4108         167.81         0.4108         167.81


  CORRENTES NOS RAMOS: 
  -----------------------------------------------------------------------------------------------------
  DE     PARA              FASE A                        FASE B                        FASE C
                  Módulo(pu)    Ângulo(grau)    Módulo(pu)    Ângulo(grau)    Módulo(pu)    Ângulo(grau)
  -----------------------------------------------------------------------------------------------------
  1      2         0.0000           0.00          0.1585          -14.10          0.1585         165.90
  2      3         0.0000           0.00          0.2522          -14.53          0.2522         165.47
  3      4         0.0000           0.00          0.7181          -15.42          0.7181         164.58
  4      5         0.0000           0.00          0.1537          169.44          0.1537         -10.56
  4      6         0.0000           0.00          0.2088          160.49          0.2088         -19.51
  6      7         0.0000           0.00          0.1704          165.09          0.1704         -14.91
  6      8         0.0000           0.00          0.1215          162.72          0.1215         -17.28
  8      9         0.0000           0.00          0.1193          156.98          0.1193         -23.02
  9     10         0.0000           0.00          0.0320          167.91          0.0320         -12.09
  9     11         0.0000           0.00          0.0034         -168.27          0.0034          11.73
  9     12         0.0000           0.00          0.0082          159.50          0.0082         -20.50
  9     13         0.0000           0.00          0.0262           -7.73          0.0262         172.27
 13     14         0.0000           0.00          0.0935           -9.02          0.0935         170.98
 13     15         0.0000           0.00          0.0690          -22.82          0.0690         157.18
  1     15         0.0000           0.00          0.0615          -22.98          0.0615         157.02
  1     16         0.0000           0.00          0.0344          160.70          0.0344         -19.30
  1     17         0.0000           0.00          0.0461          161.70          0.0461         -18.30
  3     15         0.0000           0.00          0.3904          163.89          0.3904         -16.11
  4     18         0.0000           0.00          0.0877          165.50          0.0877         -14.50
  4     18         0.0000           0.00          0.1132          165.50          0.1132         -14.50
  5      6         0.0000           0.00          0.1373          169.95          0.1373         -10.05
  7      8         0.0000           0.00          0.0522          151.60          0.0522         -28.40
 10     12         0.0000           0.00          0.0238           -5.35          0.0238         174.65
 11     13         0.0000           0.00          0.0603           -6.46          0.0603         173.54
 12     13         0.0000           0.00          0.1118          -10.59          0.1118         169.41
 12     16         0.0000           0.00          0.0023         -104.68          0.0023          75.32
 12     17         0.0000           0.00          0.0120          -26.55          0.0120         153.45
 14     15         0.0000           0.00          0.0417          -48.21          0.0417         131.79
 18     19         0.0000           0.00          0.0210          163.14          0.0210         -16.86
 19     20         0.0000           0.00          0.0210          163.14          0.0210         -16.86
 21     20         0.0000           0.00          0.0724          -15.75          0.0724         164.25
 21     22         0.0000           0.00          0.0201          163.14          0.0201         -16.86
 22     23         0.0000           0.00          0.0318          164.87          0.0318         -15.13
 23     24         0.0000           0.00          0.0277          164.91          0.0277         -15.09
 24     25         0.0000           0.00          0.0267          163.78          0.0267         -16.22
 24     25         0.0000           0.00          0.0256          163.78          0.0256         -16.22
 24     26         0.0000           0.00          0.8837          -15.73          0.8837         164.27
 26     27         0.0000           0.00          0.0300          -17.22          0.0300         162.78
 27     28         0.0000           0.00          0.0300          -17.22          0.0300         162.78
 28     29         0.0000           0.00          0.0300          -17.22          0.0300         162.78
  7     29         0.0000           0.00          0.5638          166.05          0.5638         -13.95
 25     30         0.0000           0.00          0.0073          -11.96          0.0073         168.04
 30     31         0.0000           0.00          0.0073          -11.96          0.0073         168.04
 31     32         0.0000           0.00          0.0073          -11.96          0.0073         168.04
 32     33         0.0000           0.00          0.0000         -146.55          0.0000          33.45
 34     32         0.0000           0.00          0.0334          165.39          0.0334         -14.61
 34     35         0.0000           0.00          0.0091          -12.54          0.0091         167.46
 35     36         0.0000           0.00          0.0114          -13.11          0.0114         166.89
 36     37         0.0000           0.00          0.0219          179.32          0.0219          -0.68
 37     38         0.0000           0.00          0.0326         -176.88          0.0326           3.12
 37     39         0.0000           0.00          0.0117            8.72          0.0117        -171.28
 36     40         0.0000           0.00          0.0339           -5.16          0.0339         174.84
 22     38         0.0000           0.00          0.0117          -12.17          0.0117         167.83
 11     41         0.0000           0.00          0.0727          168.13          0.0727         -11.87
 41     42         0.0000           0.00          0.0215          171.02          0.0215          -8.98
 41     43         0.0000           0.00          0.0271           -2.68          0.0271         177.32
 38     44         0.0000           0.00          0.1341           -1.18          0.1341         178.82
 15     45         0.0000           0.00          0.5376          168.25          0.5376         -11.75
 14     46         0.0000           0.00          1.2833          163.34          1.2833         -16.66
 46     47         0.0000           0.00          0.0705            9.52          0.0705        -170.48
 47     48         0.0000           0.00          0.0720            8.99          0.0720        -171.01
 48     49         0.0000           0.00          0.0298          169.16          0.0298         -10.84
 49     50         0.0000           0.00          0.0201            0.89          0.0201        -179.11
 50     51         0.0000           0.00          0.0201            0.89          0.0201        -179.11
 10     51         0.0000           0.00          0.9748          164.85          0.9748         -15.15
 13     49         0.0000           0.00          0.4562          162.28          0.4562         -17.72
 29     52         0.0000           0.00          0.0669          176.38          0.0669          -3.62
 52     53         0.0000           0.00          0.0669          176.38          0.0669          -3.62
 53     54         0.0000           0.00          0.0152         -127.68          0.0152          52.32
 54     55         0.0000           0.00          0.0152         -127.68          0.0152          52.32
 11     43         0.0000           0.00          0.2840          165.78          0.2840         -14.22
 44     45         0.0000           0.00          0.1369           -1.48          0.1369         178.52
 40     56         0.0000           0.00          0.0066          105.85          0.0066         -74.15
 56     41         0.0000           0.00          0.0226            5.51          0.0226        -174.49
 56     42         0.0000           0.00          0.0215           -8.98          0.0215         171.02
 39     57         0.0000           0.00          0.0062          115.62          0.0062         -64.38
 57     56         0.0000           0.00          0.0115            8.72          0.0115        -171.28
 38     49         0.0000           0.00          0.0493          176.95          0.0493          -3.05
 38     48         0.0000           0.00          0.1028         -177.21          0.1028           2.79
  9     55         0.0000           0.00          0.4704          162.86          0.4704         -17.14
 18      0         0.0000           0.00          0.0890          165.77          0.0890         -14.23
 25      0         0.0000           0.00          0.0596          164.31          0.0596         -15.69
 53      0         0.0000           0.00          0.0597          164.20          0.0597         -15.80
