
  **********   RELATÓRIO - FALTA TRIFÁSICA    ->   BARRA - 3   **********

  CORRENTE DE FALTA: 
  -----------------------------------------------------------------------------------------
            FASE A                        FASE B                        FASE C
   Módulo(pu)    Ângulo(grau)    Módulo(pu)    Ângulo(grau)    Módulo(pu)    Ângulo(grau)
  ------------------------------------------------------------------------------------------
     0.4558          81.35            0.4558      -38.65          0.4558       -158.65


  TENSÕES NAS BARRAS: 
  -----------------------------------------------------------------------------------------------
  BARRA             FASE A                        FASE B                        FASE C
           Módulo(pu)    Ângulo(grau)    Módulo(pu)    Ângulo(grau)    Módulo(pu)    Ângulo(grau)
  -----------------------------------------------------------------------------------------------
   1        0.0427         153.98          0.0427          33.98         0.0427         -86.02
   2        0.0391         154.31          0.0391          34.31         0.0391         -85.69
   3        0.0000           0.00          0.0000           0.00         0.0000           0.00
   4        0.0433         152.88          0.0433          32.88         0.0433         -87.12
   5        0.0436         153.19          0.0436          33.19         0.0436         -86.81
   6        0.1169         164.42          0.1169          44.42         0.1169         -75.58
   7        0.0975         163.36          0.0975          43.36         0.0975         -76.64
   8        0.0975         163.36          0.0975          43.36         0.0975         -76.64
   9        0.1142         164.58          0.1142          44.58         0.1142         -75.42
  10        0.1146         164.56          0.1146          44.56         0.1146         -75.44
  11        0.1157         164.50          0.1157          44.50         0.1157         -75.50
  12        0.1167         164.42          0.1167          44.42         0.1167         -75.58
  13        0.1165         164.45          0.1165          44.45         0.1165         -75.55
  14        0.1152         164.53          0.1152          44.53         0.1152         -75.47


  CORRENTES NOS RAMOS: 
  -----------------------------------------------------------------------------------------------------
  DE     PARA              FASE A                        FASE B                        FASE C
                  Módulo(pu)    Ângulo(grau)    Módulo(pu)    Ângulo(grau)    Módulo(pu)    Ângulo(grau)
  -----------------------------------------------------------------------------------------------------
  1      2         0.0576          78.47          0.0576          -41.53          0.0576        -161.53
  1      5         0.0049        -134.92          0.0049          105.08          0.0049         -14.92
  2      3         0.1921          77.66          0.1921          -42.34          0.1921        -162.34
  2      4         0.0235        -111.78          0.0235          128.22          0.0235           8.22
  2      5         0.0251        -108.26          0.0251          131.74          0.0251          11.74
  3      4         0.2358         -95.72          0.2358          144.28          0.2358          24.28
  4      5         0.0082         -59.09          0.0082         -179.09          0.0082          60.91
  4      7         0.2654         -98.48          0.2654          141.52          0.2654          21.52
  4      9         0.1299         -98.44          0.1299          141.56          0.1299          21.56
  5      6         0.2959         -99.04          0.2959          140.96          0.2959          20.96
  6     11         0.0052          91.54          0.0052          -28.46          0.0052        -148.46
  6     12         0.0007         102.09          0.0007          -17.91          0.0007        -137.91
  6     13         0.0027          91.98          0.0027          -28.02          0.0027        -148.02
  7      8         0.0000         171.35          0.0000           51.35          0.0000         -68.65
  7      9         0.1524         -98.31          0.1524          141.69          0.1524          21.69
  9     10         0.0052         -88.46          0.0052          151.54          0.0052          31.54
  9     14         0.0034         -85.97          0.0034          154.03          0.0034          34.03
 10     11         0.0052         -88.46          0.0052          151.54          0.0052          31.54
 12     13         0.0007         102.09          0.0007          -17.91          0.0007        -137.91
 13     14         0.0034          94.03          0.0034          -25.97          0.0034        -145.97
  9      0         0.2134         -98.71          0.2134          141.29          0.2134          21.29
