
  **********   RELATÓRIO - FALTA BIFÁSICA (FASES B e C)    ->   BARRA - 4   **********

  CORRENTE DE FALTA: 
  -----------------------------------------------------------------------------------------
            FASE A                        FASE B                        FASE C
   Módulo(pu)    Ângulo(grau)    Módulo(pu)    Ângulo(grau)    Módulo(pu)    Ângulo(grau)
  ------------------------------------------------------------------------------------------
     0.0000           0.00            0.3852       -9.05          0.3852        170.95


  TENSÕES NAS BARRAS: 
  -----------------------------------------------------------------------------------------------
  BARRA             FASE A                        FASE B                        FASE C
           Módulo(pu)    Ângulo(grau)    Módulo(pu)    Ângulo(grau)    Módulo(pu)    Ângulo(grau)
  -----------------------------------------------------------------------------------------------
   1        1.0071          -8.77          0.5036         171.23         0.5036         171.23
   2        1.0083          -8.79          0.5042         171.21         0.5042         171.21
   3        1.0110          -8.82          0.5055         171.18         0.5055         171.18
   4        1.0183          -8.97          0.5092         171.03         0.5092         171.03
   5        1.0143          -8.90          0.5072         171.10         0.5072         171.10
   6        0.9432          -8.88          0.4716         171.12         0.4716         171.12
   7        0.9638          -8.98          0.4819         171.02         0.4819         171.02
   8        0.9638          -8.98          0.4819         171.02         0.4819         171.02
   9        0.9471          -8.98          0.4736         171.02         0.4736         171.02
  10        0.9464          -8.96          0.4732         171.04         0.4732         171.04
  11        0.9448          -8.92          0.4724         171.08         0.4724         171.08
  12        0.9435          -8.88          0.4717         171.12         0.4717         171.12
  13        0.9437          -8.89          0.4719         171.11         0.4719         171.11
  14        0.9457          -8.94          0.4728         171.06         0.4728         171.06


  CORRENTES NOS RAMOS: 
  -----------------------------------------------------------------------------------------------------
  DE     PARA              FASE A                        FASE B                        FASE C
                  Módulo(pu)    Ângulo(grau)    Módulo(pu)    Ângulo(grau)    Módulo(pu)    Ângulo(grau)
  -----------------------------------------------------------------------------------------------------
  1      2         0.0000           0.00          0.0171           -4.24          0.0171         175.76
  1      5         0.0000           0.00          0.0284          -12.14          0.0284         167.86
  2      3         0.0000           0.00          0.0117           -6.11          0.0117         173.89
  2      4         0.0000           0.00          0.0491           -8.70          0.0491         171.30
  2      5         0.0000           0.00          0.0299           -8.28          0.0299         171.72
  3      4         0.0000           0.00          0.0368           -8.17          0.0368         171.83
  4      5         0.0000           0.00          0.0827          169.86          0.0827         -10.14
  4      7         0.0000           0.00          0.2259          171.09          0.2259          -8.91
  4      9         0.0000           0.00          0.1108          171.11          0.1108          -8.89
  5      6         0.0000           0.00          0.2445          170.86          0.2445          -9.14
  6     11         0.0000           0.00          0.0072           -8.03          0.0072         171.97
  6     12         0.0000           0.00          0.0009            2.52          0.0009        -177.48
  6     13         0.0000           0.00          0.0037           -7.60          0.0037         172.40
  7      8         0.0000           0.00          0.0000           80.95          0.0000         -99.05
  7      9         0.0000           0.00          0.1310          171.14          0.1310          -8.86
  9     10         0.0000           0.00          0.0072          171.97          0.0072          -8.03
  9     14         0.0000           0.00          0.0046          174.46          0.0046          -5.54
 10     11         0.0000           0.00          0.0072          171.97          0.0072          -8.03
 12     13         0.0000           0.00          0.0009            2.52          0.0009        -177.48
 13     14         0.0000           0.00          0.0046           -5.54          0.0046         174.46
  9      0         0.0000           0.00          0.1793          171.03          0.1793          -8.97
