
  **********   RELATÓRIO - FALTA TRIFÁSICA    ->   BARRA - 7   **********

  CORRENTE DE FALTA: 
  -----------------------------------------------------------------------------------------
            FASE A                        FASE B                        FASE C
   Módulo(pu)    Ângulo(grau)    Módulo(pu)    Ângulo(grau)    Módulo(pu)    Ângulo(grau)
  ------------------------------------------------------------------------------------------
     0.4460          84.65            0.4460      -35.35          0.4460       -155.35


  TENSÕES NAS BARRAS: 
  -----------------------------------------------------------------------------------------------
  BARRA             FASE A                        FASE B                        FASE C
           Módulo(pu)    Ângulo(grau)    Módulo(pu)    Ângulo(grau)    Módulo(pu)    Ângulo(grau)
  -----------------------------------------------------------------------------------------------
   1        0.0154         153.80          0.0154          33.80         0.0154         -86.20
   2        0.0145         153.36          0.0145          33.36         0.0145         -86.64
   3        0.0124         152.00          0.0124          32.00         0.0124         -88.00
   4        0.0049         150.09          0.0049          30.09         0.0049         -89.91
   5        0.0065         146.02          0.0065          26.02         0.0065         -93.98
   6        0.0620         168.46          0.0620          48.46         0.0620         -71.54
   7        0.0000           0.00          0.0000           0.00         0.0000           0.00
   8        0.0000           0.00          0.0000        -120.00         0.0000         120.00
   9        0.0340         176.44          0.0340          56.44         0.0340         -63.56
  10        0.0388         174.62          0.0388          54.62         0.0388         -65.38
  11        0.0501         171.19          0.0501          51.19         0.0501         -68.81
  12        0.0599         168.49          0.0599          48.49         0.0599         -71.51
  13        0.0579         169.34          0.0579          49.34         0.0579         -70.66
  14        0.0443         172.54          0.0443          52.54         0.0443         -67.46


  CORRENTES NOS RAMOS: 
  -----------------------------------------------------------------------------------------------------
  DE     PARA              FASE A                        FASE B                        FASE C
                  Módulo(pu)    Ângulo(grau)    Módulo(pu)    Ângulo(grau)    Módulo(pu)    Ângulo(grau)
  -----------------------------------------------------------------------------------------------------
  1      2         0.0159          88.49          0.0159          -31.51          0.0159        -151.51
  1      5         0.0395          82.96          0.0395          -37.04          0.0395        -157.04
  2      3         0.0101          84.92          0.0101          -35.08          0.0101        -155.08
  2      4         0.0513          83.29          0.0513          -36.71          0.0513        -156.71
  2      5         0.0442          87.35          0.0442          -32.65          0.0442        -152.65
  3      4         0.0407          84.66          0.0407          -35.34          0.0407        -155.34
  4      5         0.0354        -119.37          0.0354          120.63          0.0354           0.63
  4      7         0.0237          60.09          0.0237          -59.91          0.0237        -179.91
  4      9         0.0533         -89.31          0.0533          150.69          0.0533          30.69
  5      6         0.2224         -99.01          0.2224          140.99          0.2224          20.99
  6     11         0.0553          92.72          0.0553          -27.28          0.0553        -147.28
  6     12         0.0073         103.27          0.0073          -16.73          0.0073        -136.73
  6     13         0.0285          93.16          0.0285          -26.84          0.0285        -146.84
  7      8         0.0000          89.56          0.0000          -30.44          0.0000        -150.44
  7      9         0.3089         -93.56          0.3089          146.44          0.3089          26.44
  9     10         0.0553         -87.28          0.0553          152.72          0.0553          32.72
  9     14         0.0357         -84.79          0.0357          155.21          0.0357          35.21
 10     11         0.0553         -87.28          0.0553          152.72          0.0553          32.72
 12     13         0.0073         103.27          0.0073          -16.73          0.0073        -136.73
 13     14         0.0357          95.21          0.0357          -24.79          0.0357        -144.79
  9      0         0.2100         -95.12          0.2100          144.88          0.2100          24.88
