
  **********   RELATÓRIO - FALTA TRIFÁSICA    ->   BARRA - 41   **********

  CORRENTE DE FALTA: 
  -----------------------------------------------------------------------------------------
            FASE A                        FASE B                        FASE C
   Módulo(pu)    Ângulo(grau)    Módulo(pu)    Ângulo(grau)    Módulo(pu)    Ângulo(grau)
  ------------------------------------------------------------------------------------------
     1.8450          62.20            1.8450      -57.80          1.8450       -177.80


  TENSÕES NAS BARRAS: 
  -----------------------------------------------------------------------------------------------
  BARRA             FASE A                        FASE B                        FASE C
           Módulo(pu)    Ângulo(grau)    Módulo(pu)    Ângulo(grau)    Módulo(pu)    Ângulo(grau)
  -----------------------------------------------------------------------------------------------
   1        0.4800         144.07          0.4800          24.07         0.4800         -95.93
   2        0.4828         143.99          0.4828          23.99         0.4828         -96.01
   3        0.4782         144.01          0.4782          24.01         0.4782         -95.99
   4        0.4828         143.95          0.4828          23.95         0.4828         -96.05
   5        0.4793         144.11          0.4793          24.11         0.4793         -95.89
   6        0.4758         144.25          0.4758          24.25         0.4758         -95.75
   7        0.4679         144.36          0.4679          24.36         0.4679         -95.64
   8        0.4564         144.53          0.4564          24.53         0.4564         -95.47
   9        0.4383         144.78          0.4383          24.78         0.4383         -95.22
  10        0.4528         144.49          0.4528          24.49         0.4528         -95.51
  11        0.3806         146.84          0.3806          26.84         0.3806         -93.16
  12        0.4545         144.37          0.4545          24.37         0.4545         -95.63
  13        0.4345         144.72          0.4345          24.72         0.4345         -95.28
  14        0.4410         144.36          0.4410          24.36         0.4410         -95.64
  15        0.4619         144.22          0.4619          24.22         0.4619         -95.78
  16        0.4649         144.25          0.4649          24.25         0.4649         -95.75
  17        0.4741         144.14          0.4741          24.14         0.4741         -95.86
  18        0.5487         144.81          0.5487          24.81         0.5487         -95.19
  19        0.5247         145.48          0.5247          25.48         0.5247         -94.52
  20        0.5096         145.91          0.5096          25.91         0.5096         -94.09
  21        0.5486         145.91          0.5486          25.91         0.5486         -94.09
  22        0.5448         146.01          0.5448          26.01         0.5448         -93.99
  23        0.5463         145.96          0.5463          25.96         0.5463         -94.04
  24        0.5697         145.37          0.5697          25.37         0.5697         -94.63
  25        0.6036         145.74          0.6036          25.74         0.6036         -94.26
  26        0.5084         144.61          0.5084          24.61         0.5084         -95.39
  27        0.5148         144.94          0.5148          24.94         0.5148         -95.06
  28        0.5172         145.07          0.5172          25.07         0.5172         -94.93
  29        0.5187         145.14          0.5187          25.14         0.5187         -94.86
  30        0.5961         146.10          0.5961          26.10         0.5961         -93.90
  31        0.5777         147.00          0.5777          27.00         0.5777         -93.00
  32        0.5500         148.52          0.5500          28.52         0.5500         -91.48
  33        0.5500         148.52          0.5500          28.52         0.5500         -91.48
  34        0.4807         147.81          0.4807          27.81         0.4807         -92.19
  35        0.4776         148.02          0.4776          28.02         0.4776         -91.98
  36        0.4752         148.20          0.4752          28.20         0.4752         -91.80
  37        0.4865         147.65          0.4865          27.65         0.4865         -92.35
  38        0.5409         146.12          0.5409          26.12         0.5409         -93.88
  39        0.4774         147.90          0.4774          27.90         0.4774         -92.10
  40        0.4593         148.87          0.4593          28.87         0.4593         -91.13
  41        0.0000         -90.00          0.0000         150.00         0.0000          30.00
  42        0.0988         126.60          0.0988           6.60         0.0988        -113.40
  43        0.3197         147.77          0.3197          27.77         0.3197         -92.23
  44        0.5380         145.98          0.5380          25.98         0.5380         -94.02
  45        0.5314         145.70          0.5314          25.70         0.5314         -94.30
  46        0.5789         145.87          0.5789          25.87         0.5789         -94.13
  47        0.5631         145.70          0.5631          25.70         0.5631         -94.30
  48        0.5567         145.86          0.5567          25.86         0.5567         -94.14
  49        0.5643         145.72          0.5643          25.72         0.5643         -94.28
  50        0.5621         145.84          0.5621          25.84         0.5621         -94.16
  51        0.5582         146.05          0.5582          26.05         0.5582         -93.95
  52        0.5331         144.61          0.5331          24.61         0.5331         -95.39
  53        0.5408         144.34          0.5408          24.34         0.5408         -95.66
  54        0.5351         145.19          0.5351          25.19         0.5351         -94.81
  55        0.5295         146.01          0.5295          26.01         0.5295         -93.99
  56        0.1988         126.34          0.1988           6.34         0.1988        -113.66
  57        0.2620         128.09          0.2620           8.09         0.2620        -111.91


  CORRENTES NOS RAMOS: 
  -----------------------------------------------------------------------------------------------------
  DE     PARA              FASE A                        FASE B                        FASE C
                  Módulo(pu)    Ângulo(grau)    Módulo(pu)    Ângulo(grau)    Módulo(pu)    Ângulo(grau)
  -----------------------------------------------------------------------------------------------------
  1      2         0.0997        -122.30          0.0997          117.70          0.0997          -2.30
  2      3         0.0515          71.49          0.0515          -48.51          0.0515        -168.51
  3      4         0.1204        -115.08          0.1204          124.92          0.1204           4.92
  4      5         0.0255          58.40          0.0255          -61.60          0.0255         178.40
  4      6         0.0484          50.36          0.0484          -69.64          0.0484         170.36
  6      7         0.0762          58.81          0.0762          -61.19          0.0762         178.81
  6      8         0.1105          58.82          0.1105          -61.18          0.1105         178.82
  8      9         0.3547          59.73          0.3547          -60.27          0.3547         179.73
  9     10         0.0856        -121.75          0.0856          118.25          0.0856          -1.75
  9     11         0.6710          58.35          0.6710          -61.65          0.6710         178.35
  9     12         0.0548        -123.95          0.0548          116.05          0.0548          -3.95
  9     13         0.0227          78.23          0.0227          -41.77          0.0227        -161.77
 13     14         0.1549        -131.58          0.1549          108.42          0.1549         -11.58
 13     15         0.3043        -116.47          0.3043          123.53          0.3043           3.53
  1     15         0.1953          61.25          0.1953          -58.75          0.1953        -178.75
  1     16         0.0719          60.74          0.0719          -59.26          0.0719        -179.26
  1     17         0.0535          60.22          0.0535          -59.78          0.0535        -179.78
  3     15         0.2952          65.02          0.2952          -54.98          0.2952        -174.98
  4     18         0.1195        -118.95          0.1195          121.05          0.1195           1.05
  4     18         0.1543        -118.95          0.1543          121.05          0.1543           1.05
  5      6         0.0527          60.49          0.0527          -59.51          0.0527        -179.51
  7      8         0.1595          58.78          0.1595          -61.22          0.1595         178.78
 10     12         0.0150        -140.94          0.0150           99.06          0.0150         -20.94
 11     13         0.7313        -122.93          0.7313          117.07          0.7313          -2.93
 12     13         0.3322          63.95          0.3322          -56.05          0.3322        -176.05
 12     16         0.1255        -118.47          0.1255          121.53          0.1255           1.53
 12     17         0.1074        -118.64          0.1074          121.36          0.1074           1.36
 14     15         0.3658        -111.39          0.3658          128.61          0.3658           8.61
 18     19         0.0300          74.29          0.0300          -45.71          0.0300        -165.71
 19     20         0.0300          74.29          0.0300          -45.71          0.0300        -165.71
 21     20         0.0502          55.83          0.0502          -64.17          0.0502         175.83
 21     22         0.0288          74.29          0.0288          -45.71          0.0288        -165.71
 22     23         0.0852        -106.20          0.0852          133.80          0.0852          13.80
 23     24         0.0790        -105.33          0.0790          134.67          0.0790          14.67
 24     25         0.0289        -118.04          0.0289          121.96          0.0289           1.96
 24     25         0.0278        -118.04          0.0278          121.96          0.0278           1.96
 24     26         1.3040          61.64          1.3040          -58.36          1.3040        -178.36
 26     27         0.0233         -67.14          0.0233          172.86          0.0233          52.86
 27     28         0.0233         -67.14          0.0233          172.86          0.0233          52.86
 28     29         0.0233         -67.14          0.0233          172.86          0.0233          52.86
  7     29         0.7913        -117.79          0.7913          122.21          0.7913           2.21
 25     30         0.0346          63.16          0.0346          -56.84          0.0346        -176.84
 30     31         0.0346          63.16          0.0346          -56.84          0.0346        -176.84
 31     32         0.0346          63.16          0.0346          -56.84          0.0346        -176.84
 32     33         0.0000         -80.11          0.0000          159.89          0.0000          39.89
 34     32         0.0730        -116.56          0.0730          123.44          0.0730           3.44
 34     35         0.0378          63.19          0.0378          -56.81          0.0378        -176.81
 35     36         0.0412          63.24          0.0412          -56.76          0.0412        -176.76
 36     37         0.2613        -106.00          0.2613          134.00          0.2613          14.00
 37     38         0.4672        -104.48          0.4672          135.52          0.4672          15.52
 37     39         0.2075          77.34          0.2075          -42.66          0.2075        -162.66
 36     40         0.3030          72.51          0.3030          -47.49          0.3030        -167.49
 22     38         0.1140          73.92          0.1140          -46.08          0.1140        -166.08
 11     41         0.5082          56.84          0.5082          -63.16          0.5082         176.84
 41     42         0.2421        -112.94          0.2421          127.06          0.2421           7.06
 41     43         0.7760        -122.23          0.7760          117.77          0.7760          -2.23
 38     44         0.0481         107.12          0.0481          -12.88          0.0481        -132.88
 15     45         0.6778        -114.55          0.6778          125.45          0.6778           5.45
 14     46         1.8853        -119.31          1.8853          120.69          1.8853           0.69
 46     47         0.2217          80.64          0.2217          -39.36          0.2217        -159.36
 47     48         0.2240          80.45          0.2240          -39.55          0.2240        -159.55
 48     49         0.0506        -101.17          0.0506          138.83          0.0506          18.83
 49     50         0.0168          60.55          0.0168          -59.45          0.0168        -179.45
 50     51         0.0168          60.55          0.0168          -59.45          0.0168        -179.45
 10     51         1.4927        -117.29          1.4927          122.71          1.4927           2.71
 13     49         0.6810        -120.93          0.6810          119.07          0.6810          -0.93
 29     52         0.0644        -106.20          0.0644          133.80          0.0644          13.80
 52     53         0.0644        -106.20          0.0644          133.80          0.0644          13.80
 53     54         0.0330          39.05          0.0330          -80.95          0.0330         159.05
 54     55         0.0330          39.05          0.0330          -80.95          0.0330         159.05
 11     43         0.3999          51.99          0.3999          -68.01          0.3999         171.99
 44     45         0.0514         103.66          0.0514          -16.34          0.0514        -136.34
 40     56         0.2393          74.31          0.2393          -45.69          0.2393        -165.69
 56     41         0.2551          81.55          0.2551          -38.45          0.2551        -158.45
 56     42         0.2421          67.06          0.2421          -52.94          0.2421        -172.94
 39     57         0.1826          78.93          0.1826          -41.07          0.1826        -161.07
 57     56         0.2033          77.34          0.2033          -42.66          0.2033        -162.66
 38     49         0.1124        -100.32          0.1124          139.68          0.1124          19.68
 38     48         0.2779        -100.07          0.2779          139.93          0.2779          19.93
  9     55         0.7624        -118.09          0.7624          121.91          0.7624           1.91
 18      0         0.1491        -117.68          0.1491          122.32          0.1491           2.32
 25      0         0.0913        -117.59          0.0913          122.41          0.0913           2.41
 53      0         0.0934        -117.81          0.0934          122.19          0.0934           2.19
