================================================================================= 
=== UFF - Doutorado em Computação - Aplicaçoes em Sistemas de Potencia        === 
=== ESTIMADOR DE ESTADO MÍNIMOS QUADRADOS PONDERADOS INCLUINDO MEDIDAS DE PMU === 
=== Desenvolvido por: Rui Menezes de Moraes - 2009                            === 
================================================================================= 
Arquivo de medidores:          F:\Documents\Uff\Artigos\SimSEP\VERSAO WELDAN V2\Codigos\Med\ieee57_24_2400.med
Arquivo do sistema:            F:\Documents\Uff\Artigos\SimSEP\VERSAO WELDAN V2\Codigos\Carga\ieee57_24_2400.txt
Tolerância entre iteraçoes:     1.00e-04
Limite de iteraçoes:           100

--- DADOS DA REDE --------------------------------------------------------------- 
Data do caso:                  08/25/93
Origem:                        UW ARCHIVE          
MVA base:                      100
Ano:                           1961
Estação:                       W
Identificação:                 IEEE 57 Bus Test Case
Número de barras:              57 
Número de ramos:               80 
Referência na barra:           1

--- TELEMEDIDAS ------------------------------------------------------------------
    Tipo 1 = Fluxo de potencia ativa        Tipo  6 = Módulo da tensão            
    Tipo 2 = Injeção de potencia ativa      Tipo  7 = Corrente de ramo (real)     
    Tipo 3 = Ângulo de fase da tensão       Tipo  8 = Corrente de ramo (imag)     
    Tipo 4 = Fluxo de potencia reativa      Tipo  9 = Injeção de corrente (real)  
    Tipo 5 = Injeção de potencia reativa    Tipo 10 = Injeção de corrente (imag)  
----------------------------------------------------------------------------------
   N    D    P TP  PN ST   Exa   FS       DP      V_Ref      V_Med          E(%) 
----------------------------------------------------------------------------------
   1    0    1  6   0  0 0.015 01.1  0.00520   +1.04000   +1.02840     -1.115385 
   2    0    2  6   0  0 0.015 01.1  0.00513   +1.02584   +1.02924     +0.331436 
   3    0    3  6   0  0 0.015 01.1  0.00509   +1.01891   +1.02238     +0.340560 
   4    0    4  6   0  0 0.015 01.1  0.00508   +1.01577   +1.00769     -0.795456 
   5    0    5  6   0  0 0.015 01.1  0.00506   +1.01122   +1.02207     +1.072961 
   6    0    6  6   0  0 0.015 01.1  0.00505   +1.01086   +0.99920     -1.153473 
   7    0    7  6   0  0 0.015 01.1  0.00504   +1.00890   +1.02047     +1.146794 
   8    0    8  6   0  0 0.015 01.1  0.00502   +1.00500   +1.00165     -0.333333 
   9    0    9  6   0  0 0.015 01.1  0.00500   +1.00098   +0.99497     -0.600412 
  10    0   10  6   0  0 0.015 01.1  0.00503   +1.00629   +1.01392     +0.758231 
  11    0   11  6   0  0 0.015 01.1  0.00501   +1.00282   +0.99576     -0.704015 
  12    0   12  6   0  0 0.015 01.1  0.00507   +1.01500   +1.01578     +0.076847 
  13    0   13  6   0  0 0.015 01.1  0.00502   +1.00476   +0.99660     -0.812134 
  14    0   14  6   0  0 0.015 01.1  0.00502   +1.00373   +0.99037     -1.331035 
  15    0   15  6   0  0 0.015 01.1  0.00507   +1.01352   +1.02349     +0.983700 
  16    0   16  6   0  0 0.015 01.1  0.00510   +1.01975   +1.00800     -1.152243 
  17    0   17  6   0  0 0.015 01.1  0.00514   +1.02721   +1.02850     +0.125583 
  18    0   18  6   0  0 0.015 01.1  0.00530   +1.06002   +1.06398     +0.373578 
  19    0   19  6   0  0 0.015 01.1  0.00524   +1.04746   +1.03176     -1.498864 
  20    0   20  6   0  0 0.015 01.1  0.00521   +1.04221   +1.03170     -1.008434 
  21    0   21  6   0  0 0.015 01.1  0.00541   +1.08305   +1.06711     -1.471770 
  22    0   22  6   0  0 0.015 01.1  0.00541   +1.08244   +1.09065     +0.758472 
  23    0   23  6   0  0 0.015 01.1  0.00541   +1.08259   +1.08921     +0.611497 
  24    0   24  6   0  0 0.015 01.1  0.00544   +1.08853   +1.08384     -0.430856 
  25    0   25  6   0  0 0.015 01.1  0.00558   +1.11613   +1.12184     +0.511589 
  26    0   26  6   0  0 0.015 01.1  0.00519   +1.03832   +1.02558     -1.226982 
  27    0   27  6   0  0 0.015 01.1  0.00521   +1.04287   +1.05296     +0.967522 
  28    0   28  6   0  0 0.015 01.1  0.00524   +1.04712   +1.04471     -0.230155 
  29    0   29  6   0  0 0.015 01.1  0.00526   +1.05168   +1.03911     -1.195230 
  30    0   30  6   0  0 0.015 01.1  0.00555   +1.10948   +1.09608     -1.207773 
  31    0   31  6   0  0 0.015 01.1  0.00549   +1.09824   +1.08527     -1.180980 
  32    0   32  6   0  0 0.015 01.1  0.00546   +1.09224   +1.09613     +0.356149 
  33    0   33  6   0  0 0.015 01.1  0.00546   +1.09175   +1.08196     -0.896725 
  34    0   34  6   0  0 0.015 01.1  0.00535   +1.06991   +1.06744     -0.230861 
  35    0   35  6   0  0 0.015 01.1  0.00535   +1.07029   +1.08022     +0.927786 
  36    0   36  6   0  0 0.015 01.1  0.00536   +1.07144   +1.06594     -0.513328 
  37    0   37  6   0  0 0.015 01.1  0.00537   +1.07372   +1.06642     -0.679879 
  38    0   38  6   0  0 0.015 01.1  0.00541   +1.08200   +1.09235     +0.956562 
  39    0   39  6   0  0 0.015 01.1  0.00536   +1.07289   +1.06344     -0.880799 
  40    0   40  6   0  0 0.015 01.1  0.00535   +1.06944   +1.07440     +0.463794 
  41    0   41  6   0  0 0.015 01.1  0.00530   +1.05955   +1.06196     +0.227455 
  42    0   42  6   0  0 0.015 01.1  0.00529   +1.05770   +1.05973     +0.191926 
  43    0   43  6   0  0 0.015 01.1  0.00525   +1.04987   +1.04403     -0.556259 
  44    0   44  6   0  0 0.015 01.1  0.00538   +1.07593   +1.06449     -1.063266 
  45    0   45  6   0  0 0.015 01.1  0.00532   +1.06492   +1.05310     -1.109943 
  46    0   46  6   0  0 0.015 01.1  0.00552   +1.10394   +1.11529     +1.028136 
  47    0   47  6   0  0 0.015 01.1  0.00546   +1.09226   +1.09143     -0.075989 
  48    0   48  6   0  0 0.015 01.1  0.00545   +1.08957   +1.08080     -0.804905 
  49    0   49  6   0  0 0.015 01.1  0.00547   +1.09435   +1.10358     +0.843423 
  50    0   50  6   0  0 0.015 01.1  0.00543   +1.08634   +1.09228     +0.546790 
  51    0   51  6   0  0 0.015 01.1  0.00543   +1.08497   +1.07394     -1.016618 
  52    0   52  6   0  0 0.015 01.1  0.00526   +1.05186   +1.04054     -1.076189 
  53    0   53  6   0  0 0.015 01.1  0.00527   +1.05353   +1.05886     +0.505918 
  54    0   54  6   0  0 0.015 01.1  0.00528   +1.05615   +1.06118     +0.476258 
  55    0   55  6   0  0 0.015 01.1  0.00531   +1.06114   +1.06572     +0.431611 
  56    0   56  6   0  0 0.015 01.1  0.00532   +1.06319   +1.05320     -0.939625 
  57    0   57  6   0  0 0.015 01.1  0.00532   +1.06477   +1.07506     +0.966406 
  58    0    1  2   0  0 0.020 01.0  0.02394   -3.33026   -3.31392     -0.490652 
  59    0    2  2   0  0 0.020 01.0  0.00179   -0.00799   -0.00336    -57.947434 
  60    0    3  2   0  0 0.020 01.0  0.00632   +0.68799   +0.69411     +0.889548 
  61    0    4  2   0  0 0.020 01.0  0.00173   -0.00000   -0.00261     +0.000000 
  62    0    5  2   0  0 0.020 01.0  0.00195   -0.03300   -0.03831    +16.090909 
  63    0    6  2   0  0 0.020 01.0  0.00299   -0.18800   -0.19630     +4.414894 
  64    0    7  2   0  0 0.020 01.0  0.00173   +0.00000   +0.00227     +0.000000 
  65    0    8  2   0  0 0.020 01.0  0.02923   +4.12500   +4.08000     -1.090909 
  66    0    9  2   0  0 0.020 01.0  0.00423   -0.37500   -0.38400     +2.400000 
  67    0   10  2   0  0 0.020 01.0  0.00249   -0.11300   -0.11980     +6.017699 
  68    0   11  2   0  0 0.020 01.0  0.00173   +0.00000   +0.00321     +0.000000 
  69    0   12  2   0  0 0.020 01.0  0.00599   +0.63800   +0.65024     +1.918495 
  70    0   13  2   0  0 0.020 01.0  0.00203   -0.04500   -0.04830     +7.333333 
  71    0   14  2   0  0 0.020 01.0  0.00191   -0.02600   -0.02316    -10.923077 
  72    0   15  2   0  0 0.020 01.0  0.00210   -0.05499   -0.05774     +5.000909 
  73    0   16  2   0  0 0.020 01.0  0.00245   -0.10800   -0.11038     +2.203704 
  74    0   17  2   0  0 0.020 01.0  0.00243   -0.10500   -0.10749     +2.371429 
  75    0   18  2   0  0 0.020 01.0  0.00219   -0.06800   -0.07369     +8.367647 
  76    0   19  2   0  0 0.020 01.0  0.00179   -0.00800   -0.01253    +56.625000 
  77    0   20  2   0  0 0.020 01.0  0.00177   -0.00600   -0.00605     +0.833333 
  78    0   21  2   0  0 0.020 01.0  0.00173   -0.00000   -0.00129     +0.000000 
  79    0   22  2   0  0 0.020 01.0  0.00173   +0.00000   -0.00087     +0.000000 
  80    0   23  2   0  0 0.020 01.0  0.00184   -0.01600   -0.01468     -8.250000 
  81    0   24  2   0  0 0.020 01.0  0.00173   +0.00000   +0.00170     +0.000000 
  82    0   25  2   0  0 0.020 01.0  0.00184   -0.01600   -0.01450     -9.375000 
  83    0   26  2   0  0 0.020 01.0  0.00173   -0.00000   -0.00166     +0.000000 
  84    0   27  2   0  0 0.020 01.0  0.00189   -0.02300   -0.02023    -12.043478 
  85    0   28  2   0  0 0.020 01.0  0.00181   -0.01100   -0.00888    -19.272727 
  86    0   29  2   0  0 0.020 01.0  0.00202   -0.04300   -0.04195     -2.441860 
  87    0   30  2   0  0 0.020 01.0  0.00179   -0.00900   -0.00488    -45.777778 
  88    0   31  2   0  0 0.020 01.0  0.00183   -0.01400   -0.00899    -35.785714 
  89    0   32  2   0  0 0.020 01.0  0.00176   -0.00400   -0.00020    -95.000000 
  90    0   33  2   0  0 0.020 01.0  0.00179   -0.00900   -0.01093    +21.444444 
  91    0   34  2   0  0 0.020 01.0  0.00173   -0.00000   +0.00170     +0.000000 
  92    0   35  2   0  0 0.020 01.0  0.00183   -0.01500   -0.01054    -29.733333 
  93    0   36  2   0  0 0.020 01.0  0.00173   -0.00000   +0.00193     +0.000000 
  94    0   37  2   0  0 0.020 01.0  0.00173   +0.00000   +0.00519     +0.000000 
  95    0   38  2   0  0 0.020 01.0  0.00197   -0.03500   -0.03501     +0.028571 
  96    0   39  2   0  0 0.020 01.0  0.00173   -0.00000   -0.00236     +0.000000 
  97    0   40  2   0  0 0.020 01.0  0.00173   -0.00000   +0.00201     +0.000000 
  98    0   41  2   0  0 0.020 01.0  0.00184   -0.01600   -0.01054    -34.125000 
  99    0   42  2   0  0 0.020 01.0  0.00185   -0.01800   -0.02122    +17.888889 
 100    0   43  2   0  0 0.020 01.0  0.00177   -0.00500   -0.00589    +17.800000 
 101    0   44  2   0  0 0.020 01.0  0.00193   -0.03000   -0.03392    +13.066667 
 102    0   45  2   0  0 0.020 01.0  0.00173   -0.00000   -0.00260     +0.000000 
 103    0   46  2   0  0 0.020 01.0  0.00173   +0.00000   -0.00111     +0.000000 
 104    0   47  2   0  0 0.020 01.0  0.00223   -0.07400   -0.07614     +2.891892 
 105    0   48  2   0  0 0.020 01.0  0.00173   +0.00000   +0.00446     +0.000000 
 106    0   49  2   0  0 0.020 01.0  0.00203   -0.04500   -0.04558     +1.288889 
 107    0   50  2   0  0 0.020 01.0  0.00209   -0.05300   -0.05267     -0.622642 
 108    0   51  2   0  0 0.020 01.0  0.00203   -0.04500   -0.04499     -0.022222 
 109    0   52  2   0  0 0.020 01.0  0.00181   -0.01200   -0.00862    -28.166667 
 110    0   53  2   0  0 0.020 01.0  0.00207   -0.05000   -0.04622     -7.560000 
 111    0   54  2   0  0 0.020 01.0  0.00180   -0.01000   -0.01413    +41.300000 
 112    0   55  2   0  0 0.020 01.0  0.00185   -0.01700   -0.01569     -7.705882 
 113    0   56  2   0  0 0.020 01.0  0.00186   -0.01900   -0.01596    -16.000000 
 114    0   57  2   0  0 0.020 01.0  0.00185   -0.01700   -0.01938    +14.000000 
 115    0    1  5   0  0 0.020 01.0  0.01389   +1.82321   +1.80398     -1.054733 
 116    0    2  5   0  0 0.020 01.0  0.00433   -0.39000   -0.39088     +0.225641 
 117    0    3  5   0  0 0.020 01.0  0.00275   -0.15297   -0.15510     +1.392430 
 118    0    4  5   0  0 0.020 01.0  0.00173   -0.00000   -0.00022     +0.000000 
 119    0    5  5   0  0 0.020 01.0  0.00180   -0.01000   -0.01067     +6.700000 
 120    0    6  5   0  0 0.020 01.0  0.00230   -0.08499   -0.08837     +3.976938 
 121    0    7  5   0  0 0.020 01.0  0.00173   -0.00000   -0.00373     +0.000000 
 122    0    8  5   0  0 0.020 01.0  0.00598   -0.63668   -0.64506     +1.316203 
 123    0    9  5   0  0 0.020 01.0  0.00247   -0.11099   -0.11324     +2.027210 
 124    0   10  5   0  0 0.020 01.0  0.00203   -0.04500   -0.04802     +6.711111 
 125    0   11  5   0  0 0.020 01.0  0.00173   -0.00000   -0.00502     +0.000000 
 126    0   12  5   0  0 0.020 01.0  0.00185   -0.01772   -0.01827     +3.103837 
 127    0   13  5   0  0 0.020 01.0  0.00177   -0.00600   -0.00170    -71.666667 
 128    0   14  5   0  0 0.020 01.0  0.00182   -0.01300   -0.01128    -13.230769 
 129    0   15  5   0  0 0.020 01.0  0.00182   -0.01300   -0.01690    +30.000000 
 130    0   16  5   0  0 0.020 01.0  0.00179   -0.00800   -0.01059    +32.375000 
 131    0   17  5   0  0 0.020 01.0  0.00187   -0.02000   -0.01674    -16.300000 
 132    0   18  5   0  0 0.020 01.0  0.00190   -0.02500   -0.02241    -10.360000 
 133    0   19  5   0  0 0.020 01.0  0.00174   -0.00100   +0.00237   -337.000000 
 134    0   20  5   0  0 0.020 01.0  0.00175   -0.00300   +0.00159   -153.000000 
 135    0   21  5   0  0 0.020 01.0  0.00173   +0.00000   -0.00321     +0.000000 
 136    0   22  5   0  0 0.020 01.0  0.00173   -0.00000   +0.00028     +0.000000 
 137    0   23  5   0  0 0.020 01.0  0.00177   -0.00500   -0.00733    +46.600000 
 138    0   24  5   0  0 0.020 01.0  0.00173   +0.00000   -0.00095     +0.000000 
 139    0   25  5   0  0 0.020 01.0  0.00179   -0.00800   -0.01079    +34.875000 
 140    0   26  5   0  0 0.020 01.0  0.00173   -0.00000   -0.00148     +0.000000 
 141    0   27  5   0  0 0.020 01.0  0.00174   -0.00100   -0.00450   +350.000000 
 142    0   28  5   0  0 0.020 01.0  0.00177   -0.00600   -0.01129    +88.166667 
 143    0   29  5   0  0 0.020 01.0  0.00178   -0.00700   -0.00800    +14.285714 
 144    0   30  5   0  0 0.020 01.0  0.00177   -0.00500   -0.00734    +46.800000 
 145    0   31  5   0  0 0.020 01.0  0.00178   -0.00700   -0.01045    +49.285714 
 146    0   32  5   0  0 0.020 01.0  0.00175   -0.00200   -0.00110    -45.000000 
 147    0   33  5   0  0 0.020 01.0  0.00177   -0.00500   -0.00265    -47.000000 
 148    0   34  5   0  0 0.020 01.0  0.00173   +0.00000   +0.00230     +0.000000 
 149    0   35  5   0  0 0.020 01.0  0.00179   -0.00800   -0.00791     -1.125000 
 150    0   36  5   0  0 0.020 01.0  0.00173   +0.00000   -0.00181     +0.000000 
 151    0   37  5   0  0 0.020 01.0  0.00173   -0.00000   -0.00047     +0.000000 
 152    0   38  5   0  0 0.020 01.0  0.00185   -0.01800   -0.02026    +12.555556 
 153    0   39  5   0  0 0.020 01.0  0.00173   +0.00000   +0.00190     +0.000000 
 154    0   40  5   0  0 0.020 01.0  0.00173   +0.00000   +0.00442     +0.000000 
 155    0   41  5   0  0 0.020 01.0  0.00179   -0.00800   -0.01023    +27.875000 
 156    0   42  5   0  0 0.020 01.0  0.00181   -0.01100   -0.01126     +2.363636 
 157    0   43  5   0  0 0.020 01.0  0.00175   -0.00300   -0.00414    +38.000000 
 158    0   44  5   0  0 0.020 01.0  0.00177   -0.00500   -0.00692    +38.400000 
 159    0   45  5   0  0 0.020 01.0  0.00173   +0.00000   -0.00104     +0.000000 
 160    0   46  5   0  0 0.020 01.0  0.00173   -0.00000   +0.00393     +0.000000 
 161    0   47  5   0  0 0.020 01.0  0.00193   -0.02900   -0.02376    -18.068966 
 162    0   48  5   0  0 0.020 01.0  0.00173   +0.00000   -0.00515     +0.000000 
 163    0   49  5   0  0 0.020 01.0  0.00187   -0.02100   -0.01986     -5.428571 
 164    0   50  5   0  0 0.020 01.0  0.00191   -0.02600   -0.02273    -12.576923 
 165    0   51  5   0  0 0.020 01.0  0.00182   -0.01300   -0.01149    -11.615385 
 166    0   52  5   0  0 0.020 01.0  0.00177   -0.00600   -0.01007    +67.833333 
 167    0   53  5   0  0 0.020 01.0  0.00190   -0.02500   -0.02260     -9.600000 
 168    0   54  5   0  0 0.020 01.0  0.00175   -0.00300   -0.00723   +141.000000 
 169    0   55  5   0  0 0.020 01.0  0.00179   -0.00800   -0.00709    -11.375000 
 170    0   56  5   0  0 0.020 01.0  0.00177   -0.00600   -0.00230    -61.666667 
 171    0   57  5   0  0 0.020 01.0  0.00177   -0.00500   -0.00785    +57.000000 
 172    1    2  1   0  0 0.020 01.0  0.00901   -1.09207   -1.10852     +1.506314 
 173    2    3  1   0  0 0.020 01.0  0.00917   -1.11508   -1.14050     +2.279657 
 174    3    4  1   0  0 0.020 01.0  0.00761   -0.88127   -0.86632     -1.696415 
 175    4    5  1   0  0 0.020 01.0  0.00426   -0.37970   -0.39177     +3.178825 
 176    4    6  1   0  0 0.020 01.0  0.00570   -0.59447   -0.59901     +0.763705 
 177    6    7  1   0  0 0.020 01.0  0.00535   -0.54269   -0.55313     +1.923750 
 178    6    8  1   0  0 0.020 01.0  0.00632   -0.68820   -0.68805     -0.021796 
 179    8    9  1   0  0 0.020 01.0  0.01838   +2.49739   +2.49694     -0.018019 
 180    9   10  1   0  0 0.020 01.0  0.00477   +0.45522   +0.46566     +2.293397 
 181    9   11  1   0  0 0.020 01.0  0.00600   +0.64014   +0.64270     +0.399913 
 182    9   12  1   0  0 0.020 01.0  0.00407   +0.34990   +0.34187     -2.294941 
 183    9   13  1   0  0 0.020 01.0  0.00573   +0.60024   +0.61429     +2.340730 
 184   13   14  1   0  0 0.020 01.0  0.00478   +0.45687   +0.46157     +1.028739 
 185   13   15  1   0  0 0.020 01.0  0.00486   +0.46841   +0.46849     +0.017079 
 186    1   15  1   0  0 0.020 01.0  0.01019   -1.26835   -1.24866     -1.552411 
 187    1   16  1   0  0 0.020 01.0  0.00508   -0.50251   -0.50899     +1.289527 
 188    1   17  1   0  0 0.020 01.0  0.00485   -0.46732   -0.45624     -2.370966 
 189    3   15  1   0  0 0.020 01.0  0.00447   +0.41059   +0.41143     +0.204584 
 190    4   18  1   0  0 0.020 01.0  0.00198   +0.03640   +0.03157    -13.269231 
 191    4   18  1   0  0 0.020 01.0  0.00204   +0.04660   +0.04640     -0.429185 
 192    5    6  1   0  0 0.020 01.0  0.00456   -0.42464   -0.42952     +1.149209 
 193    7    8  1   0  0 0.020 01.0  0.00780   -0.90991   -0.90789     -0.222000 
 194   10   12  1   0  0 0.020 01.0  0.00310   +0.20514   +0.21364     +4.143512 
 195   11   13  1   0  0 0.020 01.0  0.00537   +0.54540   +0.54113     -0.782912 
 196   12   13  1   0  0 0.020 01.0  0.00201   -0.04121   -0.04691    +13.831594 
 197   12   16  1   0  0 0.020 01.0  0.00594   +0.63113   +0.63966     +1.351544 
 198   12   17  1   0  0 0.020 01.0  0.00569   +0.59301   +0.58704     -1.006728 
 199   14   15  1   0  0 0.020 01.0  0.00423   +0.37506   +0.37926     +1.119821 
 200   18   19  1   0  0 0.020 01.0  0.00183   +0.01501   +0.01498     -0.199867 
 201   19   20  1   0  0 0.020 01.0  0.00178   +0.00688   +0.01070    +55.523256 
 202   21   20  1   0  0 0.020 01.0  0.00174   -0.00085   +0.00174   -304.705882 
 203   21   22  1   0  0 0.020 01.0  0.00174   +0.00085   -0.00021   -124.705882 
 204   22   23  1   0  0 0.020 01.0  0.00256   -0.12421   -0.12399     -0.177119 
 205   23   24  1   0  0 0.020 01.0  0.00267   -0.14038   -0.13904     -0.954552 
 206   24   25  1   0  0 0.020 01.0  0.00191   +0.02577   +0.02587     +0.388048 
 207   24   25  1   0  0 0.020 01.0  0.00190   +0.02477   +0.02743    +10.738797 
 208   24   26  1   0  0 0.020 01.0  0.00303   -0.19440   -0.19024     -2.139918 
 209   26   27  1   0  0 0.020 01.0  0.00303   -0.19440   -0.19996     +2.860082 
 210   27   28  1   0  0 0.020 01.0  0.00324   -0.22525   -0.22613     +0.390677 
 211   28   29  1   0  0 0.020 01.0  0.00333   -0.23974   -0.23937     -0.154334 
 212    7   29  1   0  0 0.020 01.0  0.00414   +0.36106   +0.35234     -2.415111 
 213   25   30  1   0  0 0.020 01.0  0.00196   +0.03454   +0.03786     +9.612044 
 214   30   31  1   0  0 0.020 01.0  0.00190   +0.02539   +0.02157    -15.045293 
 215   31   32  1   0  0 0.020 01.0  0.00181   +0.01120   +0.01115     -0.446429 
 216   32   33  1   0  0 0.020 01.0  0.00179   +0.00900   +0.00641    -28.777778 
 217   34   32  1   0  0 0.020 01.0  0.00175   +0.00186   +0.00313    +68.279570 
 218   34   35  1   0  0 0.020 01.0  0.00175   -0.00186   -0.00231    +24.193548 
 219   35   36  1   0  0 0.020 01.0  0.00185   -0.01686   -0.01957    +16.073547 
 220   36   37  1   0  0 0.020 01.0  0.00181   -0.01105   -0.01067     -3.438914 
 221   37   38  1   0  0 0.020 01.0  0.00180   -0.01022   -0.01464    +43.248532 
 222   37   39  1   0  0 0.020 01.0  0.00174   -0.00091   -0.00027    -70.329670 
 223   36   40  1   0  0 0.020 01.0  0.00177   -0.00583   -0.00208    -64.322470 
 224   22   38  1   0  0 0.020 01.0  0.00257   +0.12506   +0.12856     +2.798657 
 225   11   41  1   0  0 0.020 01.0  0.00196   +0.03428   +0.03474     +1.341890 
 226   41   42  1   0  0 0.020 01.0  0.00199   +0.03822   +0.04027     +5.363684 
 227   41   43  1   0  0 0.020 01.0  0.00203   -0.04392   -0.03954     -9.972678 
 228   38   44  1   0  0 0.020 01.0  0.00272   +0.14754   +0.14839     +0.576115 
 229   15   45  1   0  0 0.020 01.0  0.00251   -0.11615   -0.10997     -5.320706 
 230   14   46  1   0  0 0.020 01.0  0.00209   +0.05292   +0.05364     +1.360544 
 231   46   47  1   0  0 0.020 01.0  0.00209   +0.05292   +0.05741     +8.484505 
 232   47   48  1   0  0 0.020 01.0  0.00188   -0.02168   -0.02222     +2.490775 
 233   48   49  1   0  0 0.020 01.0  0.00206   -0.04870   -0.05289     +8.603696 
 234   49   50  1   0  0 0.020 01.0  0.00193   -0.02919   -0.03223    +10.414526 
 235   50   51  1   0  0 0.020 01.0  0.00229   -0.08276   -0.08122     -1.860802 
 236   10   51  1   0  0 0.020 01.0  0.00259   +0.12899   +0.12796     -0.798512 
 237   13   49  1   0  0 0.020 01.0  0.00245   +0.10744   +0.10901     +1.461281 
 238   29   52  1   0  0 0.020 01.0  0.00224   +0.07580   +0.07227     -4.656992 
 239   52   53  1   0  0 0.020 01.0  0.00215   +0.06261   +0.06821     +8.944258 
 240   53   54  1   0  0 0.020 01.0  0.00181   +0.01205   +0.01426    +18.340249 
 241   54   55  1   0  0 0.020 01.0  0.00175   +0.00194   +0.00378    +94.845361 
 242   11   43  1   0  0 0.020 01.0  0.00206   +0.04892   +0.04761     -2.677841 
 243   44   45  1   0  0 0.020 01.0  0.00251   +0.11697   +0.11919     +1.897923 
 244   40   56  1   0  0 0.020 01.0  0.00177   -0.00589   -0.00643     +9.168081 
 245   56   41  1   0  0 0.020 01.0  0.00189   -0.02324   -0.01769    -23.881239 
 246   56   42  1   0  0 0.020 01.0  0.00186   -0.01968   -0.02422    +23.069106 
 247   39   57  1   0  0 0.020 01.0  0.00174   -0.00093   -0.00126    +35.483871 
 248   57   56  1   0  0 0.020 01.0  0.00185   -0.01793   -0.01577    -12.046849 
 249   38   49  1   0  0 0.020 01.0  0.00202   -0.04235   -0.03701    -12.609209 
 250   38   48  1   0  0 0.020 01.0  0.00191   -0.02606   -0.02455     -5.794321 
 251    9   55  1   0  0 0.020 01.0  0.00183   +0.01515   +0.01644     +8.514851 
 252    1    2  4   0  0 0.020 01.0  0.00709   +0.80401   +0.81011     +0.758697 
 253    2    3  4   0  0 0.020 01.0  0.00507   +0.50101   +0.49040     -2.117722 
 254    3    4  4   0  0 0.020 01.0  0.00410   +0.35494   +0.34866     -1.769313 
 255    4    5  4   0  0 0.020 01.0  0.00318   +0.21681   +0.21777     +0.442784 
 256    4    6  4   0  0 0.020 01.0  0.00320   +0.22026   +0.21529     -2.256424 
 257    6    7  4   0  0 0.020 01.0  0.00259   +0.12808   +0.12814     +0.046846 
 258    6    8  4   0  0 0.020 01.0  0.00300   +0.19068   +0.19611     +2.847703 
 259    8    9  4   0  0 0.020 01.0  0.00356   -0.27390   -0.27041     -1.274188 
 260    9   10  4   0  0 0.020 01.0  0.00263   -0.13451   -0.14182     +5.434540 
 261    9   11  4   0  0 0.020 01.0  0.00311   -0.20677   -0.21222     +2.635779 
 262    9   12  4   0  0 0.020 01.0  0.00269   -0.14288   -0.14444     +1.091825 
 263    9   13  4   0  0 0.020 01.0  0.00302   -0.19345   -0.18586     -3.923494 
 264   13   14  4   0  0 0.020 01.0  0.00250   -0.11547   -0.11385     -1.402962 
 265   13   15  4   0  0 0.020 01.0  0.00337   -0.24546   -0.25115     +2.318097 
 266    1   15  4   0  0 0.020 01.0  0.00561   +0.58125   +0.57617     -0.873978 
 267    1   16  4   0  0 0.020 01.0  0.00316   +0.21357   +0.20917     -2.060214 
 268    1   17  4   0  0 0.020 01.0  0.00323   +0.22439   +0.22216     -0.993805 
 269    3   15  4   0  0 0.020 01.0  0.00204   -0.04574   -0.04112    -10.100568 
 270    4   18  4   0  0 0.020 01.0  0.00189   -0.02388   -0.02325     -2.638191 
 271    4   18  4   0  0 0.020 01.0  0.00208   -0.05126   -0.05344     +4.252829 
 272    5    6  4   0  0 0.020 01.0  0.00312   +0.20809   +0.21087     +1.335960 
 273    7    8  4   0  0 0.020 01.0  0.00344   +0.25550   +0.25778     +0.892368 
 274   10   12  4   0  0 0.020 01.0  0.00259   -0.12785   -0.13423     +4.990223 
 275   11   13  4   0  0 0.020 01.0  0.00299   -0.18903   -0.19142     +1.264350 
 276   12   13  4   0  0 0.020 01.0  0.00281   +0.16103   +0.16844     +4.601627 
 277   12   16  4   0  0 0.020 01.0  0.00302   -0.19246   -0.18481     -3.974852 
 278   12   17  4   0  0 0.020 01.0  0.00301   -0.19110   -0.19542     +2.260597 
 279   14   15  4   0  0 0.020 01.0  0.00372   -0.29860   -0.30386     +1.761554 
 280   18   19  4   0  0 0.020 01.0  0.00180   +0.00936   +0.01238    +32.264957 
 281   19   20  4   0  0 0.020 01.0  0.00179   +0.00817   +0.00712    -12.851897 
 282   21   20  4   0  0 0.020 01.0  0.00177   -0.00510   -0.00101    -80.196078 
 283   21   22  4   0  0 0.020 01.0  0.00177   +0.00510   +0.00460     -9.803922 
 284   22   23  4   0  0 0.020 01.0  0.00220   +0.07001   +0.06997     -0.057135 
 285   23   24  4   0  0 0.020 01.0  0.00216   +0.06475   +0.06310     -2.548263 
 286   24   25  4   0  0 0.020 01.0  0.00190   -0.02510   -0.02645     +5.378486 
 287   24   25  4   0  0 0.020 01.0  0.00189   -0.02412   -0.02460     +1.990050 
 288   24   26  4   0  0 0.020 01.0  0.00252   +0.11850   +0.12180     +2.784810 
 289   26   27  4   0  0 0.020 01.0  0.00251   +0.11625   +0.11971     +2.976344 
 290   27   28  4   0  0 0.020 01.0  0.00242   +0.10316   +0.10078     -2.307096 
 291   28   29  4   0  0 0.020 01.0  0.00234   +0.09178   +0.09127     -0.555677 
 292    7   29  4   0  0 0.020 01.0  0.00261   -0.13069   -0.13260     +1.461474 
 293   25   30  4   0  0 0.020 01.0  0.00183   +0.01375   +0.00897    -34.763636 
 294   30   31  4   0  0 0.020 01.0  0.00179   +0.00853   +0.01371    +60.726846 
 295   31   32  4   0  0 0.020 01.0  0.00174   +0.00124   +0.00224    +80.645161 
 296   32   33  4   0  0 0.020 01.0  0.00177   +0.00500   +0.00447    -10.600000 
 297   34   32  4   0  0 0.020 01.0  0.00177   +0.00588   +0.01090    +85.374150 
 298   34   35  4   0  0 0.020 01.0  0.00177   -0.00588   -0.00387    -34.183673 
 299   35   36  4   0  0 0.020 01.0  0.00180   -0.01021   -0.01034     +1.273262 
 300   36   37  4   0  0 0.020 01.0  0.00212   -0.05815   -0.05997     +3.129837 
 301   37   38  4   0  0 0.020 01.0  0.00228   -0.08253   -0.08347     +1.138980 
 302   37   39  4   0  0 0.020 01.0  0.00189   +0.02427   +0.02093    -13.761846 
 303   36   40  4   0  0 0.020 01.0  0.00206   +0.04976   +0.05031     +1.105305 
 304   22   38  4   0  0 0.020 01.0  0.00217   -0.06491   -0.05896     -9.166538 
 305   11   41  4   0  0 0.020 01.0  0.00182   -0.01288   -0.01630    +26.552795 
 306   41   42  4   0  0 0.020 01.0  0.00184   -0.01657   -0.01358    -18.044659 
 307   41   43  4   0  0 0.020 01.0  0.00190   +0.02524   +0.02909    +15.253566 
 308   38   44  4   0  0 0.020 01.0  0.00199   +0.03865   +0.04353    +12.626132 
 309   15   45  4   0  0 0.020 01.0  0.00198   -0.03641   -0.03486     -4.257072 
 310   14   46  4   0  0 0.020 01.0  0.00288   +0.17174   +0.17335     +0.937464 
 311   46   47  4   0  0 0.020 01.0  0.00287   +0.16983   +0.17451     +2.755697 
 312   47   48  4   0  0 0.020 01.0  0.00269   +0.14288   +0.13923     -2.554591 
 313   48   49  4   0  0 0.020 01.0  0.00181   -0.01162   -0.01696    +45.955250 
 314   49   50  4   0  0 0.020 01.0  0.00231   +0.08717   +0.08395     -3.693931 
 315   50   51  4   0  0 0.020 01.0  0.00214   +0.06026   +0.06070     +0.730169 
 316   10   51  4   0  0 0.020 01.0  0.00203   -0.04418   -0.04752     +7.559982 
 317   13   49  4   0  0 0.020 01.0  0.00285   +0.16714   +0.17418     +4.212038 
 318   29   52  4   0  0 0.020 01.0  0.00212   -0.05822   -0.06315     +8.467880 
 319   52   53  4   0  0 0.020 01.0  0.00217   -0.06576   -0.06881     +4.638078 
 320   53   54  4   0  0 0.020 01.0  0.00188   -0.02157   -0.02180     +1.066296 
 321   54   55  4   0  0 0.020 01.0  0.00190   -0.02470   -0.02287     -7.408907 
 322   11   43  4   0  0 0.020 01.0  0.00187   -0.02091   -0.01713    -18.077475 
 323   44   45  4   0  0 0.020 01.0  0.00197   +0.03481   +0.03640     +4.567653 
 324   40   56  4   0  0 0.020 01.0  0.00206   +0.04965   +0.05345     +7.653575 
 325   56   41  4   0  0 0.020 01.0  0.00194   +0.03120   +0.03204     +2.692308 
 326   56   42  4   0  0 0.020 01.0  0.00192   +0.02849   +0.02840     -0.315900 
 327   39   57  4   0  0 0.020 01.0  0.00189   +0.02425   +0.02768    +14.144330 
 328   57   56  4   0  0 0.020 01.0  0.00186   +0.01858   +0.01793     -3.498385 
 329   38   49  4   0  0 0.020 01.0  0.00206   -0.04976   -0.05535    +11.233923 
 330   38   48  4   0  0 0.020 01.0  0.00275   -0.15310   -0.14505     -5.258001 
 331    9   55  4   0  0 0.020 01.0  0.00195   +0.03296   +0.03589     +8.889563 
 332    2    1  1   0  0 0.020 01.0  0.00911   +1.10709   +1.11139     +0.388406 
 333    3    2  1   0  0 0.020 01.0  0.00946   +1.15867   +1.14926     -0.812138 
 334    4    3  1   0  0 0.020 01.0  0.00767   +0.89117   +0.89546     +0.481390 
 335    5    4  1   0  0 0.020 01.0  0.00434   +0.39164   +0.40211     +2.673374 
 336    6    4  1   0  0 0.020 01.0  0.00581   +0.61157   +0.62352     +1.953987 
 337    7    6  1   0  0 0.020 01.0  0.00539   +0.54885   +0.56077     +2.171814 
 338    8    6  1   0  0 0.020 01.0  0.00644   +0.70544   +0.69013     -2.170277 
 339    9    8  1   0  0 0.020 01.0  0.01797   -2.43566   -2.40468     -1.271935 
 340   10    9  1   0  0 0.020 01.0  0.00471   -0.44713   -0.44979     +0.594905 
 341   11    9  1   0  0 0.020 01.0  0.00592   -0.62860   -0.63546     +1.091314 
 342   12    9  1   0  0 0.020 01.0  0.00401   -0.34128   -0.35267     +3.337436 
 343   13    9  1   0  0 0.020 01.0  0.00561   -0.58151   -0.57442     -1.219240 
 344   14   13  1   0  0 0.020 01.0  0.00476   -0.45399   -0.44417     -2.163043 
 345   15   13  1   0  0 0.020 01.0  0.00481   -0.46110   -0.47409     +2.817176 
 346   15    1  1   0  0 0.020 01.0  0.01041   +1.30146   +1.28557     -1.220936 
 347   16    1  1   0  0 0.020 01.0  0.00517   +0.51559   +0.52956     +2.709517 
 348   17    1  1   0  0 0.020 01.0  0.00489   +0.47339   +0.46195     -2.416612 
 349   15    3  1   0  0 0.020 01.0  0.00445   -0.40796   -0.39572     -3.000294 
 350   18    4  1   0  0 0.020 01.0  0.00198   -0.03640   -0.03824     +5.054945 
 351   18    4  1   0  0 0.020 01.0  0.00204   -0.04660   -0.04194    -10.000000 
 352    6    5  1   0  0 0.020 01.0  0.00461   +0.43133   +0.42513     -1.437415 
 353    8    7  1   0  0 0.020 01.0  0.00788   +0.92217   +0.93232     +1.100665 
 354   12   10  1   0  0 0.020 01.0  0.00309   -0.20365   -0.21200     +4.100172 
 355   13   11  1   0  0 0.020 01.0  0.00532   -0.53808   -0.55062     +2.330508 
 356   13   12  1   0  0 0.020 01.0  0.00201   +0.04187   +0.04621    +10.365417 
 357   16   12  1   0  0 0.020 01.0  0.00589   -0.62359   -0.62627     +0.429770 
 358   17   12  1   0  0 0.020 01.0  0.00559   -0.57839   -0.57629     -0.363077 
 359   15   14  1   0  0 0.020 01.0  0.00421   -0.37123   -0.36536     -1.581230 
 360   19   18  1   0  0 0.020 01.0  0.00183   -0.01488   -0.00981    -34.072581 
 361   20   19  1   0  0 0.020 01.0  0.00178   -0.00685   -0.01156    +68.759124 
 362   20   21  1   0  0 0.020 01.0  0.00174   +0.00085   -0.00312   -467.058824 
 363   22   21  1   0  0 0.020 01.0  0.00174   -0.00085   -0.00470   +452.941176 
 364   23   22  1   0  0 0.020 01.0  0.00256   +0.12438   +0.12904     +3.746583 
 365   24   23  1   0  0 0.020 01.0  0.00269   +0.14386   +0.13837     -3.816210 
 366   25   24  1   0  0 0.020 01.0  0.00191   -0.02577   -0.02548     -1.125340 
 367   25   24  1   0  0 0.020 01.0  0.00190   -0.02477   -0.02239     -9.608397 
 368   26   24  1   0  0 0.020 01.0  0.00303   +0.19440   +0.20331     +4.583333 
 369   27   26  1   0  0 0.020 01.0  0.00308   +0.20225   +0.20429     +1.008653 
 370   28   27  1   0  0 0.020 01.0  0.00326   +0.22874   +0.22466     -1.783685 
 371   29   28  1   0  0 0.020 01.0  0.00335   +0.24225   +0.24327     +0.421053 
 372   29    7  1   0  0 0.020 01.0  0.00414   -0.36106   -0.36004     -0.282502 
 373   30   25  1   0  0 0.020 01.0  0.00196   -0.03439   -0.02967    -13.724920 
 374   31   30  1   0  0 0.020 01.0  0.00190   -0.02520   -0.03009    +19.404762 
 375   32   31  1   0  0 0.020 01.0  0.00181   -0.01115   -0.00590    -47.085202 
 376   33   32  1   0  0 0.020 01.0  0.00179   -0.00900   -0.00463    -48.555556 
 377   32   34  1   0  0 0.020 01.0  0.00175   -0.00186   +0.00274   -247.311828 
 378   35   34  1   0  0 0.020 01.0  0.00175   +0.00186   +0.00366    +96.774194 
 379   36   35  1   0  0 0.020 01.0  0.00185   +0.01687   +0.01938    +14.878483 
 380   37   36  1   0  0 0.020 01.0  0.00181   +0.01114   +0.00673    -39.587074 
 381   38   37  1   0  0 0.020 01.0  0.00180   +0.01060   +0.00666    -37.169811 
 382   39   37  1   0  0 0.020 01.0  0.00174   +0.00093   +0.00417   +348.387097 
 383   40   36  1   0  0 0.020 01.0  0.00177   +0.00589   +0.00956    +62.308998 
 384   38   22  1   0  0 0.020 01.0  0.00257   -0.12473   -0.13084     +4.898581 
 385   41   11  1   0  0 0.020 01.0  0.00196   -0.03428   -0.03127     -8.780630 
 386   42   41  1   0  0 0.020 01.0  0.00199   -0.03790   -0.04003     +5.620053 
 387   43   41  1   0  0 0.020 01.0  0.00203   +0.04392   +0.04074     -7.240437 
 388   44   38  1   0  0 0.020 01.0  0.00271   -0.14697   -0.14144     -3.762673 
 389   45   15  1   0  0 0.020 01.0  0.00251   +0.11615   +0.11497     -1.015928 
 390   46   14  1   0  0 0.020 01.0  0.00209   -0.05292   -0.05092     -3.779289 
 391   47   46  1   0  0 0.020 01.0  0.00208   -0.05232   -0.05811    +11.066514 
 392   48   47  1   0  0 0.020 01.0  0.00188   +0.02200   +0.02472    +12.363636 
 393   49   48  1   0  0 0.020 01.0  0.00206   +0.04888   +0.05502    +12.561375 
 394   50   49  1   0  0 0.020 01.0  0.00193   +0.02976   +0.02841     -4.536290 
 395   51   50  1   0  0 0.020 01.0  0.00229   +0.08399   +0.08439     +0.476247 
 396   51   10  1   0  0 0.020 01.0  0.00259   -0.12899   -0.12457     -3.426622 
 397   49   13  1   0  0 0.020 01.0  0.00245   -0.10744   -0.11240     +4.616530 
 398   52   29  1   0  0 0.020 01.0  0.00223   -0.07461   -0.06924     -7.197427 
 399   53   52  1   0  0 0.020 01.0  0.00215   -0.06205   -0.06449     +3.932313 
 400   54   53  1   0  0 0.020 01.0  0.00181   -0.01194   -0.00999    -16.331658 
 401   55   54  1   0  0 0.020 01.0  0.00175   -0.00185   -0.00227    +22.702703 
 402   43   11  1   0  0 0.020 01.0  0.00206   -0.04892   -0.04690     -4.129191 
 403   45   44  1   0  0 0.020 01.0  0.00251   -0.11615   -0.11340     -2.367628 
 404   56   40  1   0  0 0.020 01.0  0.00177   +0.00589   +0.00315    -46.519525 
 405   41   56  1   0  0 0.020 01.0  0.00189   +0.02398   +0.02448     +2.085071 
 406   42   56  1   0  0 0.020 01.0  0.00187   +0.01990   +0.01614    -18.894472 
 407   57   39  1   0  0 0.020 01.0  0.00174   +0.00093   +0.00517   +455.913978 
 408   56   57  1   0  0 0.020 01.0  0.00185   +0.01803   +0.01884     +4.492512 
 409   49   38  1   0  0 0.020 01.0  0.00202   +0.04275   +0.04694     +9.801170 
 410   48   38  1   0  0 0.020 01.0  0.00191   +0.02670   +0.03216    +20.449438 
 411   55    9  1   0  0 0.020 01.0  0.00183   -0.01515   -0.01189    -21.518152 
 412    2    1  4   0  0 0.020 01.0  0.00767   -0.89101   -0.88851     -0.280580 
 413    3    2  4   0  0 0.020 01.0  0.00481   -0.46217   -0.45139     -2.332475 
 414    4    3  4   0  0 0.020 01.0  0.00415   -0.36194   -0.36772     +1.596950 
 415    5    4  4   0  0 0.020 01.0  0.00319   -0.21809   -0.20966     -3.865377 
 416    6    4  4   0  0 0.020 01.0  0.00305   -0.19716   -0.18820     -4.544532 
 417    7    6  4   0  0 0.020 01.0  0.00257   -0.12481   -0.11838     -5.151831 
 418    8    6  4   0  0 0.020 01.0  0.00274   -0.15044   -0.15804     +5.051848 
 419    9    8  4   0  0 0.020 01.0  0.00529   +0.53365   +0.53638     +0.511571 
 420   10    9  4   0  0 0.020 01.0  0.00258   +0.12703   +0.12581     -0.960403 
 421   11    9  4   0  0 0.020 01.0  0.00322   +0.22281   +0.21404     -3.936089 
 422   12    9  4   0  0 0.020 01.0  0.00243   +0.10368   +0.10986     +5.960648 
 423   13    9  4   0  0 0.020 01.0  0.00316   +0.21416   +0.21892     +2.222637 
 424   14   13  4   0  0 0.020 01.0  0.00249   +0.11387   +0.10729     -5.778519 
 425   15   13  4   0  0 0.020 01.0  0.00337   +0.24563   +0.25012     +1.827953 
 426   15    1  4   0  0 0.020 01.0  0.00517   -0.51619   -0.52282     +1.284411 
 427   16    1  4   0  0 0.020 01.0  0.00315   -0.21214   -0.20336     -4.138776 
 428   17    1  4   0  0 0.020 01.0  0.00325   -0.22739   -0.23423     +3.008048 
 429   15    3  4   0  0 0.020 01.0  0.00175   -0.00181   -0.00080    -55.801105 
 430   18    4  4   0  0 0.020 01.0  0.00190   +0.02484   +0.02444     -1.610306 
 431   18    4  4   0  0 0.020 01.0  0.00209   +0.05317   +0.05206     -2.087643 
 432    6    5  4   0  0 0.020 01.0  0.00311   -0.20658   -0.19948     -3.436925 
 433    8    7  4   0  0 0.020 01.0  0.00315   -0.21233   -0.21753     +2.449018 
 434   12   10  4   0  0 0.020 01.0  0.00241   +0.10114   +0.10176     +0.613012 
 435   13   11  4   0  0 0.020 01.0  0.00303   +0.19409   +0.20222     +4.188778 
 436   13   12  4   0  0 0.020 01.0  0.00320   -0.22045   -0.21751     -1.333636 
 437   16   12  4   0  0 0.020 01.0  0.00309   +0.20414   +0.19549     -4.237288 
 438   17   12  4   0  0 0.020 01.0  0.00312   +0.20739   +0.20531     -1.002941 
 439   15   14  4   0  0 0.020 01.0  0.00370   +0.29579   +0.30410     +2.809426 
 440   19   18  4   0  0 0.020 01.0  0.00179   -0.00917   -0.01037    +13.086150 
 441   20   19  4   0  0 0.020 01.0  0.00179   -0.00812   -0.00547    -32.635468 
 442   20   21  4   0  0 0.020 01.0  0.00177   +0.00512   +0.00768    +50.000000 
 443   22   21  4   0  0 0.020 01.0  0.00177   -0.00510   -0.00797    +56.274510 
 444   23   22  4   0  0 0.020 01.0  0.00220   -0.06975   -0.06416     -8.014337 
 445   24   23  4   0  0 0.020 01.0  0.00219   -0.06928   -0.07360     +6.235566 
 446   25   24  4   0  0 0.020 01.0  0.00191   +0.02639   +0.03017    +14.323607 
 447   25   24  4   0  0 0.020 01.0  0.00190   +0.02536   +0.02434     -4.022082 
 448   26   24  4   0  0 0.020 01.0  0.00251   -0.11625   -0.11218     -3.501075 
 449   27   26  4   0  0 0.020 01.0  0.00243   -0.10416   -0.10649     +2.236943 
 450   28   27  4   0  0 0.020 01.0  0.00238   -0.09778   -0.09218     -5.727143 
 451   29   28  4   0  0 0.020 01.0  0.00232   -0.08825   -0.08330     -5.609065 
 452   29    7  4   0  0 0.020 01.0  0.00266   +0.13947   +0.13359     -4.215960 
 453   30   25  4   0  0 0.020 01.0  0.00182   -0.01353   -0.01153    -14.781966 
 454   31   30  4   0  0 0.020 01.0  0.00179   -0.00824   -0.01200    +45.631068 
 455   32   31  4   0  0 0.020 01.0  0.00174   -0.00116   -0.00209    +80.172414 
 456   33   32  4   0  0 0.020 01.0  0.00177   -0.00500   -0.00447    -10.600000 
 457   32   34  4   0  0 0.020 01.0  0.00177   -0.00585   -0.00530     -9.401709 
 458   35   34  4   0  0 0.020 01.0  0.00175   +0.00221   +0.00508   +129.864253 
 459   36   35  4   0  0 0.020 01.0  0.00179   +0.00840   +0.01098    +30.714286 
 460   37   36  4   0  0 0.020 01.0  0.00212   +0.05826   +0.06345     +8.908342 
 461   38   37  4   0  0 0.020 01.0  0.00227   +0.08080   +0.08030     -0.618812 
 462   39   37  4   0  0 0.020 01.0  0.00189   -0.02425   -0.02538     +4.659794 
 463   40   36  4   0  0 0.020 01.0  0.00206   -0.04965   -0.04416    -11.057402 
 464   38   22  4   0  0 0.020 01.0  0.00217   +0.06541   +0.06015     -8.041584 
 465   41   11  4   0  0 0.020 01.0  0.00183   +0.01379   +0.01443     +4.641044 
 466   42   41  4   0  0 0.020 01.0  0.00185   +0.01712   +0.01509    -11.857477 
 467   43   41  4   0  0 0.020 01.0  0.00189   -0.02430   -0.01924    -20.823045 
 468   44   38  4   0  0 0.020 01.0  0.00200   -0.03981   -0.03839     -3.566943 
 469   45   15  4   0  0 0.020 01.0  0.00198   +0.03778   +0.03736     -1.111699 
 470   46   14  4   0  0 0.020 01.0  0.00287   -0.16983   -0.16331     -3.839133 
 471   47   46  4   0  0 0.020 01.0  0.00288   -0.17188   -0.16786     -2.338841 
 472   48   47  4   0  0 0.020 01.0  0.00268   -0.14247   -0.14104     -1.003720 
 473   49   48  4   0  0 0.020 01.0  0.00177   +0.00616   +0.00191    -68.993506 
 474   50   49  4   0  0 0.020 01.0  0.00231   -0.08626   -0.09288     +7.674473 
 475   51   50  4   0  0 0.020 01.0  0.00212   -0.05831   -0.06360     +9.072200 
 476   51   10  4   0  0 0.020 01.0  0.00203   +0.04531   +0.04476     -1.213860 
 477   49   13  4   0  0 0.020 01.0  0.00281   -0.16115   -0.16640     +3.257834 
 478   52   29  4   0  0 0.020 01.0  0.00213   +0.05976   +0.05433     -9.086345 
 479   53   52  4   0  0 0.020 01.0  0.00218   +0.06650   +0.06427     -3.353383 
 480   54   53  4   0  0 0.020 01.0  0.00188   +0.02170   +0.01863    -14.147465 
 481   55   54  4   0  0 0.020 01.0  0.00190   +0.02482   +0.02297     -7.453666 
 482   43   11  4   0  0 0.020 01.0  0.00187   +0.02130   +0.02189     +2.769953 
 483   45   44  4   0  0 0.020 01.0  0.00198   -0.03778   -0.03220    -14.769719 
 484   56   40  4   0  0 0.020 01.0  0.00205   -0.04726   -0.05061     +7.088447 
 485   41   56  4   0  0 0.020 01.0  0.00194   -0.03046   -0.03162     +3.808273 
 486   42   56  4   0  0 0.020 01.0  0.00192   -0.02812   -0.02246    -20.128023 
 487   57   39  4   0  0 0.020 01.0  0.00189   -0.02358   -0.02401     +1.823579 
 488   56   57  4   0  0 0.020 01.0  0.00186   -0.01843   -0.01303    -29.300054 
 489   49   38  4   0  0 0.020 01.0  0.00204   +0.04682   +0.04680     -0.042717 
 490   48   38  4   0  0 0.020 01.0  0.00276   +0.15410   +0.16218     +5.243348 
 491   55    9  4   0  0 0.020 01.0  0.00195   -0.03282   -0.03238     -1.340646 
----------------------------------------------------------------------------------
Número de medidores SCADA:     491
Número de PMUs:                0
Número de medidas das PMUs:    0
----------------------------------------------------------------------------------

Não há medidas de ângulo.
Não há medidores desabilitados.
============================== Estado Estimado ===================================
                 Barra     Mod(pu)    Ang(graus)              
----------------------------------------------------------------------------------
                    1            1.0388              0.00        
                    2            1.0246              2.04        
                    3            1.0178              8.13        
                    4            1.0146             10.15        
                    5            1.0104             13.75        
                    6            1.0101             15.64        
                    7            1.0081             18.94        
                    8            1.0040             22.81        
                    9            0.9999             15.47        
                   10            1.0052             10.86        
                   11            1.0016             12.09        
                   12            1.0140              9.23        
                   13            1.0037              9.56        
                   14            1.0026              8.35        
                   15            1.0124              6.91        
                   16            1.0185              6.19        
                   17            1.0261              2.99        
                   18            1.0564              9.14        
                   19            1.0439              8.89        
                   20            1.0397              8.78        
                   21            1.0818              8.73        
                   22            1.0812              8.74        
                   23            1.0814              8.87        
                   24            1.0871             11.17        
                   25            1.1144              9.71        
                   26            1.0369             11.66        
                   27            1.0418             15.36        
                   28            1.0462             16.82        
                   29            1.0509             17.74        
                   30            1.1079              9.48        
                   31            1.0952              9.06        
                   32            1.0896              8.72        
                   33            1.0891              8.71        
                   34            1.0683              8.76        
                   35            1.0688              8.76        
                   36            1.0700              8.78        
                   37            1.0724              8.72        
                   38            1.0806              8.50        
                   39            1.0715              8.74        
                   40            1.0682              8.87        
                   41            1.0580             10.82        
                   42            1.0557              9.92        
                   43            1.0484             11.71        
                   44            1.0745              8.13        
                   45            1.0636              7.51        
                   46            1.1027              8.17        
                   47            1.0909              8.18        
                   48            1.0882              8.33        
                   49            1.0932              8.60        
                   50            1.0854              9.12        
                   51            1.0839             10.42        
                   52            1.0516             16.60        
                   53            1.0533             16.01        
                   54            1.0551             15.64        
                   55            1.0600             15.39        
                   56            1.0613              9.27        
                   57            1.0621              8.89        
----------------------------------------------------------------------------------
Convergiu em:    3 iteraçoes. 
----------------------------------------------------------------------------------
--- RESIDUOS NORMALIZADOS --------------------------------------------------------
   N    D    P  TP      Real     Medido   Estimado      Med-Est        rn 
----------------------------------------------------------------------------------
 430   18    4  4    +0.0248    +0.0244    +0.0470  -2.2520e-02      0.551 
 270    4   18  4    -0.0239    -0.0232    -0.0453  +2.2080e-02      0.538 
 132    0   18  5    -0.0250    -0.0224    -0.0346  +1.2145e-02      0.379 
 190    4   18  1    +0.0364    +0.0316    +0.0450  -1.3435e-02      0.322 
  66    0    9  2    -0.3750    -0.3840    -0.3738  -1.0184e-02      0.315 
 173    2    3  1    -1.1151    -1.1405    -1.1124  -2.8058e-02      0.306 
 120    0    6  5    -0.0850    -0.0884    -0.0805  -7.8669e-03      0.268 
 121    0    7  5    -0.0000    -0.0037    +0.0025  -6.2465e-03      0.255 
  65    0    8  2    +4.1250    +4.0800    +4.1151  -3.5112e-02      0.234 
 347   16    1  1    +0.5156    +0.5296    +0.5136  +1.5949e-02      0.229 
 133    0   19  5    -0.0010    +0.0024    -0.0047  +7.0643e-03      0.223 
  75    0   18  2    -0.0680    -0.0737    -0.0663  -7.3415e-03      0.213 
 338    8    6  1    +0.7054    +0.6901    +0.7062  -1.6056e-02      0.206 
  76    0   19  2    -0.0080    -0.0125    -0.0059  -6.5848e-03      0.206 
 349   15    3  1    -0.4080    -0.3957    -0.4080  +1.2263e-02      0.204 
 339    9    8  1    -2.4357    -2.4047    -2.4301  +2.5391e-02      0.204 
 126    0   12  5    -0.0177    -0.0183    -0.0135  -4.7334e-03      0.203 
  21    0   21  6    +1.0831    +1.0671    +1.0818  -1.4673e-02      0.201 
 175    4    5  1    -0.3797    -0.3918    -0.3796  -1.2200e-02      0.194 
 117    0    3  5    -0.1530    -0.1551    -0.1485  -6.5934e-03      0.190 
 271    4   18  4    -0.0513    -0.0534    -0.0453  -8.1101e-03      0.188 
 118    0    4  5    -0.0000    -0.0002    +0.0040  -4.2254e-03      0.186 
  69    0   12  2    +0.6380    +0.6502    +0.6396  +1.0596e-02      0.185 
 183    9   13  1    +0.6002    +0.6143    +0.6006  +1.3653e-02      0.184 
 490   48   38  4    +0.1541    +0.1622    +0.1536  +8.6020e-03      0.183 
  57    0   57  6    +1.0648    +1.0751    +1.0621  +1.2980e-02      0.182 
 144    0   30  5    -0.0050    -0.0073    -0.0015  -5.8082e-03      0.182 
 353    8    7  1    +0.9222    +0.9323    +0.9173  +1.5025e-02      0.182 
  88    0   31  2    -0.0140    -0.0090    -0.0149  +5.8779e-03      0.181 
 186    1   15  1    -1.2684    -1.2487    -1.2662  +1.7510e-02      0.181 
 345   15   13  1    -0.4611    -0.4741    -0.4621  -1.2006e-02      0.178 
 428   17    1  4    -0.2274    -0.2342    -0.2249  -9.3279e-03      0.177 
   7    0    7  6    +1.0089    +1.0205    +1.0081  +1.2323e-02      0.175 
  14    0   14  6    +1.0037    +0.9904    +1.0026  -1.2229e-02      0.174 
 474   50   49  4    -0.0863    -0.0929    -0.0853  -7.5917e-03      0.174 
 342   12    9  1    -0.3413    -0.3527    -0.3418  -1.0881e-02      0.174 
  19    0   19  6    +1.0475    +1.0318    +1.0439  -1.2129e-02      0.172 
  46    0   46  6    +1.1039    +1.1153    +1.1027  +1.2568e-02      0.171 
 129    0   15  5    -0.0130    -0.0169    -0.0133  -3.6476e-03      0.171 
 335    5    4  1    +0.3916    +0.4021    +0.3914  +1.0662e-02      0.169 
 336    6    4  1    +0.6116    +0.6235    +0.6112  +1.2340e-02      0.167 
  61    0    4  2    -0.0000    -0.0026    -0.0058  +3.2239e-03      0.166 
  62    0    5  2    -0.0330    -0.0383    -0.0338  -4.5230e-03      0.166 
   5    0    5  6    +1.0112    +1.0221    +1.0104  +1.1645e-02      0.165 
 368   26   24  1    +0.1944    +0.2033    +0.1952  +8.0930e-03      0.165 
  29    0   29  6    +1.0517    +1.0391    +1.0509  -1.1795e-02      0.164 
  30    0   30  6    +1.1095    +1.0961    +1.1079  -1.1771e-02      0.163 
 350   18    4  1    -0.0364    -0.0382    -0.0450  +6.7646e-03      0.162 
  38    0   38  6    +1.0820    +1.0923    +1.0806  +1.1713e-02      0.161 
 330   38   48  4    -0.1531    -0.1451    -0.1526  +7.5366e-03      0.160 
  26    0   26  6    +1.0383    +1.0256    +1.0369  -1.1343e-02      0.159 
  35    0   35  6    +1.0703    +1.0802    +1.0688  +1.1444e-02      0.158 
 388   44   38  1    -0.1470    -0.1414    -0.1488  +7.3176e-03      0.158 
 172    1    2  1    -1.0921    -1.1085    -1.0946  -1.3910e-02      0.158 
  15    0   15  6    +1.0135    +1.0235    +1.0124  +1.1137e-02      0.158 
  27    0   27  6    +1.0429    +1.0530    +1.0418  +1.1192e-02      0.157 
 194   10   12  1    +0.2051    +0.2136    +0.2056  +8.0285e-03      0.157 
 427   16    1  4    -0.2121    -0.2034    -0.2118  +8.4105e-03      0.155 
  52    0   52  6    +1.0519    +1.0405    +1.0516  -1.1078e-02      0.154 
   6    0    6  6    +1.0109    +0.9992    +1.0101  -1.0856e-02      0.154 
 221   37   38  1    -0.0102    -0.0146    -0.0093  -5.3588e-03      0.154 
 354   12   10  1    -0.2036    -0.2120    -0.2041  -7.8892e-03      0.154 
 261    9   11  4    -0.2068    -0.2122    -0.2042  -7.9728e-03      0.153 
 260    9   10  4    -0.1345    -0.1418    -0.1344  -7.3783e-03      0.151 
  94    0   37  2    +0.0000    +0.0052    +0.0010  +4.2204e-03      0.150 
 439   15   14  4    +0.2958    +0.3041    +0.2955  +8.6166e-03      0.150 
  16    0   16  6    +1.0197    +1.0080    +1.0185  -1.0491e-02      0.148 
 180    9   10  1    +0.4552    +0.4657    +0.4558  +9.8517e-03      0.148 
 317   13   49  4    +0.1671    +0.1742    +0.1666  +7.5587e-03      0.147 
 174    3    4  1    -0.8813    -0.8663    -0.8778  +1.1518e-02      0.146 
  45    0   45  6    +1.0649    +1.0531    +1.0636  -1.0526e-02      0.146 
 432    6    5  4    -0.2066    -0.1995    -0.2069  +7.4660e-03      0.145 
   1    0    1  6    +1.0400    +1.0284    +1.0388  -1.0363e-02      0.145 
 245   56   41  1    -0.0232    -0.0177    -0.0238  +6.1109e-03      0.145 
 344   14   13  1    -0.4540    -0.4442    -0.4536  +9.3808e-03      0.144 
 263    9   13  4    -0.1935    -0.1859    -0.1935  +7.6555e-03      0.142 
  49    0   49  6    +1.0943    +1.1036    +1.0932  +1.0361e-02      0.141 
 249   38   49  1    -0.0423    -0.0370    -0.0431  +6.1225e-03      0.141 
  74    0   17  2    -0.1050    -0.1075    -0.1117  +4.2360e-03      0.141 
 119    0    5  5    -0.0100    -0.0107    -0.0066  -4.0305e-03      0.140 
 346   15    1  1    +1.3015    +1.2856    +1.2992  -1.3657e-02      0.140 
 137    0   23  5    -0.0050    -0.0073    -0.0029  -4.4343e-03      0.140 
 478   52   29  4    +0.0598    +0.0543    +0.0600  -5.7143e-03      0.140 
 473   49   48  4    +0.0062    +0.0019    +0.0075  -5.5513e-03      0.140 
  31    0   31  6    +1.0982    +1.0853    +1.0952  -9.9777e-03      0.139 
 115    0    1  5    +1.8232    +1.8040    +1.8175  -1.3546e-02      0.139 
 417    7    6  4    -0.1248    -0.1184    -0.1249  +6.4848e-03      0.138 
 276   12   13  4    +0.1610    +0.1684    +0.1618  +6.6531e-03      0.138 
  44    0   44  6    +1.0759    +1.0645    +1.0745  -9.9630e-03      0.137 
 128    0   14  5    -0.0130    -0.0113    -0.0148  +3.5200e-03      0.137 
  51    0   51  6    +1.0850    +1.0739    +1.0839  -9.9612e-03      0.137 
 182    9   12  1    +0.3499    +0.3419    +0.3505  -8.5844e-03      0.136 
 486   42   56  4    -0.0281    -0.0225    -0.0280  +5.5000e-03      0.136 
 341   11    9  1    -0.6286    -0.6355    -0.6257  -9.7798e-03      0.133 
 246   56   42  1    -0.0197    -0.0242    -0.0190  -5.2553e-03      0.133 
 142    0   28  5    -0.0060    -0.0113    -0.0073  -4.0009e-03      0.132 
 413    3    2  4    -0.4622    -0.4514    -0.4599  +8.5370e-03      0.131 
  22    0   22  6    +1.0824    +1.0906    +1.0812  +9.4354e-03      0.129 
 135    0   21  5    +0.0000    -0.0032    +0.0010  -4.1750e-03      0.129 
 418    8    6  4    -0.1504    -0.1580    -0.1515  -6.5269e-03      0.129 
 437   16   12  4    +0.2041    +0.1955    +0.2020  -6.5312e-03      0.129 
  92    0   35  2    -0.0150    -0.0105    -0.0147  +4.1859e-03      0.128 
 223   36   40  1    -0.0058    -0.0021    -0.0067  +4.5956e-03      0.128 
 161    0   47  5    -0.0290    -0.0238    -0.0278  +4.0252e-03      0.128 
  67    0   10  2    -0.1130    -0.1198    -0.1158  -4.0329e-03      0.127 
 393   49   48  1    +0.0489    +0.0550    +0.0496  +5.4679e-03      0.127 
 359   15   14  1    -0.3712    -0.3654    -0.3731  +7.7693e-03      0.127 
 143    0   29  5    -0.0070    -0.0080    -0.0045  -3.4746e-03      0.127 
 274   10   12  4    -0.1278    -0.1342    -0.1282  -6.0243e-03      0.126 
 374   31   30  1    -0.0252    -0.0301    -0.0252  -4.9010e-03      0.126 
 452   29    7  4    +0.1395    +0.1336    +0.1392  -5.6165e-03      0.126 
 254    3    4  4    +0.3549    +0.3487    +0.3558  -7.1295e-03      0.126 
 355   13   11  1    -0.5381    -0.5506    -0.5421  -8.5604e-03      0.125 
  10    0   10  6    +1.0063    +1.0139    +1.0052  +8.7275e-03      0.124 
 446   25   24  4    +0.0264    +0.0302    +0.0250  +5.1491e-03      0.123 
 253    2    3  4    +0.5010    +0.4904    +0.4985  -8.1497e-03      0.122 
  95    0   38  2    -0.0350    -0.0350    -0.0382  +3.1928e-03      0.122 
 195   11   13  1    +0.5454    +0.5411    +0.5495  -8.3853e-03      0.122 
 187    1   16  1    -0.5025    -0.5090    -0.5006  -8.3976e-03      0.122 
 426   15    1  4    -0.5162    -0.5228    -0.5147  -8.1481e-03      0.120 
 265   13   15  4    -0.2455    -0.2511    -0.2444  -6.7497e-03      0.119 
 416    6    4  4    -0.1972    -0.1882    -0.1946  +6.3652e-03      0.119 
 312   47   48  4    +0.1429    +0.1392    +0.1447  -5.4394e-03      0.119 
 470   46   14  4    -0.1698    -0.1633    -0.1691  +5.7906e-03      0.119 
 422   12    9  4    +0.1037    +0.1099    +0.1041  +5.7801e-03      0.119 
 382   39   37  1    +0.0009    +0.0042    -0.0000  +4.1886e-03      0.118 
 431   18    4  4    +0.0532    +0.0521    +0.0470  +5.0999e-03      0.118 
 400   54   53  1    -0.0119    -0.0100    -0.0146  +4.5718e-03      0.118 
 251    9   55  1    +0.0152    +0.0164    +0.0122  +4.2046e-03      0.118 
 467   43   41  4    -0.0243    -0.0192    -0.0240  +4.7305e-03      0.117 
  91    0   34  2    -0.0000    +0.0017    -0.0021  +3.8139e-03      0.117 
 293   25   30  4    +0.0138    +0.0090    +0.0132  -4.2791e-03      0.116 
 362   20   21  1    +0.0008    -0.0031    +0.0012  -4.3513e-03      0.115 
 410   48   38  1    +0.0267    +0.0322    +0.0278  +4.3645e-03      0.115 
 442   20   21  4    +0.0051    +0.0077    +0.0033  +4.3544e-03      0.113 
  56    0   56  6    +1.0632    +1.0532    +1.0613  -8.1162e-03      0.113 
 421   11    9  4    +0.2228    +0.2140    +0.2200  -5.9758e-03      0.113 
 375   32   31  1    -0.0112    -0.0059    -0.0103  +4.3754e-03      0.113 
  20    0   20  6    +1.0422    +1.0317    +1.0397  -7.9680e-03      0.113 
 477   49   13  4    -0.1611    -0.1664    -0.1606  -5.7759e-03      0.113 
  39    0   39  6    +1.0729    +1.0634    +1.0715  -8.1069e-03      0.112 
 318   29   52  4    -0.0582    -0.0631    -0.0586  -4.5715e-03      0.112 
  87    0   30  2    -0.0090    -0.0049    -0.0084  +3.5365e-03      0.111 
 424   14   13  4    +0.1139    +0.1073    +0.1124  -5.0775e-03      0.111 
 329   38   49  4    -0.0498    -0.0554    -0.0505  -4.8157e-03      0.109 
 196   12   13  1    -0.0412    -0.0469    -0.0427  -4.1801e-03      0.109 
 198   12   17  1    +0.5930    +0.5870    +0.5949  -7.8858e-03      0.108 
 373   30   25  1    -0.0344    -0.0297    -0.0338  +4.1419e-03      0.108 
 352    6    5  1    +0.4313    +0.4251    +0.4319  -6.8197e-03      0.108 
  23    0   23  6    +1.0826    +1.0892    +1.0814  +7.8010e-03      0.107 
 122    0    8  5    -0.6367    -0.6451    -0.6385  -6.5202e-03      0.106 
  18    0   18  6    +1.0600    +1.0640    +1.0564  +7.6031e-03      0.106 
 307   41   43  4    +0.0252    +0.0291    +0.0248  +4.2519e-03      0.106 
  81    0   24  2    +0.0000    +0.0017    -0.0010  +2.6936e-03      0.105 
 277   12   16  4    -0.1925    -0.1848    -0.1901  +5.2644e-03      0.105 
 443   22   21  4    -0.0051    -0.0080    -0.0043  -3.6905e-03      0.104 
 134    0   20  5    -0.0030    +0.0016    -0.0017  +3.3355e-03      0.103 
  63    0    6  2    -0.1880    -0.1963    -0.1932  -3.1315e-03      0.103 
  25    0   25  6    +1.1161    +1.1218    +1.1144  +7.4830e-03      0.103 
 213   25   30  1    +0.0345    +0.0379    +0.0340  +3.9036e-03      0.102 
 415    5    4  4    -0.2181    -0.2097    -0.2152  +5.5219e-03      0.102 
  48    0   48  6    +1.0896    +1.0808    +1.0882  -7.4314e-03      0.102 
 337    7    6  1    +0.5488    +0.5608    +0.5537  +7.0606e-03      0.101 
 208   24   26  1    -0.1944    -0.1902    -0.1952  +4.9770e-03      0.101 
 376   33   32  1    -0.0090    -0.0046    -0.0083  +3.6474e-03      0.101 
 348   17    1  1    +0.4734    +0.4620    +0.4685  -6.5125e-03      0.101 
 313   48   49  4    -0.0116    -0.0170    -0.0129  -4.0647e-03      0.101 
 297   34   32  4    +0.0059    +0.0109    +0.0070  +3.8592e-03      0.101 
  13    0   13  6    +1.0048    +0.9966    +1.0037  -7.0902e-03      0.101 
 343   13    9  1    -0.5815    -0.5744    -0.5818  +7.4170e-03      0.101 
 361   20   19  1    -0.0069    -0.0116    -0.0077  -3.8353e-03      0.100 
 475   51   50  4    -0.0583    -0.0636    -0.0592  -4.3518e-03      0.100 
  33    0   33  6    +1.0917    +1.0820    +1.0891  -7.1680e-03      0.100 
 214   30   31  1    +0.0254    +0.0216    +0.0254  -3.8254e-03      0.099 
 380   37   36  1    +0.0111    +0.0067    +0.0102  -3.4912e-03      0.099 
 444   23   22  4    -0.0698    -0.0642    -0.0681  +3.9656e-03      0.099 
 308   38   44  4    +0.0386    +0.0435    +0.0397  +3.8286e-03      0.099 
 279   14   15  4    -0.2986    -0.3039    -0.2982  -5.6874e-03      0.098 
 448   26   24  4    -0.1163    -0.1122    -0.1165  +4.3454e-03      0.098 
 377   32   34  1    -0.0019    +0.0027    -0.0009  +3.6726e-03      0.098 
 334    4    3  1    +0.8912    +0.8955    +0.8877  +7.7663e-03      0.098 
 360   19   18  1    -0.0149    -0.0098    -0.0137  +3.8823e-03      0.098 
 483   45   44  4    -0.0378    -0.0322    -0.0362  +4.0213e-03      0.098 
   4    0    4  6    +1.0158    +1.0077    +1.0146  -6.9101e-03      0.098 
 188    1   17  1    -0.4673    -0.4562    -0.4625  +6.2667e-03      0.098 
 239   52   53  1    +0.0626    +0.0682    +0.0642  +3.9976e-03      0.097 
 103    0   46  2    +0.0000    -0.0011    +0.0018  -2.8975e-03      0.097 
 365   24   23  1    +0.1439    +0.1384    +0.1429  -4.5478e-03      0.097 
  60    0    3  2    +0.6880    +0.6941    +0.6887  +5.4338e-03      0.096 
 425   15   13  4    +0.2456    +0.2501    +0.2447  +5.4070e-03      0.096 
 479   53   52  4    +0.0665    +0.0643    +0.0682  -3.9501e-03      0.095 
  50    0   50  6    +1.0863    +1.0923    +1.0854  +6.8588e-03      0.094 
  82    0   25  2    -0.0160    -0.0145    -0.0173  +2.8492e-03      0.094 
 471   47   46  4    -0.1719    -0.1679    -0.1725  +4.5946e-03      0.094 
 404   56   40  1    +0.0059    +0.0032    +0.0070  -3.8163e-03      0.094 
  89    0   32  2    -0.0040    -0.0002    -0.0029  +2.7276e-03      0.093 
 136    0   22  5    -0.0000    +0.0003    +0.0028  -2.5316e-03      0.092 
 305   11   41  4    -0.0129    -0.0163    -0.0125  -3.8234e-03      0.092 
 108    0   51  2    -0.0450    -0.0450    -0.0419  -3.0503e-03      0.092 
  70    0   13  2    -0.0450    -0.0483    -0.0464  -1.9431e-03      0.092 
 252    1    2  4    +0.8040    +0.8101    +0.8033  +6.8306e-03      0.092 
 384   38   22  1    -0.1247    -0.1308    -0.1269  -3.9068e-03      0.092 
  32    0   32  6    +1.0922    +1.0961    +1.0896  +6.5484e-03      0.091 
 160    0   46  5    -0.0000    +0.0039    +0.0013  +2.5901e-03      0.091 
 363   22   21  1    -0.0008    -0.0047    -0.0015  -3.1544e-03      0.090 
 445   24   23  4    -0.0693    -0.0736    -0.0698  -3.8294e-03      0.089 
 372   29    7  1    -0.3611    -0.3600    -0.3550  -5.0133e-03      0.088 
 197   12   16  1    +0.6311    +0.6397    +0.6333  +6.3119e-03      0.088 
 166    0   52  5    -0.0060    -0.0101    -0.0074  -2.6659e-03      0.087 
 397   49   13  1    -0.1074    -0.1124    -0.1083  -4.1158e-03      0.087 
 419    9    8  4    +0.5336    +0.5364    +0.5308  +5.6216e-03      0.087 
 435   13   11  4    +0.1941    +0.2022    +0.1978  +4.3734e-03      0.086 
 381   38   37  1    +0.0106    +0.0067    +0.0097  -3.0056e-03      0.086 
  40    0   40  6    +1.0694    +1.0744    +1.0682  +6.2400e-03      0.086 
 450   28   27  4    -0.0978    -0.0922    -0.0959  +3.7421e-03      0.086 
 278   12   17  4    -0.1911    -0.1954    -0.1909  -4.4801e-03      0.085 
 414    4    3  4    -0.3619    -0.3677    -0.3628  -4.8948e-03      0.085 
  54    0   54  6    +1.0561    +1.0612    +1.0551  +6.0769e-03      0.085 
 105    0   48  2    +0.0000    +0.0045    +0.0021  +2.3770e-03      0.084 
 311   46   47  4    +0.1698    +0.1745    +0.1704  +4.0695e-03      0.084 
  11    0   11  6    +1.0028    +0.9958    +1.0016  -5.8270e-03      0.083 
 177    6    7  1    -0.5427    -0.5531    -0.5474  -5.6955e-03      0.082 
 146    0   32  5    -0.0020    -0.0011    -0.0035  +2.4369e-03      0.082 
  37    0   37  6    +1.0737    +1.0664    +1.0724  -5.9408e-03      0.082 
 233   48   49  1    -0.0487    -0.0529    -0.0494  -3.5166e-03      0.082 
 269    3   15  4    -0.0457    -0.0411    -0.0444  +3.2491e-03      0.081 
 460   37   36  4    +0.0583    +0.0635    +0.0603  +3.1453e-03      0.081 
 140    0   26  5    -0.0000    -0.0015    +0.0010  -2.4364e-03      0.081 
 370   28   27  1    +0.2287    +0.2247    +0.2288  -4.1811e-03      0.081 
 114    0   57  2    -0.0170    -0.0194    -0.0167  -2.7190e-03      0.080 
 248   57   56  1    -0.0179    -0.0158    -0.0188  +3.0266e-03      0.080 
 423   13    9  4    +0.2142    +0.2189    +0.2145  +4.3945e-03      0.080 
 331    9   55  4    +0.0330    +0.0359    +0.0329  +2.9860e-03      0.080 
 303   36   40  4    +0.0498    +0.0503    +0.0472  +3.1174e-03      0.080 
  55    0   55  6    +1.0611    +1.0657    +1.0600  +5.7358e-03      0.080 
 383   40   36  1    +0.0059    +0.0096    +0.0067  +2.8249e-03      0.079 
 184   13   14  1    +0.4569    +0.4616    +0.4564  +5.1353e-03      0.079 
 229   15   45  1    -0.1162    -0.1100    -0.1135  +3.5626e-03      0.079 
 202   21   20  1    -0.0008    +0.0017    -0.0012  +2.9713e-03      0.079 
 409   49   38  1    +0.0428    +0.0469    +0.0436  +3.3900e-03      0.078 
 110    0   53  2    -0.0500    -0.0462    -0.0490  +2.7302e-03      0.078 
 201   19   20  1    +0.0069    +0.0107    +0.0077  +2.9530e-03      0.077 
 168    0   54  5    -0.0030    -0.0072    -0.0048  -2.4187e-03      0.077 
 323   44   45  4    +0.0348    +0.0364    +0.0333  +3.1489e-03      0.077 
  53    0   53  6    +1.0535    +1.0589    +1.0533  +5.5277e-03      0.077 
 406   42   56  1    +0.0199    +0.0161    +0.0192  -3.0439e-03      0.077 
 390   46   14  1    -0.0529    -0.0509    -0.0540  +3.0631e-03      0.076 
 181    9   11  1    +0.6401    +0.6427    +0.6371  +5.5799e-03      0.076 
 324   40   56  4    +0.0496    +0.0534    +0.0501  +3.3457e-03      0.076 
 407   57   39  1    +0.0009    +0.0052    +0.0021  +3.0344e-03      0.075 
 463   40   36  4    -0.0496    -0.0442    -0.0471  +2.9401e-03      0.075 
  90    0   33  2    -0.0090    -0.0109    -0.0083  -2.6526e-03      0.074 
  58    0    1  2    -3.3303    -3.3139    -3.3239  +9.9588e-03      0.074 
 306   41   42  4    -0.0166    -0.0136    -0.0165  +2.8848e-03      0.073 
 391   47   46  1    -0.0523    -0.0581    -0.0551  -2.9603e-03      0.073 
 356   13   12  1    +0.0419    +0.0462    +0.0434  +2.8046e-03      0.073 
 255    4    5  4    +0.2168    +0.2178    +0.2138  +3.9504e-03      0.073 
 458   35   34  4    +0.0022    +0.0051    +0.0025  +2.5905e-03      0.073 
 258    6    8  4    +0.1907    +0.1961    +0.1922  +3.8640e-03      0.073 
 394   50   49  1    +0.0298    +0.0284    +0.0312  -2.8343e-03      0.073 
 351   18    4  1    -0.0466    -0.0419    -0.0450  +3.0646e-03      0.072 
 267    1   16  4    +0.2136    +0.2092    +0.2131  -3.8941e-03      0.072 
 333    3    2  1    +1.1587    +1.1493    +1.1559  -6.6311e-03      0.072 
  64    0    7  2    +0.0000    +0.0023    +0.0036  -1.3567e-03      0.071 
 111    0   54  2    -0.0100    -0.0141    -0.0119  -2.2628e-03      0.070 
 472   48   47  4    -0.1425    -0.1410    -0.1442  +3.2090e-03      0.070 
   9    0    9  6    +1.0010    +0.9950    +0.9999  -4.9181e-03      0.070 
 488   56   57  4    -0.0184    -0.0130    -0.0157  +2.6290e-03      0.069 
 250   38   48  1    -0.0261    -0.0245    -0.0272  +2.6037e-03      0.069 
 322   11   43  4    -0.0209    -0.0171    -0.0197  +2.5732e-03      0.069 
 192    5    6  1    -0.4246    -0.4295    -0.4252  -4.2848e-03      0.068 
 288   24   26  4    +0.1185    +0.1218    +0.1188  +3.0008e-03      0.068 
 436   13   12  4    -0.2205    -0.2175    -0.2211  +3.5480e-03      0.068 
 484   56   40  4    -0.0473    -0.0506    -0.0476  -2.9655e-03      0.067 
 364   23   22  1    +0.1244    +0.1290    +0.1261  +2.9133e-03      0.067 
 123    0    9  5    -0.1110    -0.1132    -0.1114  -1.7922e-03      0.067 
 176    4    6  1    -0.5945    -0.5990    -0.5941  -4.8913e-03      0.067 
 367   25   24  1    -0.0248    -0.0224    -0.0251  +2.7523e-03      0.066 
  97    0   40  2    -0.0000    +0.0020    -0.0002  +2.2412e-03      0.066 
   2    0    2  6    +1.0258    +1.0292    +1.0246  +4.6094e-03      0.065 
   3    0    3  6    +1.0189    +1.0224    +1.0178  +4.5660e-03      0.064 
 462   39   37  4    -0.0243    -0.0254    -0.0230  -2.3844e-03      0.064 
 286   24   25  4    -0.0251    -0.0265    -0.0238  -2.6753e-03      0.064 
 104    0   47  2    -0.0740    -0.0761    -0.0785  +2.3422e-03      0.064 
 298   34   35  4    -0.0059    -0.0039    -0.0061  +2.2713e-03      0.063 
 291   28   29  4    +0.0918    +0.0913    +0.0886  +2.6370e-03      0.063 
 127    0   13  5    -0.0060    -0.0017    -0.0004  -1.2799e-03      0.063 
 429   15    3  4    -0.0018    -0.0008    -0.0030  +2.2450e-03      0.062 
 468   44   38  4    -0.0398    -0.0384    -0.0408  +2.4325e-03      0.062 
 159    0   45  5    +0.0000    -0.0010    +0.0008  -1.8642e-03      0.061 
 280   18   19  4    +0.0094    +0.0124    +0.0100  +2.4020e-03      0.061 
  43    0   43  6    +1.0499    +1.0440    +1.0484  -4.3743e-03      0.061 
 304   22   38  4    -0.0649    -0.0590    -0.0613  +2.3416e-03      0.060 
 282   21   20  4    -0.0051    -0.0010    -0.0033  +2.3066e-03      0.060 
 162    0   48  5    +0.0000    -0.0052    -0.0036  -1.5838e-03      0.060 
 139    0   25  5    -0.0080    -0.0108    -0.0090  -1.8313e-03      0.060 
 101    0   44  2    -0.0300    -0.0339    -0.0321  -1.8672e-03      0.059 
 294   30   31  4    +0.0085    +0.0137    +0.0115  +2.2088e-03      0.059 
 217   34   32  1    +0.0019    +0.0031    +0.0009  +2.1974e-03      0.059 
  73    0   16  2    -0.1080    -0.1104    -0.1122  +1.7736e-03      0.058 
 147    0   33  5    -0.0050    -0.0027    -0.0047  +2.0599e-03      0.058 
 327   39   57  4    +0.0243    +0.0277    +0.0253  +2.3913e-03      0.056 
  36    0   36  6    +1.0714    +1.0659    +1.0700  -4.0869e-03      0.056 
 328   57   56  4    +0.0186    +0.0179    +0.0158  +2.1320e-03      0.056 
 302   37   39  4    +0.0243    +0.0209    +0.0230  -2.0830e-03      0.056 
  42    0   42  6    +1.0577    +1.0597    +1.0557  +3.9963e-03      0.056 
  41    0   41  6    +1.0595    +1.0620    +1.0580  +4.0088e-03      0.056 
 207   24   25  1    +0.0248    +0.0274    +0.0251  +2.2877e-03      0.055 
 476   51   10  4    +0.0453    +0.0448    +0.0469  -2.1412e-03      0.054 
 109    0   52  2    -0.0120    -0.0086    -0.0069  -1.6754e-03      0.054 
 138    0   24  5    +0.0000    -0.0009    +0.0005  -1.4638e-03      0.054 
 358   17   12  1    -0.5784    -0.5763    -0.5802  +3.8985e-03      0.054 
 403   45   44  1    -0.1162    -0.1134    -0.1159  +2.5002e-03      0.053 
 243   44   45  1    +0.1170    +0.1192    +0.1167  +2.4852e-03      0.053 
 170    0   56  5    -0.0060    -0.0023    -0.0038  +1.4524e-03      0.053 
 281   19   20  4    +0.0082    +0.0071    +0.0051  +2.0145e-03      0.053 
 155    0   41  5    -0.0080    -0.0102    -0.0088  -1.4417e-03      0.052 
 227   41   43  1    -0.0439    -0.0395    -0.0417  +2.1728e-03      0.052 
 216   32   33  1    +0.0090    +0.0064    +0.0083  -1.8704e-03      0.052 
 314   49   50  4    +0.0872    +0.0839    +0.0862  -2.2347e-03      0.051 
 150    0   36  5    +0.0000    -0.0018    -0.0032  +1.4134e-03      0.051 
 266    1   15  4    +0.5813    +0.5762    +0.5797  -3.5717e-03      0.051 
 285   23   24  4    +0.0648    +0.0631    +0.0652  -2.1299e-03      0.050 
 466   42   41  4    +0.0171    +0.0151    +0.0171  -1.9631e-03      0.050 
 320   53   54  4    -0.0216    -0.0218    -0.0198  -1.9877e-03      0.050 
 203   21   22  1    +0.0008    -0.0002    +0.0015  -1.7569e-03      0.050 
 219   35   36  1    -0.0169    -0.0196    -0.0178  -1.7963e-03      0.050 
  78    0   21  2    -0.0000    -0.0013    +0.0003  -1.6056e-03      0.050 
 482   43   11  4    +0.0213    +0.0219    +0.0201  +1.8179e-03      0.049 
 310   14   46  4    +0.1717    +0.1734    +0.1710  +2.3448e-03      0.048 
 481   55   54  4    +0.0248    +0.0230    +0.0249  -1.9067e-03      0.048 
 289   26   27  4    +0.1163    +0.1197    +0.1175  +2.2283e-03      0.048 
 438   17   12  4    +0.2074    +0.2053    +0.2079  -2.5490e-03      0.048 
 321   54   55  4    -0.0247    -0.0229    -0.0248  +1.8806e-03      0.047 
 212    7   29  1    +0.3611    +0.3523    +0.3550  -2.6867e-03      0.047 
 225   11   41  1    +0.0343    +0.0347    +0.0328  +1.9860e-03      0.046 
 398   52   29  1    -0.0746    -0.0692    -0.0712  +1.9170e-03      0.046 
 272    5    6  4    +0.2081    +0.2109    +0.2085  +2.3276e-03      0.045 
 204   22   23  1    -0.1242    -0.1240    -0.1260  +1.9628e-03      0.045 
  24    0   24  6    +1.0885    +1.0838    +1.0871  -3.2539e-03      0.045 
 451   29   28  4    -0.0882    -0.0833    -0.0852  +1.8534e-03      0.044 
 457   32   34  4    -0.0059    -0.0053    -0.0070  +1.7008e-03      0.044 
 433    8    7  4    -0.2123    -0.2175    -0.2153  -2.2567e-03      0.044 
 379   36   35  1    +0.0169    +0.0194    +0.0178  +1.5902e-03      0.044 
 316   10   51  4    -0.0442    -0.0475    -0.0458  -1.7188e-03      0.044 
 209   26   27  1    -0.1944    -0.2000    -0.1977  -2.2644e-03      0.044 
 292    7   29  4    -0.1307    -0.1326    -0.1307  -1.9261e-03      0.044 
 256    4    6  4    +0.2203    +0.2153    +0.2176  -2.3358e-03      0.043 
 148    0   34  5    +0.0000    +0.0023    +0.0009  +1.4005e-03      0.043 
 464   38   22  4    +0.0654    +0.0602    +0.0618  -1.6551e-03      0.043 
  80    0   23  2    -0.0160    -0.0147    -0.0133  -1.3480e-03      0.043 
 154    0   40  5    +0.0000    +0.0044    +0.0030  +1.4159e-03      0.042 
 179    8    9  1    +2.4974    +2.4969    +2.4916  +5.3089e-03      0.042 
 124    0   10  5    -0.0450    -0.0480    -0.0468  -1.2450e-03      0.042 
 235   50   51  1    -0.0828    -0.0812    -0.0831  +1.8816e-03      0.042 
 164    0   50  5    -0.0260    -0.0227    -0.0241  +1.3203e-03      0.041 
 453   30   25  4    -0.0135    -0.0115    -0.0130  +1.5030e-03      0.041 
 231   46   47  1    +0.0529    +0.0574    +0.0558  +1.6394e-03      0.041 
 234   49   50  1    -0.0292    -0.0322    -0.0307  -1.5466e-03      0.040 
 284   22   23  4    +0.0700    +0.0700    +0.0684  +1.5773e-03      0.039 
 371   29   28  1    +0.2422    +0.2433    +0.2413  +1.9909e-03      0.039 
 396   51   10  1    -0.1290    -0.1246    -0.1263  +1.7249e-03      0.038 
  68    0   11  2    +0.0000    +0.0032    +0.0040  -7.8506e-04      0.038 
  85    0   28  2    -0.0110    -0.0089    -0.0100  +1.0802e-03      0.038 
 199   14   15  1    +0.3751    +0.3793    +0.3770  +2.2751e-03      0.037 
 236   10   51  1    +0.1290    +0.1280    +0.1263  +1.6651e-03      0.037 
 149    0   35  5    -0.0080    -0.0079    -0.0091  +1.1797e-03      0.037 
 299   35   36  4    -0.0102    -0.0103    -0.0116  +1.2392e-03      0.035 
 385   41   11  1    -0.0343    -0.0313    -0.0328  +1.4840e-03      0.034 
 459   36   35  4    +0.0084    +0.0110    +0.0098  +1.2104e-03      0.034 
 193    7    8  1    -0.9099    -0.9079    -0.9051  -2.7806e-03      0.034 
 113    0   56  2    -0.0190    -0.0160    -0.0169  +9.4974e-04      0.033 
  17    0   17  6    +1.0272    +1.0285    +1.0261  +2.3709e-03      0.033 
 167    0   53  5    -0.0250    -0.0226    -0.0215  -1.1087e-03      0.033 
   8    0    8  6    +1.0050    +1.0016    +1.0040  -2.3348e-03      0.033 
  93    0   36  2    -0.0000    +0.0019    +0.0010  +9.4254e-04      0.033 
 480   54   53  4    +0.0217    +0.0186    +0.0199  -1.3094e-03      0.033 
 319   52   53  4    -0.0658    -0.0688    -0.0674  -1.3616e-03      0.033 
 191    4   18  1    +0.0466    +0.0464    +0.0450  +1.3954e-03      0.033 
 449   27   26  4    -0.1042    -0.1065    -0.1050  -1.5016e-03      0.033 
 340   10    9  1    -0.4471    -0.4498    -0.4477  -2.1165e-03      0.032 
 389   45   15  1    +0.1162    +0.1150    +0.1135  +1.4374e-03      0.032 
  59    0    2  2    -0.0080    -0.0034    -0.0028  -6.0543e-04      0.031 
 224   22   38  1    +0.1251    +0.1286    +0.1273  +1.2991e-03      0.030 
 232   47   48  1    -0.0217    -0.0222    -0.0233  +1.1125e-03      0.030 
 262    9   12  4    -0.1429    -0.1444    -0.1429  -1.5342e-03      0.030 
 130    0   16  5    -0.0080    -0.0106    -0.0097  -8.4068e-04      0.030 
 420   10    9  4    +0.1270    +0.1258    +0.1272  -1.4219e-03      0.030 
 200   18   19  1    +0.0150    +0.0150    +0.0138  +1.1678e-03      0.030 
 369   27   26  1    +0.2023    +0.2043    +0.2058  -1.5214e-03      0.029 
 241   54   55  1    +0.0019    +0.0038    +0.0027  +1.0854e-03      0.029 
 392   48   47  1    +0.0220    +0.0247    +0.0237  +1.0591e-03      0.029 
  83    0   26  2    -0.0000    -0.0017    -0.0025  +8.1868e-04      0.028 
 151    0   37  5    -0.0000    -0.0005    +0.0003  -7.5040e-04      0.028 
 171    0   57  5    -0.0050    -0.0078    -0.0088  +9.1078e-04      0.028 
 465   41   11  4    +0.0138    +0.0144    +0.0133  +1.1169e-03      0.027 
 485   41   56  4    -0.0305    -0.0316    -0.0305  -1.1453e-03      0.027 
 165    0   51  5    -0.0130    -0.0115    -0.0123  +8.5699e-04      0.027 
 112    0   55  2    -0.0170    -0.0157    -0.0148  -8.5644e-04      0.026 
 259    8    9  4    -0.2739    -0.2704    -0.2718  +1.3434e-03      0.026 
 141    0   27  5    -0.0010    -0.0045    -0.0037  -8.0012e-04      0.026 
  12    0   12  6    +1.0150    +1.0158    +1.0140  +1.8263e-03      0.026 
 169    0   55  5    -0.0080    -0.0071    -0.0079  +8.0599e-04      0.026 
 461   38   37  4    +0.0808    +0.0803    +0.0813  -1.0155e-03      0.026 
 295   31   32  4    +0.0012    +0.0022    +0.0013  +9.2308e-04      0.024 
 125    0   11  5    -0.0000    -0.0050    -0.0044  -5.8352e-04      0.024 
  79    0   22  2    +0.0000    -0.0009    -0.0002  -6.3252e-04      0.024 
  99    0   42  2    -0.0180    -0.0212    -0.0205  -7.5741e-04      0.024 
 107    0   50  2    -0.0530    -0.0527    -0.0519  -8.1269e-04      0.023 
 387   43   41  1    +0.0439    +0.0407    +0.0417  -9.7275e-04      0.023 
  71    0   14  2    -0.0260    -0.0232    -0.0226  -5.7715e-04      0.023 
  98    0   41  2    -0.0160    -0.0105    -0.0099  -6.2337e-04      0.023 
  84    0   27  2    -0.0230    -0.0202    -0.0196  -6.7665e-04      0.022 
 455   32   31  4    -0.0012    -0.0021    -0.0012  -8.4122e-04      0.022 
 309   15   45  4    -0.0364    -0.0349    -0.0357  +8.7188e-04      0.022 
 247   39   57  1    -0.0009    -0.0013    -0.0021  +8.7559e-04      0.022 
 454   31   30  4    -0.0082    -0.0120    -0.0112  -8.1353e-04      0.022 
 215   31   32  1    +0.0112    +0.0112    +0.0103  +8.2887e-04      0.021 
 399   53   52  1    -0.0621    -0.0645    -0.0636  -8.7514e-04      0.021 
 158    0   44  5    -0.0050    -0.0069    -0.0076  +6.5140e-04      0.021 
  28    0   28  6    +1.0471    +1.0447    +1.0462  -1.4906e-03      0.021 
 218   34   35  1    -0.0019    -0.0023    -0.0030  +7.3650e-04      0.021 
 228   38   44  1    +0.1475    +0.1484    +0.1494  -9.6092e-04      0.021 
 287   24   25  4    -0.0241    -0.0246    -0.0238  -8.2534e-04      0.020 
 163    0   49  5    -0.0210    -0.0199    -0.0193  -5.1449e-04      0.019 
 332    2    1  1    +1.1071    +1.1114    +1.1097  +1.7027e-03      0.019 
 325   56   41  4    +0.0312    +0.0320    +0.0312  +8.1399e-04      0.019 
 489   49   38  4    +0.0468    +0.0468    +0.0476  -8.3264e-04      0.019 
 145    0   31  5    -0.0070    -0.0104    -0.0099  -5.8044e-04      0.018 
  86    0   29  2    -0.0430    -0.0420    -0.0415  -4.8973e-04      0.018 
 206   24   25  1    +0.0258    +0.0259    +0.0251  +7.2773e-04      0.017 
 378   35   34  1    +0.0019    +0.0037    +0.0030  +6.1223e-04      0.017 
 275   11   13  4    -0.1890    -0.1914    -0.1923  +8.5253e-04      0.017 
 447   25   24  4    +0.0254    +0.0243    +0.0250  -6.8090e-04      0.016 
 412    2    1  4    -0.8910    -0.8885    -0.8897  +1.2205e-03      0.015 
 220   36   37  1    -0.0111    -0.0107    -0.0101  -5.4319e-04      0.015 
 237   13   49  1    +0.1074    +0.1090    +0.1083  +7.2579e-04      0.015 
 210   27   28  1    -0.2253    -0.2261    -0.2254  -7.6526e-04      0.015 
 440   19   18  4    -0.0092    -0.0104    -0.0098  -5.7022e-04      0.015 
 268    1   17  4    +0.2244    +0.2222    +0.2214  +7.1874e-04      0.014 
  77    0   20  2    -0.0060    -0.0060    -0.0065  +4.4342e-04      0.014 
 185   13   15  1    +0.4684    +0.4685    +0.4694  -9.2554e-04      0.014 
 189    3   15  1    +0.4106    +0.4114    +0.4106  +8.0663e-04      0.013 
 257    6    7  4    +0.1281    +0.1281    +0.1288  -6.2215e-04      0.013 
 244   40   56  1    -0.0059    -0.0064    -0.0070  +5.3625e-04      0.013 
 487   57   39  4    -0.0236    -0.0240    -0.0246  +5.4875e-04      0.013 
 402   43   11  1    -0.0489    -0.0469    -0.0474  +5.0597e-04      0.013 
 315   50   51  4    +0.0603    +0.0607    +0.0612  -5.3802e-04      0.012 
  34    0   34  6    +1.0699    +1.0674    +1.0683  -8.7250e-04      0.012 
 153    0   39  5    +0.0000    +0.0019    +0.0023  -3.9317e-04      0.012 
  72    0   15  2    -0.0550    -0.0577    -0.0575  -2.3835e-04      0.012 
 290   27   28  4    +0.1032    +0.1008    +0.1013  -5.0853e-04      0.012 
 211   28   29  1    -0.2397    -0.2394    -0.2388  -5.6876e-04      0.011 
 156    0   42  5    -0.0110    -0.0113    -0.0109  -3.5312e-04      0.011 
 131    0   17  5    -0.0200    -0.0167    -0.0170  +3.0310e-04      0.011 
 301   37   38  4    -0.0825    -0.0835    -0.0830  -4.3273e-04      0.011 
 178    6    8  1    -0.6882    -0.6881    -0.6889  +8.1416e-04      0.011 
 491   55    9  4    -0.0328    -0.0324    -0.0328  +3.9273e-04      0.010 
 240   53   54  1    +0.0120    +0.0143    +0.0147  -4.0466e-04      0.010 
 441   20   19  4    -0.0081    -0.0055    -0.0051  -3.9883e-04      0.010 
 106    0   49  2    -0.0450    -0.0456    -0.0459  +2.8543e-04      0.010 
 411   55    9  1    -0.0152    -0.0119    -0.0122  +3.4536e-04      0.010 
 386   42   41  1    -0.0379    -0.0400    -0.0396  -3.8350e-04      0.009 
 283   21   22  4    +0.0051    +0.0046    +0.0043  +3.1841e-04      0.009 
 205   23   24  1    -0.1404    -0.1390    -0.1395  +4.1872e-04      0.009 
 401   55   54  1    -0.0019    -0.0023    -0.0026  +3.2820e-04      0.009 
 230   14   46  1    +0.0529    +0.0536    +0.0540  -3.4310e-04      0.009 
 222   37   39  1    -0.0009    -0.0003    +0.0000  -2.9962e-04      0.008 
 102    0   45  2    -0.0000    -0.0026    -0.0024  -2.3237e-04      0.008 
 366   25   24  1    -0.0258    -0.0255    -0.0251  -3.3773e-04      0.008 
 469   45   15  4    +0.0378    +0.0374    +0.0370  +3.1449e-04      0.008 
 157    0   43  5    -0.0030    -0.0041    -0.0039  -2.4157e-04      0.008 
 357   16   12  1    -0.6236    -0.6263    -0.6258  -5.0564e-04      0.007 
  47    0   47  6    +1.0923    +1.0914    +1.0909  +5.0189e-04      0.007 
 226   41   42  1    +0.0382    +0.0403    +0.0400  +2.7756e-04      0.007 
 296   32   33  4    +0.0050    +0.0045    +0.0047  -2.4265e-04      0.007 
 456   33   32  4    -0.0050    -0.0045    -0.0047  +2.3990e-04      0.007 
 116    0    2  5    -0.3900    -0.3909    -0.3912  +3.0085e-04      0.007 
 100    0   43  2    -0.0050    -0.0059    -0.0057  -1.9679e-04      0.006 
  96    0   39  2    -0.0000    -0.0024    -0.0022  -2.0580e-04      0.006 
 300   36   37  4    -0.0582    -0.0600    -0.0602  +2.1559e-04      0.006 
 242   11   43  1    +0.0489    +0.0476    +0.0474  +2.0403e-04      0.005 
 273    7    8  4    +0.2555    +0.2578    +0.2581  -2.7516e-04      0.005 
 434   12   10  4    +0.1011    +0.1018    +0.1016  +1.4911e-04      0.003 
 264   13   14  4    -0.1155    -0.1139    -0.1140  +1.0513e-04      0.002 
 326   56   42  4    +0.0285    +0.0284    +0.0283  +7.4850e-05      0.002 
 405   41   56  1    +0.0240    +0.0245    +0.0246  -7.7681e-05      0.002 
 152    0   38  5    -0.0180    -0.0203    -0.0203  +3.9010e-05      0.002 
 408   56   57  1    +0.0180    +0.0188    +0.0189  -4.9569e-05      0.001 
 395   51   50  1    +0.0840    +0.0844    +0.0844  +3.4779e-05      0.001 
 238   29   52  1    +0.0758    +0.0723    +0.0723  -1.7343e-05      0.000 
----------------------------------------------------------------------------------
Não foram identificados erros grosseiros.
Não foram identificadas medidas críticas.
Possíveis conjuntos críticos:
Conjunto 1: 405 326
Conjunto 2: 273 242
Conjunto 3: 296 226 47
Conjunto 4: 226 47
Conjunto 5: 366 102
Conjunto 6: 222 230
Conjunto 7: 205 283
Conjunto 8: 441 240 491 178
Conjunto 9: 240 491 178
Conjunto 10: 491 178
Conjunto 11: 156 211
Conjunto 12: 290 72 153
Conjunto 13: 72 153
Conjunto 14: 402 487
Conjunto 15: 244 257
Conjunto 16: 185 77
Conjunto 17: 77 268
Conjunto 18: 237 220 412
Conjunto 19: 220 412
Conjunto 20: 378 206
Conjunto 21: 86 145
Conjunto 22: 489 325
Conjunto 23: 325 332
Conjunto 24: 332 163
Conjunto 25: 228 218 28
Conjunto 26: 218 28
Conjunto 27: 28 158
Conjunto 28: 399 215
Conjunto 29: 215 454 247
Conjunto 30: 454 247
Conjunto 31: 309 455 84
Conjunto 32: 455 84
Conjunto 33: 71 387
Conjunto 34: 387 107 99
Conjunto 35: 107 99
Conjunto 36: 99 79
Conjunto 37: 125 295
Conjunto 38: 461 169
Conjunto 39: 141 259
Conjunto 40: 259 112 165
Conjunto 41: 112 165
Conjunto 42: 165 485
Conjunto 43: 485 465
Conjunto 44: 171 151
Conjunto 45: 392 241
Conjunto 46: 369 200 420
Conjunto 47: 200 420 130
Conjunto 48: 420 130 262
Conjunto 49: 130 262
Conjunto 50: 262 232
Conjunto 51: 224 59
Conjunto 52: 389 340
Conjunto 53: 449 191 319
Conjunto 54: 191 319 480 93
Conjunto 55: 319 480 93
Conjunto 56: 480 93 8
Conjunto 57: 93 8 167 17 113
Conjunto 58: 8 167 17 113
Conjunto 59: 167 17 113 193
Conjunto 60: 17 113 193
Conjunto 61: 113 193
Conjunto 62: 459 385
Conjunto 63: 149 236 199
Conjunto 64: 236 199
Conjunto 65: 85 68
Conjunto 66: 371 284
Conjunto 67: 231 453
Conjunto 68: 235 124
Conjunto 69: 124 179 154
Conjunto 70: 179 154 80 464 148
Conjunto 71: 154 80 464 148 256
Conjunto 72: 80 464 148 256
Conjunto 73: 464 148 256
Conjunto 74: 148 256
Conjunto 75: 292 209 316
Conjunto 76: 209 316 379
Conjunto 77: 316 379
Conjunto 78: 379 433 457 451
Conjunto 79: 433 457 451 24
Conjunto 80: 457 451 24
Conjunto 81: 451 24 204
Conjunto 82: 24 204
Conjunto 83: 272 398
Conjunto 84: 212 321
Conjunto 85: 321 438
Conjunto 86: 438 289 481
Conjunto 87: 289 481 310
Conjunto 88: 481 310 482
Conjunto 89: 310 482
Conjunto 90: 78 219 203 320 466
Conjunto 91: 219 203 320 466
Conjunto 92: 203 320 466 285
Conjunto 93: 320 466 285
Conjunto 94: 466 285
Conjunto 95: 285 266 150
Conjunto 96: 266 150
Conjunto 97: 150 314
Conjunto 98: 216 227 155
Conjunto 99: 227 155 281
Conjunto 100: 155 281 170
Conjunto 101: 281 170 243
Conjunto 102: 170 243 403
Conjunto 103: 243 403
Conjunto 104: 358 138 109
Conjunto 105: 138 109 476
Conjunto 106: 109 476 207
Conjunto 107: 476 207
Conjunto 108: 41 42 302 328
Conjunto 109: 42 302 328 36 327
Conjunto 110: 302 328 36 327
Conjunto 111: 328 36 327
Conjunto 112: 36 327
Conjunto 113: 73 217
Conjunto 114: 217 294 101
Conjunto 115: 294 101
Conjunto 116: 101 139 162
Conjunto 117: 139 162 282
Conjunto 118: 162 282
Conjunto 119: 282 304
Conjunto 120: 304 43
Conjunto 121: 43 280 159
Conjunto 122: 280 159
Conjunto 123: 468 429 127
Conjunto 124: 429 127 291
Conjunto 125: 127 291 298
Conjunto 126: 291 298 104 286
Conjunto 127: 298 104 286
Conjunto 128: 104 286 462
Conjunto 129: 286 462
Conjunto 130: 462 3
Conjunto 131: 3 2
Conjunto 132: 97 367 176
Conjunto 133: 367 176
Conjunto 134: 176 123 364 484
Conjunto 135: 123 364 484
Conjunto 136: 364 484
Conjunto 137: 484 436
Conjunto 138: 436 288 192
Conjunto 139: 288 192
Conjunto 140: 322 250
Conjunto 141: 250 488
Conjunto 142: 9 472 111
Conjunto 143: 472 111
Conjunto 144: 64 333
Conjunto 145: 333 267 351
Conjunto 146: 267 351
Conjunto 147: 351 394
Conjunto 148: 394 258 458 255 356 391
Conjunto 149: 258 458 255 356 391 306
Conjunto 150: 458 255 356 391 306
Conjunto 151: 255 356 391 306 58 90
Conjunto 152: 356 391 306 58 90
Conjunto 153: 391 306 58 90
Conjunto 154: 306 58 90
Conjunto 155: 58 90
Conjunto 156: 463 407 324
Conjunto 157: 407 324 181
Conjunto 158: 324 181 390
Conjunto 159: 181 390
Conjunto 160: 406 53 323 168 201
Conjunto 161: 53 323 168 201 110
Conjunto 162: 323 168 201 110
Conjunto 163: 168 201 110
Conjunto 164: 201 110 409
Conjunto 165: 110 409
Conjunto 166: 409 202 229 184 383
Conjunto 167: 202 229 184 383
Conjunto 168: 229 184 383
Conjunto 169: 184 383 55
Conjunto 170: 383 55 303
Conjunto 171: 55 303 331 423 248
Conjunto 172: 303 331 423 248
Conjunto 173: 331 423 248 114
Conjunto 174: 423 248 114
Conjunto 175: 248 114
Conjunto 176: 114 370 140 460
Conjunto 177: 370 140 460 269 233
Conjunto 178: 140 460 269 233 37 146 177
Conjunto 179: 460 269 233 37 146 177
Conjunto 180: 269 233 37 146 177
Conjunto 181: 233 37 146 177
Conjunto 182: 37 146 177
Conjunto 183: 146 177
Conjunto 184: 11 311
Conjunto 185: 311 105
Conjunto 186: 105 54 414 278
Conjunto 187: 54 414 278
Conjunto 188: 414 278
Conjunto 189: 278 450
Conjunto 190: 450 40 381 435 419 397
Conjunto 191: 40 381 435 419 397 166
Conjunto 192: 381 435 419 397 166
Conjunto 193: 435 419 397 166
Conjunto 194: 419 397 166
Conjunto 195: 397 166
Conjunto 196: 197 372
Conjunto 197: 445 363
Conjunto 198: 160 32 384 252 70 108
Conjunto 199: 32 384 252 70 108 305
Conjunto 200: 384 252 70 108 305 136
Conjunto 201: 252 70 108 305 136
Conjunto 202: 70 108 305 136
Conjunto 203: 108 305 136 89
Conjunto 204: 305 136 89
Conjunto 205: 136 89
Conjunto 206: 89 404
Conjunto 207: 404 471 82 50
Conjunto 208: 471 82 50
Conjunto 209: 82 50
Conjunto 210: 479 425
Conjunto 211: 425 60 365 103
Conjunto 212: 60 365 103
Conjunto 213: 365 103 239 188
Conjunto 214: 103 239 188 4
Conjunto 215: 239 188 4 483 360 334 377 448 279
Conjunto 216: 188 4 483 360 334 377 448 279
Conjunto 217: 4 483 360 334 377 448 279 308 444
Conjunto 218: 483 360 334 377 448 279 308 444
Conjunto 219: 360 334 377 448 279 308 444 380 214
Conjunto 220: 334 377 448 279 308 444 380 214
Conjunto 221: 377 448 279 308 444 380 214
Conjunto 222: 448 279 308 444 380 214
Conjunto 223: 279 308 444 380 214
Conjunto 224: 308 444 380 214
Conjunto 225: 444 380 214
Conjunto 226: 380 214
Conjunto 227: 33 475 361 343 13 297
Conjunto 228: 475 361 343 13 297 313 348
Conjunto 229: 361 343 13 297 313 348 376 208 337
Conjunto 230: 343 13 297 313 348 376 208 337 48 415
Conjunto 231: 13 297 313 348 376 208 337 48 415
Conjunto 232: 297 313 348 376 208 337 48 415 213
Conjunto 233: 313 348 376 208 337 48 415 213
Conjunto 234: 348 376 208 337 48 415 213
Conjunto 235: 376 208 337 48 415 213
Conjunto 236: 208 337 48 415 213
Conjunto 237: 337 48 415 213
Conjunto 238: 48 415 213
Conjunto 239: 415 213
Conjunto 240: 213 25
Conjunto 241: 25 63 134 443
Conjunto 242: 63 134 443
Conjunto 243: 134 443
Conjunto 244: 443 277
Conjunto 245: 277 81 307 18
Conjunto 246: 81 307 18 122
Conjunto 247: 307 18 122
Conjunto 248: 18 122
Conjunto 249: 23 352 373
Conjunto 250: 352 373 198
Conjunto 251: 373 198
Conjunto 252: 198 196 329
Conjunto 253: 196 329
Conjunto 254: 424 87 318 39
Conjunto 255: 87 318 39
Conjunto 256: 318 39
Conjunto 257: 39 477
Conjunto 258: 477 20 375 421 56 442
Conjunto 259: 20 375 421 56 442
Conjunto 260: 375 421 56 442
Conjunto 261: 421 56 442
Conjunto 262: 56 442
Conjunto 263: 410 362 293
Conjunto 264: 362 293
Conjunto 265: 91 467 251 400 431 382
Conjunto 266: 467 251 400 431 382
Conjunto 267: 251 400 431 382 422 470
Conjunto 268: 400 431 382 422 470 312 416
Conjunto 269: 431 382 422 470 312 416
Conjunto 270: 382 422 470 312 416 265
Conjunto 271: 422 470 312 416 265 426
Conjunto 272: 470 312 416 265 426
Conjunto 273: 312 416 265 426
Conjunto 274: 416 265 426
Conjunto 275: 265 426
Conjunto 276: 187 195 95 253 446
Conjunto 277: 195 95 253 446
Conjunto 278: 95 253 446
Conjunto 279: 253 446
Conjunto 280: 10 355
Conjunto 281: 355 254 452
Conjunto 282: 254 452 374 274 143 359
Conjunto 283: 452 374 274 143 359 393 67
Conjunto 284: 374 274 143 359 393 67
Conjunto 285: 274 143 359 393 67
Conjunto 286: 143 359 393 67 161
Conjunto 287: 359 393 67 161
Conjunto 288: 393 67 161 223 92
Conjunto 289: 67 161 223 92
Conjunto 290: 161 223 92 437 418 135
Conjunto 291: 223 92 437 418 135 22
Conjunto 292: 92 437 418 135 22
Conjunto 293: 437 418 135 22
Conjunto 294: 418 135 22
Conjunto 295: 135 22
Conjunto 296: 413 142
Conjunto 297: 142 246
Conjunto 298: 246 341
Conjunto 299: 486 182 51 128 44
Conjunto 300: 182 51 128 44
Conjunto 301: 51 128 44 276 417
Conjunto 302: 128 44 276 417
Conjunto 303: 44 276 417
Conjunto 304: 276 417
Conjunto 305: 115 31 473 478 137 346
Conjunto 306: 31 473 478 137 346 119
Conjunto 307: 473 478 137 346 119 74 249
Conjunto 308: 478 137 346 119 74 249
Conjunto 309: 137 346 119 74 249 49
Conjunto 310: 346 119 74 249 49
Conjunto 311: 119 74 249 49
Conjunto 312: 74 249 49 263
Conjunto 313: 249 49 263
Conjunto 314: 49 263
Conjunto 315: 344 245 1 432
Conjunto 316: 245 1 432 45 174
Conjunto 317: 1 432 45 174
Conjunto 318: 432 45 174
Conjunto 319: 45 174
Conjunto 320: 317 180 16
Conjunto 321: 180 16
Conjunto 322: 16 439
Conjunto 323: 439 94 260
Conjunto 324: 94 260
Conjunto 325: 261 354 221 6 52
Conjunto 326: 354 221 6 52 427
Conjunto 327: 221 6 52 427
Conjunto 328: 6 52 427
Conjunto 329: 52 427
Conjunto 330: 194 27 15 172 388 35
Conjunto 331: 27 15 172 388 35
Conjunto 332: 15 172 388 35 26
Conjunto 333: 172 388 35 26
Conjunto 334: 388 35 26
Conjunto 335: 35 26
Conjunto 336: 26 330 38
Conjunto 337: 330 38
Conjunto 338: 38 350
Conjunto 339: 350 30
Conjunto 340: 30 29
Conjunto 341: 29 368 5
Conjunto 342: 368 5 62 61
Conjunto 343: 5 62 61 336
Conjunto 344: 62 61 336
Conjunto 345: 61 336
Conjunto 346: 335 129
Conjunto 347: 129 46 19
Conjunto 348: 46 19
Conjunto 349: 19 342 474
Conjunto 350: 342 474 14 7
Conjunto 351: 474 14 7
Conjunto 352: 14 7
Conjunto 353: 428 345
Conjunto 354: 186 88 353 144 57
Conjunto 355: 88 353 144 57
Conjunto 356: 353 144 57 490
Conjunto 357: 144 57 490 183
Conjunto 358: 57 490 183
Conjunto 359: 490 183
Conjunto 360: 183 69
Conjunto 361: 69 118
Conjunto 362: 118 271
Conjunto 363: 21 126
Conjunto 364: 126 339 349
Conjunto 365: 339 349 76 338
Conjunto 366: 349 76 338
Conjunto 367: 76 338
