================================================================================= 
=== UFF - Doutorado em Computação - Aplicaçoes em Sistemas de Potencia        === 
=== ESTIMADOR DE ESTADO MÍNIMOS QUADRADOS PONDERADOS INCLUINDO MEDIDAS DE PMU === 
=== Desenvolvido por: Rui Menezes de Moraes - 2009                            === 
================================================================================= 
Arquivo de medidores:          F:\Documents\Uff\Artigos\SimSEP\VERSAO WELDAN V2\Codigos\Med\ieee57_5_0500.med
Arquivo do sistema:            F:\Documents\Uff\Artigos\SimSEP\VERSAO WELDAN V2\Codigos\Carga\ieee57_5_0500.txt
Tolerância entre iteraçoes:     1.00e-04
Limite de iteraçoes:           100

--- DADOS DA REDE --------------------------------------------------------------- 
Data do caso:                  08/25/93
Origem:                        UW ARCHIVE          
MVA base:                      100
Ano:                           1961
Estação:                       W
Identificação:                 IEEE 57 Bus Test Case
Número de barras:              57 
Número de ramos:               80 
Referência na barra:           1

--- TELEMEDIDAS ------------------------------------------------------------------
    Tipo 1 = Fluxo de potencia ativa        Tipo  6 = Módulo da tensão            
    Tipo 2 = Injeção de potencia ativa      Tipo  7 = Corrente de ramo (real)     
    Tipo 3 = Ângulo de fase da tensão       Tipo  8 = Corrente de ramo (imag)     
    Tipo 4 = Fluxo de potencia reativa      Tipo  9 = Injeção de corrente (real)  
    Tipo 5 = Injeção de potencia reativa    Tipo 10 = Injeção de corrente (imag)  
----------------------------------------------------------------------------------
   N    D    P TP  PN ST   Exa   FS       DP      V_Ref      V_Med          E(%) 
----------------------------------------------------------------------------------
   1    0    1  6   0  0 0.015 01.1  0.00520   +1.04000   +1.05425     +1.370192 
   2    0    2  6   0  0 0.015 01.1  0.00512   +1.02412   +1.01625     -0.768465 
   3    0    3  6   0  0 0.015 01.1  0.00507   +1.01439   +1.02194     +0.744290 
   4    0    4  6   0  0 0.015 01.1  0.00506   +1.01165   +1.00832     -0.329165 
   5    0    5  6   0  0 0.015 01.1  0.00501   +1.00276   +1.01313     +1.034146 
   6    0    6  6   0  0 0.015 01.1  0.00500   +1.00046   +0.99662     -0.383823 
   7    0    7  6   0  0 0.015 01.1  0.00501   +1.00200   +1.00824     +0.622754 
   8    0    8  6   0  0 0.015 01.1  0.00502   +1.00500   +1.00035     -0.462687 
   9    0    9  6   0  0 0.015 01.1  0.00503   +1.00561   +1.01699     +1.131651 
  10    0   10  6   0  0 0.015 01.1  0.00503   +1.00518   +1.01274     +0.752104 
  11    0   11  6   0  0 0.015 01.1  0.00503   +1.00540   +1.00342     -0.196937 
  12    0   12  6   0  0 0.015 01.1  0.00507   +1.01500   +1.01198     -0.297537 
  13    0   13  6   0  0 0.015 01.1  0.00503   +1.00593   +1.00210     -0.380742 
  14    0   14  6   0  0 0.015 01.1  0.00502   +1.00406   +1.00235     -0.170309 
  15    0   15  6   0  0 0.015 01.1  0.00508   +1.01654   +1.01289     -0.359061 
  16    0   16  6   0  0 0.015 01.1  0.00510   +1.02068   +1.00759     -1.282478 
  17    0   17  6   0  0 0.015 01.1  0.00514   +1.02753   +1.02569     -0.179070 
  18    0   18  6   0  0 0.015 01.1  0.00525   +1.05017   +1.05353     +0.319948 
  19    0   19  6   0  0 0.015 01.1  0.00518   +1.03528   +1.02921     -0.586315 
  20    0   20  6   0  0 0.015 01.1  0.00516   +1.03166   +1.02877     -0.280131 
  21    0   21  6   0  0 0.015 01.1  0.00537   +1.07496   +1.06209     -1.197254 
  22    0   22  6   0  0 0.015 01.1  0.00538   +1.07533   +1.07459     -0.068816 
  23    0   23  6   0  0 0.015 01.1  0.00537   +1.07485   +1.06816     -0.622412 
  24    0   24  6   0  0 0.015 01.1  0.00536   +1.07286   +1.05729     -1.451261 
  25    0   25  6   0  0 0.015 01.1  0.00544   +1.08759   +1.10014     +1.153927 
  26    0   26  6   0  0 0.015 01.1  0.00514   +1.02867   +1.01974     -0.868111 
  27    0   27  6   0  0 0.015 01.1  0.00515   +1.02903   +1.03470     +0.551004 
  28    0   28  6   0  0 0.015 01.1  0.00516   +1.03199   +1.02129     -1.036832 
  29    0   29  6   0  0 0.015 01.1  0.00518   +1.03551   +1.05025     +1.423453 
  30    0   30  6   0  0 0.015 01.1  0.00539   +1.07876   +1.07884     +0.007416 
  31    0   31  6   0  0 0.015 01.1  0.00533   +1.06602   +1.07854     +1.174462 
  32    0   32  6   0  0 0.015 01.1  0.00535   +1.06935   +1.07661     +0.678917 
  33    0   33  6   0  0 0.015 01.1  0.00534   +1.06838   +1.06829     -0.008424 
  34    0   34  6   0  0 0.015 01.1  0.00525   +1.05049   +1.05387     +0.321755 
  35    0   35  6   0  0 0.015 01.1  0.00526   +1.05308   +1.04831     -0.452957 
  36    0   36  6   0  0 0.015 01.1  0.00528   +1.05686   +1.05769     +0.078535 
  37    0   37  6   0  0 0.015 01.1  0.00531   +1.06148   +1.07094     +0.891209 
  38    0   38  6   0  0 0.015 01.1  0.00538   +1.07637   +1.06906     -0.679134 
  39    0   39  6   0  0 0.015 01.1  0.00530   +1.06019   +1.05360     -0.621587 
  40    0   40  6   0  0 0.015 01.1  0.00527   +1.05432   +1.04951     -0.456218 
  41    0   41  6   0  0 0.015 01.1  0.00526   +1.05256   +1.06444     +1.128677 
  42    0   42  6   0  0 0.015 01.1  0.00523   +1.04579   +1.03303     -1.220130 
  43    0   43  6   0  0 0.015 01.1  0.00525   +1.04971   +1.04047     -0.880243 
  44    0   44  6   0  0 0.015 01.1  0.00537   +1.07395   +1.06760     -0.591275 
  45    0   45  6   0  0 0.015 01.1  0.00536   +1.07304   +1.06826     -0.445463 
  46    0   46  6   0  0 0.015 01.1  0.00553   +1.10520   +1.11272     +0.680420 
  47    0   47  6   0  0 0.015 01.1  0.00545   +1.09012   +1.10275     +1.158588 
  48    0   48  6   0  0 0.015 01.1  0.00543   +1.08595   +1.07135     -1.344445 
  49    0   49  6   0  0 0.015 01.1  0.00545   +1.09015   +1.07637     -1.264046 
  50    0   50  6   0  0 0.015 01.1  0.00539   +1.07814   +1.06244     -1.456212 
  51    0   51  6   0  0 0.015 01.1  0.00540   +1.08023   +1.07029     -0.920174 
  52    0   52  6   0  0 0.015 01.1  0.00516   +1.03211   +1.01744     -1.421360 
  53    0   53  6   0  0 0.015 01.1  0.00517   +1.03299   +1.03203     -0.092934 
  54    0   54  6   0  0 0.015 01.1  0.00524   +1.04757   +1.03950     -0.770354 
  55    0   55  6   0  0 0.015 01.1  0.00533   +1.06599   +1.07942     +1.259862 
  56    0   56  6   0  0 0.015 01.1  0.00526   +1.05275   +1.05956     +0.646877 
  57    0   57  6   0  0 0.015 01.1  0.00527   +1.05423   +1.05387     -0.034148 
  58    0    1  2   0  0 0.020 01.0  0.01310   +1.70430   +1.67115     -1.945080 
  59    0    2  2   0  0 0.020 01.0  0.00183   -0.01400   -0.01367     -2.357143 
  60    0    3  2   0  0 0.020 01.0  0.00311   +0.20699   +0.21009     +1.497657 
  61    0    4  2   0  0 0.020 01.0  0.00173   +0.00000   +0.00112     +0.000000 
  62    0    5  2   0  0 0.020 01.0  0.00214   -0.06100   -0.06203     +1.688525 
  63    0    6  2   0  0 0.020 01.0  0.00409   -0.35300   -0.36254     +2.702550 
  64    0    7  2   0  0 0.020 01.0  0.00173   +0.00000   +0.00329     +0.000000 
  65    0    8  2   0  0 0.020 01.0  0.00245   +0.10801   +0.10431     -3.425609 
  66    0    9  2   0  0 0.020 01.0  0.00214   -0.06100   -0.06088     -0.196721 
  67    0   10  2   0  0 0.020 01.0  0.00257   -0.12500   -0.12032     -3.744000 
  68    0   11  2   0  0 0.020 01.0  0.00173   +0.00000   +0.00010     +0.000000 
  69    0   12  2   0  0 0.020 01.0  0.00561   +0.58200   +0.57536     -1.140893 
  70    0   13  2   0  0 0.020 01.0  0.00230   -0.08500   -0.08000     -5.882353 
  71    0   14  2   0  0 0.020 01.0  0.00206   -0.04900   -0.05447    +11.163265 
  72    0   15  2   0  0 0.020 01.0  0.00242   -0.10300   -0.09965     -3.252427 
  73    0   16  2   0  0 0.020 01.0  0.00308   -0.20200   -0.19459     -3.668317 
  74    0   17  2   0  0 0.020 01.0  0.00305   -0.19700   -0.19766     +0.335025 
  75    0   18  2   0  0 0.020 01.0  0.00259   -0.12800   -0.12847     +0.367187 
  76    0   19  2   0  0 0.020 01.0  0.00184   -0.01600   -0.01982    +23.875000 
  77    0   20  2   0  0 0.020 01.0  0.00181   -0.01100   -0.00599    -45.545455 
  78    0   21  2   0  0 0.020 01.0  0.00173   -0.00000   +0.00391     +0.000000 
  79    0   22  2   0  0 0.020 01.0  0.00173   +0.00000   -0.00012     +0.000000 
  80    0   23  2   0  0 0.020 01.0  0.00193   -0.03000   -0.03108     +3.600000 
  81    0   24  2   0  0 0.020 01.0  0.00173   +0.00000   -0.00388     +0.000000 
  82    0   25  2   0  0 0.020 01.0  0.00193   -0.03000   -0.02507    -16.433333 
  83    0   26  2   0  0 0.020 01.0  0.00173   -0.00000   -0.00514     +0.000000 
  84    0   27  2   0  0 0.020 01.0  0.00203   -0.04400   -0.04781     +8.659091 
  85    0   28  2   0  0 0.020 01.0  0.00188   -0.02200   -0.02398     +9.000000 
  86    0   29  2   0  0 0.020 01.0  0.00227   -0.08000   -0.08612     +7.650000 
  87    0   30  2   0  0 0.020 01.0  0.00185   -0.01700   -0.02094    +23.176471 
  88    0   31  2   0  0 0.020 01.0  0.00191   -0.02700   -0.02437     -9.740741 
  89    0   32  2   0  0 0.020 01.0  0.00179   -0.00800   -0.00819     +2.375000 
  90    0   33  2   0  0 0.020 01.0  0.00185   -0.01800   -0.01980    +10.000000 
  91    0   34  2   0  0 0.020 01.0  0.00173   -0.00000   -0.00274     +0.000000 
  92    0   35  2   0  0 0.020 01.0  0.00192   -0.02800   -0.02857     +2.035714 
  93    0   36  2   0  0 0.020 01.0  0.00173   -0.00000   -0.00327     +0.000000 
  94    0   37  2   0  0 0.020 01.0  0.00173   +0.00000   -0.00183     +0.000000 
  95    0   38  2   0  0 0.020 01.0  0.00217   -0.06600   -0.06908     +4.666667 
  96    0   39  2   0  0 0.020 01.0  0.00173   -0.00000   +0.00343     +0.000000 
  97    0   40  2   0  0 0.020 01.0  0.00173   -0.00000   +0.00204     +0.000000 
  98    0   41  2   0  0 0.020 01.0  0.00193   -0.03000   -0.03193     +6.433333 
  99    0   42  2   0  0 0.020 01.0  0.00195   -0.03300   -0.03206     -2.848485 
 100    0   43  2   0  0 0.020 01.0  0.00179   -0.00900   -0.01128    +25.333333 
 101    0   44  2   0  0 0.020 01.0  0.00211   -0.05600   -0.05898     +5.321429 
 102    0   45  2   0  0 0.020 01.0  0.00173   +0.00000   -0.00250     +0.000000 
 103    0   46  2   0  0 0.020 01.0  0.00173   +0.00000   +0.00184     +0.000000 
 104    0   47  2   0  0 0.020 01.0  0.00267   -0.14000   -0.13968     -0.228571 
 105    0   48  2   0  0 0.020 01.0  0.00173   -0.00000   -0.00440     +0.000000 
 106    0   49  2   0  0 0.020 01.0  0.00230   -0.08500   -0.09113     +7.211765 
 107    0   50  2   0  0 0.020 01.0  0.00239   -0.09900   -0.10246     +3.494949 
 108    0   51  2   0  0 0.020 01.0  0.00230   -0.08500   -0.08583     +0.976471 
 109    0   52  2   0  0 0.020 01.0  0.00189   -0.02300   -0.02544    +10.608696 
 110    0   53  2   0  0 0.020 01.0  0.00236   -0.09400   -0.09147     -2.691489 
 111    0   54  2   0  0 0.020 01.0  0.00186   -0.01900   -0.01398    -26.421053 
 112    0   55  2   0  0 0.020 01.0  0.00195   -0.03200   -0.02880    -10.000000 
 113    0   56  2   0  0 0.020 01.0  0.00197   -0.03600   -0.03439     -4.472222 
 114    0   57  2   0  0 0.020 01.0  0.00194   -0.03100   -0.02805     -9.516129 
 115    0    1  5   0  0 0.020 01.0  0.00534   +0.54099   +0.54890     +1.462134 
 116    0    2  5   0  0 0.020 01.0  0.00563   -0.58400   -0.58109     -0.498288 
 117    0    3  5   0  0 0.020 01.0  0.00306   -0.19898   -0.19397     -2.517841 
 118    0    4  5   0  0 0.020 01.0  0.00173   +0.00000   -0.00112     +0.000000 
 119    0    5  5   0  0 0.020 01.0  0.00186   -0.01900   -0.01782     -6.210526 
 120    0    6  5   0  0 0.020 01.0  0.00233   -0.08900   -0.09252     +3.955056 
 121    0    7  5   0  0 0.020 01.0  0.00173   -0.00000   -0.00218     +0.000000 
 122    0    8  5   0  0 0.020 01.0  0.00189   -0.02415   -0.02961    +22.608696 
 123    0    9  5   0  0 0.020 01.0  0.00202   -0.04298   -0.04483     +4.304328 
 124    0   10  5   0  0 0.020 01.0  0.00207   -0.05000   -0.05444     +8.880000 
 125    0   11  5   0  0 0.020 01.0  0.00173   -0.00000   -0.00092     +0.000000 
 126    0   12  5   0  0 0.020 01.0  0.00268   -0.14260   -0.14818     +3.913043 
 127    0   13  5   0  0 0.020 01.0  0.00181   -0.01100   -0.00743    -32.454545 
 128    0   14  5   0  0 0.020 01.0  0.00190   -0.02500   -0.02227    -10.920000 
 129    0   15  5   0  0 0.020 01.0  0.00189   -0.02300   -0.02754    +19.739130 
 130    0   16  5   0  0 0.020 01.0  0.00183   -0.01400   -0.01049    -25.071429 
 131    0   17  5   0  0 0.020 01.0  0.00199   -0.03800   -0.04125     +8.552632 
 132    0   18  5   0  0 0.020 01.0  0.00204   -0.04600   -0.05081    +10.456522 
 133    0   19  5   0  0 0.020 01.0  0.00175   -0.00300   -0.00129    -57.000000 
 134    0   20  5   0  0 0.020 01.0  0.00177   -0.00500   -0.00018    -96.400000 
 135    0   21  5   0  0 0.020 01.0  0.00173   +0.00000   +0.00327     +0.000000 
 136    0   22  5   0  0 0.020 01.0  0.00173   +0.00000   +0.00128     +0.000000 
 137    0   23  5   0  0 0.020 01.0  0.00180   -0.01000   -0.01185    +18.500000 
 138    0   24  5   0  0 0.020 01.0  0.00173   -0.00000   -0.00232     +0.000000 
 139    0   25  5   0  0 0.020 01.0  0.00183   -0.01500   -0.01572     +4.800000 
 140    0   26  5   0  0 0.020 01.0  0.00173   +0.00000   -0.00156     +0.000000 
 141    0   27  5   0  0 0.020 01.0  0.00175   -0.00200   +0.00196   -198.000000 
 142    0   28  5   0  0 0.020 01.0  0.00181   -0.01100   -0.01635    +48.636364 
 143    0   29  5   0  0 0.020 01.0  0.00181   -0.01200   -0.00986    -17.833333 
 144    0   30  5   0  0 0.020 01.0  0.00179   -0.00800   -0.00974    +21.750000 
 145    0   31  5   0  0 0.020 01.0  0.00183   -0.01400   -0.01614    +15.285714 
 146    0   32  5   0  0 0.020 01.0  0.00176   -0.00400   -0.00244    -39.000000 
 147    0   33  5   0  0 0.020 01.0  0.00179   -0.00900   -0.00447    -50.333333 
 148    0   34  5   0  0 0.020 01.0  0.00173   -0.00000   +0.00409     +0.000000 
 149    0   35  5   0  0 0.020 01.0  0.00183   -0.01400   -0.00855    -38.928571 
 150    0   36  5   0  0 0.020 01.0  0.00173   +0.00000   -0.00444     +0.000000 
 151    0   37  5   0  0 0.020 01.0  0.00173   +0.00000   -0.00385     +0.000000 
 152    0   38  5   0  0 0.020 01.0  0.00195   -0.03300   -0.02736    -17.090909 
 153    0   39  5   0  0 0.020 01.0  0.00173   -0.00000   -0.00426     +0.000000 
 154    0   40  5   0  0 0.020 01.0  0.00173   +0.00000   +0.00194     +0.000000 
 155    0   41  5   0  0 0.020 01.0  0.00183   -0.01400   -0.00930    -33.571429 
 156    0   42  5   0  0 0.020 01.0  0.00187   -0.02100   -0.02503    +19.190476 
 157    0   43  5   0  0 0.020 01.0  0.00177   -0.00500   -0.00093    -81.400000 
 158    0   44  5   0  0 0.020 01.0  0.00179   -0.00800   -0.01315    +64.375000 
 159    0   45  5   0  0 0.020 01.0  0.00173   +0.00000   -0.00164     +0.000000 
 160    0   46  5   0  0 0.020 01.0  0.00173   +0.00000   -0.00272     +0.000000 
 161    0   47  5   0  0 0.020 01.0  0.00210   -0.05500   -0.04889    -11.109091 
 162    0   48  5   0  0 0.020 01.0  0.00173   -0.00000   +0.00360     +0.000000 
 163    0   49  5   0  0 0.020 01.0  0.00200   -0.04000   -0.03647     -8.825000 
 164    0   50  5   0  0 0.020 01.0  0.00206   -0.04900   -0.04405    -10.102041 
 165    0   51  5   0  0 0.020 01.0  0.00190   -0.02500   -0.02181    -12.760000 
 166    0   52  5   0  0 0.020 01.0  0.00180   -0.01000   -0.00637    -36.300000 
 167    0   53  5   0  0 0.020 01.0  0.00205   -0.04700   -0.04920     +4.680851 
 168    0   54  5   0  0 0.020 01.0  0.00178   -0.00700   -0.00441    -37.000000 
 169    0   55  5   0  0 0.020 01.0  0.00184   -0.01600   -0.01418    -11.375000 
 170    0   56  5   0  0 0.020 01.0  0.00180   -0.01000   -0.01228    +22.800000 
 171    0   57  5   0  0 0.020 01.0  0.00179   -0.00900   -0.01075    +19.444444 
 172    1    2  1   0  0 0.020 01.0  0.00489   +0.47411   +0.48611     +2.531058 
 173    2    3  1   0  0 0.020 01.0  0.00478   +0.45683   +0.44341     -2.937635 
 174    3    4  1   0  0 0.020 01.0  0.00538   +0.54655   +0.55289     +1.160004 
 175    4    5  1   0  0 0.020 01.0  0.00291   +0.17600   +0.17092     -2.886364 
 176    4    6  1   0  0 0.020 01.0  0.00320   +0.21963   +0.22585     +2.832036 
 177    6    7  1   0  0 0.020 01.0  0.00192   +0.02839   +0.02514    -11.447693 
 178    6    8  1   0  0 0.020 01.0  0.00207   -0.05109   -0.05607     +9.747504 
 179    8    9  1   0  0 0.020 01.0  0.00246   -0.10867   -0.10691     -1.619582 
 180    9   10  1   0  0 0.020 01.0  0.00184   -0.01648   -0.02086    +26.577670 
 181    9   11  1   0  0 0.020 01.0  0.00209   -0.05394   -0.05018     -6.970708 
 182    9   12  1   0  0 0.020 01.0  0.00256   -0.12452   -0.11832     -4.979120 
 183    9   13  1   0  0 0.020 01.0  0.00239   -0.09904   -0.10173     +2.716074 
 184   13   14  1   0  0 0.020 01.0  0.00179   +0.00879   +0.00644    -26.734926 
 185   13   15  1   0  0 0.020 01.0  0.00299   -0.18843   -0.19728     +4.696704 
 186    1   15  1   0  0 0.020 01.0  0.00613   +0.65996   +0.65981     -0.022729 
 187    1   16  1   0  0 0.020 01.0  0.00341   +0.25211   +0.26211     +3.966523 
 188    1   17  1   0  0 0.020 01.0  0.00385   +0.31813   +0.32363     +1.728853 
 189    3   15  1   0  0 0.020 01.0  0.00248   +0.11130   +0.10849     -2.524708 
 190    4   18  1   0  0 0.020 01.0  0.00216   +0.06473   +0.06604     +2.023791 
 191    4   18  1   0  0 0.020 01.0  0.00229   +0.08287   +0.08673     +4.657898 
 192    5    6  1   0  0 0.020 01.0  0.00249   +0.11310   +0.10730     -5.128205 
 193    7    8  1   0  0 0.020 01.0  0.00283   -0.16511   -0.16376     -0.817637 
 194   10   12  1   0  0 0.020 01.0  0.00353   -0.26900   -0.26116     -2.914498 
 195   11   13  1   0  0 0.020 01.0  0.00274   -0.15144   -0.14832     -2.060222 
 196   12   13  1   0  0 0.020 01.0  0.00407   +0.35096   +0.34468     -1.789378 
 197   12   16  1   0  0 0.020 01.0  0.00205   -0.04724   -0.04917     +4.085521 
 198   12   17  1   0  0 0.020 01.0  0.00252   -0.11822   -0.11754     -0.575199 
 199   14   15  1   0  0 0.020 01.0  0.00377   -0.30599   -0.31578     +3.199451 
 200   18   19  1   0  0 0.020 01.0  0.00186   +0.01960   +0.01860     -5.102041 
 201   19   20  1   0  0 0.020 01.0  0.00176   +0.00340   +0.00063    -81.470588 
 202   21   20  1   0  0 0.020 01.0  0.00178   +0.00762   +0.00750     -1.574803 
 203   21   22  1   0  0 0.020 01.0  0.00178   -0.00762   -0.00434    -43.044619 
 204   22   23  1   0  0 0.020 01.0  0.00234   +0.09042   +0.08871     -1.891175 
 205   23   24  1   0  0 0.020 01.0  0.00214   +0.06035   +0.06058     +0.381110 
 206   24   25  1   0  0 0.020 01.0  0.00194   +0.03080   +0.02609    -15.292208 
 207   24   25  1   0  0 0.020 01.0  0.00193   +0.02960   +0.03434    +16.013514 
 208   24   26  1   0  0 0.020 01.0  0.00174   -0.00071   -0.00376   +429.577465 
 209   26   27  1   0  0 0.020 01.0  0.00174   -0.00071   -0.00194   +173.239437 
 210   27   28  1   0  0 0.020 01.0  0.00203   -0.04471   -0.04276     -4.361440 
 211   28   29  1   0  0 0.020 01.0  0.00218   -0.06683   -0.06345     -5.057609 
 212    7   29  1   0  0 0.020 01.0  0.00302   +0.19347   +0.18754     -3.065075 
 213   25   30  1   0  0 0.020 01.0  0.00194   +0.03041   +0.03061     +0.657678 
 214   30   31  1   0  0 0.020 01.0  0.00182   +0.01322   +0.01863    +40.922844 
 215   31   32  1   0  0 0.020 01.0  0.00183   -0.01393   -0.01166    -16.295765 
 216   32   33  1   0  0 0.020 01.0  0.00185   +0.01801   +0.01335    -25.874514 
 217   34   32  1   0  0 0.020 01.0  0.00200   +0.04004   +0.03456    -13.686314 
 218   34   35  1   0  0 0.020 01.0  0.00200   -0.04004   -0.04015     +0.274725 
 219   35   36  1   0  0 0.020 01.0  0.00219   -0.06812   -0.06882     +1.027598 
 220   36   37  1   0  0 0.020 01.0  0.00233   -0.08894   -0.08913     +0.213627 
 221   37   38  1   0  0 0.020 01.0  0.00247   -0.11110   -0.11606     +4.464446 
 222   37   39  1   0  0 0.020 01.0  0.00188   +0.02185   +0.02028     -7.185355 
 223   36   40  1   0  0 0.020 01.0  0.00187   +0.02062   +0.02490    +20.756547 
 224   22   38  1   0  0 0.020 01.0  0.00239   -0.09804   -0.09454     -3.569971 
 225   11   41  1   0  0 0.020 01.0  0.00199   +0.03915   +0.03816     -2.528736 
 226   41   42  1   0  0 0.020 01.0  0.00199   +0.03900   +0.04387    +12.487179 
 227   41   43  1   0  0 0.020 01.0  0.00206   -0.04927   -0.05429    +10.188756 
 228   38   44  1   0  0 0.020 01.0  0.00243   -0.10470   -0.10935     +4.441261 
 229   15   45  1   0  0 0.020 01.0  0.00282   +0.16306   +0.17062     +4.636330 
 230   14   46  1   0  0 0.020 01.0  0.00350   +0.26576   +0.25737     -3.156984 
 231   46   47  1   0  0 0.020 01.0  0.00350   +0.26576   +0.26341     -0.884256 
 232   47   48  1   0  0 0.020 01.0  0.00256   +0.12397   +0.12073     -2.613536 
 233   48   49  1   0  0 0.020 01.0  0.00178   -0.00780   -0.01237    +58.589744 
 234   49   50  1   0  0 0.020 01.0  0.00212   +0.05726   +0.05338     -6.776109 
 235   50   51  1   0  0 0.020 01.0  0.00201   -0.04226   -0.04326     +2.366304 
 236   10   51  1   0  0 0.020 01.0  0.00258   +0.12750   +0.12430     -2.509804 
 237   13   49  1   0  0 0.020 01.0  0.00301   +0.19189   +0.19555     +1.907343 
 238   29   52  1   0  0 0.020 01.0  0.00204   +0.04646   +0.04327     -6.866121 
 239   52   53  1   0  0 0.020 01.0  0.00189   +0.02313   +0.02834    +22.524859 
 240   53   54  1   0  0 0.020 01.0  0.00221   -0.07096   -0.07353     +3.621759 
 241   54   55  1   0  0 0.020 01.0  0.00234   -0.09085   -0.09570     +5.338470 
 242   11   43  1   0  0 0.020 01.0  0.00212   +0.05827   +0.05898     +1.218466 
 243   44   45  1   0  0 0.020 01.0  0.00281   -0.16120   -0.15631     -3.033499 
 244   40   56  1   0  0 0.020 01.0  0.00187   +0.02056   +0.01993     -3.064202 
 245   56   41  1   0  0 0.020 01.0  0.00186   -0.01905   -0.01351    -29.081365 
 246   56   42  1   0  0 0.020 01.0  0.00177   -0.00559   -0.00627    +12.164580 
 247   39   57  1   0  0 0.020 01.0  0.00188   +0.02183   +0.01963    -10.077874 
 248   57   56  1   0  0 0.020 01.0  0.00179   -0.00917   -0.01190    +29.770992 
 249   38   49  1   0  0 0.020 01.0  0.00201   -0.04127   -0.03572    -13.448025 
 250   38   48  1   0  0 0.020 01.0  0.00260   -0.13048   -0.13481     +3.318516 
 251    9   55  1   0  0 0.020 01.0  0.00256   +0.12419   +0.12259     -1.288348 
 252    1    2  4   0  0 0.020 01.0  0.00427   +0.38089   +0.37383     -1.853554 
 253    2    3  4   0  0 0.020 01.0  0.00225   -0.07677   -0.07987     +4.038036 
 254    3    4  4   0  0 0.020 01.0  0.00243   -0.10512   -0.10631     +1.132040 
 255    4    5  4   0  0 0.020 01.0  0.00191   -0.02622   -0.02052    -21.739130 
 256    4    6  4   0  0 0.020 01.0  0.00175   -0.00172   +0.00258   -250.000000 
 257    6    7  4   0  0 0.020 01.0  0.00196   -0.03439   -0.03380     -1.715615 
 258    6    8  4   0  0 0.020 01.0  0.00200   -0.03957   -0.03842     -2.906242 
 259    8    9  4   0  0 0.020 01.0  0.00186   -0.01820   -0.02289    +25.769231 
 260    9   10  4   0  0 0.020 01.0  0.00184   -0.01604   -0.01519     -5.299252 
 261    9   11  4   0  0 0.020 01.0  0.00179   +0.00802   +0.01229    +53.241895 
 262    9   12  4   0  0 0.020 01.0  0.00201   -0.04147   -0.04191     +1.061008 
 263    9   13  4   0  0 0.020 01.0  0.00179   +0.00849   +0.00739    -12.956419 
 264   13   14  4   0  0 0.020 01.0  0.00197   +0.03521   +0.03054    -13.263277 
 265   13   15  4   0  0 0.020 01.0  0.00223   -0.07487   -0.07283     -2.724723 
 266    1   15  4   0  0 0.020 01.0  0.00242   +0.10269   +0.10982     +6.943227 
 267    1   16  4   0  0 0.020 01.0  0.00185   +0.01814   +0.02012    +10.915105 
 268    1   17  4   0  0 0.020 01.0  0.00199   +0.03927   +0.03842     -2.164502 
 269    3   15  4   0  0 0.020 01.0  0.00242   -0.10265   -0.10041     -2.182172 
 270    4   18  4   0  0 0.020 01.0  0.00182   -0.01252   -0.01155     -7.747604 
 271    4   18  4   0  0 0.020 01.0  0.00198   -0.03655   -0.03364     -7.961696 
 272    5    6  4   0  0 0.020 01.0  0.00189   -0.02306   -0.02146     -6.938422 
 273    7    8  4   0  0 0.020 01.0  0.00186   -0.01884   -0.01880     -0.212314 
 274   10   12  4   0  0 0.020 01.0  0.00194   -0.03136   -0.02625    -16.294643 
 275   11   13  4   0  0 0.020 01.0  0.00194   +0.03032   +0.03154     +4.023747 
 276   12   13  4   0  0 0.020 01.0  0.00189   +0.02306   +0.02463     +6.808326 
 277   12   16  4   0  0 0.020 01.0  0.00221   -0.07148   -0.06880     -3.749301 
 278   12   17  4   0  0 0.020 01.0  0.00219   -0.06832   -0.06358     -6.937939 
 279   14   15  4   0  0 0.020 01.0  0.00266   -0.13901   -0.14093     +1.381196 
 280   18   19  4   0  0 0.020 01.0  0.00180   +0.00970   +0.01199    +23.608247 
 281   19   20  4   0  0 0.020 01.0  0.00178   +0.00640   +0.00665     +3.906250 
 282   21   20  4   0  0 0.020 01.0  0.00174   -0.00134   -0.00276   +105.970149 
 283   21   22  4   0  0 0.020 01.0  0.00174   +0.00134   +0.00065    -51.492537 
 284   22   23  4   0  0 0.020 01.0  0.00190   -0.02481   -0.02267     -8.625554 
 285   23   24  4   0  0 0.020 01.0  0.00197   -0.03492   -0.03814     +9.221077 
 286   24   25  4   0  0 0.020 01.0  0.00182   -0.01289   -0.00766    -40.574088 
 287   24   25  4   0  0 0.020 01.0  0.00182   -0.01239   -0.00720    -41.888620 
 288   24   26  4   0  0 0.020 01.0  0.00174   -0.00096   -0.00316   +229.166667 
 289   26   27  4   0  0 0.020 01.0  0.00174   -0.00096   -0.00265   +176.041667 
 290   27   28  4   0  0 0.020 01.0  0.00175   -0.00296   +0.00226   -176.351351 
 291   28   29  4   0  0 0.020 01.0  0.00183   -0.01414   -0.01098    -22.347949 
 292    7   29  4   0  0 0.020 01.0  0.00181   +0.01199   +0.01520    +26.772310 
 293   25   30  4   0  0 0.020 01.0  0.00192   +0.02727   +0.02879     +5.573891 
 294   30   31  4   0  0 0.020 01.0  0.00186   +0.01898   +0.02246    +18.335090 
 295   31   32  4   0  0 0.020 01.0  0.00177   +0.00475   +0.00420    -11.578947 
 296   32   33  4   0  0 0.020 01.0  0.00179   +0.00901   +0.01257    +39.511654 
 297   34   32  4   0  0 0.020 01.0  0.00180   +0.00980   +0.00577    -41.122449 
 298   34   35  4   0  0 0.020 01.0  0.00180   -0.00980   -0.00966     -1.428571 
 299   35   36  4   0  0 0.020 01.0  0.00187   -0.02038   -0.01796    -11.874387 
 300   36   37  4   0  0 0.020 01.0  0.00215   -0.06317   -0.06643     +5.160678 
 301   37   38  4   0  0 0.020 01.0  0.00231   -0.08591   -0.08547     -0.512164 
 302   37   39  4   0  0 0.020 01.0  0.00188   +0.02235   +0.02102     -5.950783 
 303   36   40  4   0  0 0.020 01.0  0.00203   +0.04433   +0.04800     +8.278818 
 304   22   38  4   0  0 0.020 01.0  0.00191   +0.02614   +0.02809     +7.459832 
 305   11   41  4   0  0 0.020 01.0  0.00174   +0.00082   +0.00585   +613.414634 
 306   41   42  4   0  0 0.020 01.0  0.00175   -0.00242   +0.00216   -189.256198 
 307   41   43  4   0  0 0.020 01.0  0.00178   +0.00774   +0.00856    +10.594315 
 308   38   44  4   0  0 0.020 01.0  0.00237   +0.09561   +0.08964     -6.244117 
 309   15   45  4   0  0 0.020 01.0  0.00231   -0.08668   -0.08787     +1.372866 
 310   14   46  4   0  0 0.020 01.0  0.00280   +0.16026   +0.15489     -3.350805 
 311   46   47  4   0  0 0.020 01.0  0.00276   +0.15457   +0.16279     +5.317979 
 312   47   48  4   0  0 0.020 01.0  0.00239   +0.09813   +0.09842     +0.295526 
 313   48   49  4   0  0 0.020 01.0  0.00195   -0.03315   -0.02864    -13.604827 
 314   49   50  4   0  0 0.020 01.0  0.00218   +0.06647   +0.06841     +2.918610 
 315   50   51  4   0  0 0.020 01.0  0.00184   +0.01664   +0.01627     -2.223558 
 316   10   51  4   0  0 0.020 01.0  0.00180   +0.00975   +0.00538    -44.820513 
 317   13   49  4   0  0 0.020 01.0  0.00308   +0.20173   +0.21037     +4.282952 
 318   29   52  4   0  0 0.020 01.0  0.00185   -0.01668   -0.01535     -7.973621 
 319   52   53  4   0  0 0.020 01.0  0.00191   -0.02710   -0.03106    +14.612546 
 320   53   54  4   0  0 0.020 01.0  0.00178   -0.00700   -0.00808    +15.428571 
 321   54   55  4   0  0 0.020 01.0  0.00183   -0.01510   -0.01089    -27.880795 
 322   11   43  4   0  0 0.020 01.0  0.00174   -0.00135   -0.00094    -30.370370 
 323   44   45  4   0  0 0.020 01.0  0.00233   +0.08890   +0.08951     +0.686164 
 324   40   56  4   0  0 0.020 01.0  0.00203   +0.04423   +0.04353     -1.582636 
 325   56   41  4   0  0 0.020 01.0  0.00187   +0.01992   +0.01638    -17.771084 
 326   56   42  4   0  0 0.020 01.0  0.00189   +0.02410   +0.02125    -11.825726 
 327   39   57  4   0  0 0.020 01.0  0.00188   +0.02232   +0.01989    -10.887097 
 328   57   56  4   0  0 0.020 01.0  0.00181   +0.01219   +0.01251     +2.625103 
 329   38   49  4   0  0 0.020 01.0  0.00213   -0.05872   -0.05796     -1.294278 
 330   38   48  4   0  0 0.020 01.0  0.00260   -0.12939   -0.13071     +1.020172 
 331    9   55  4   0  0 0.020 01.0  0.00196   +0.03460   +0.03938    +13.815029 
 332    2    1  1   0  0 0.020 01.0  0.00487   -0.47083   -0.47652     +1.208504 
 333    3    2  1   0  0 0.020 01.0  0.00474   -0.45086   -0.44661     -0.942643 
 334    4    3  1   0  0 0.020 01.0  0.00536   -0.54322   -0.55001     +1.249954 
 335    5    4  1   0  0 0.020 01.0  0.00289   -0.17410   -0.17834     +2.435382 
 336    6    4  1   0  0 0.020 01.0  0.00318   -0.21759   -0.22030     +1.245462 
 337    7    6  1   0  0 0.020 01.0  0.00192   -0.02836   -0.02483    -12.447109 
 338    8    6  1   0  0 0.020 01.0  0.00208   +0.05119   +0.05167     +0.937683 
 339    9    8  1   0  0 0.020 01.0  0.00246   +0.10879   +0.11011     +1.213347 
 340   10    9  1   0  0 0.020 01.0  0.00184   +0.01649   +0.01352    -18.010916 
 341   11    9  1   0  0 0.020 01.0  0.00209   +0.05402   +0.04902     -9.255831 
 342   12    9  1   0  0 0.020 01.0  0.00257   +0.12552   +0.12775     +1.776609 
 343   13    9  1   0  0 0.020 01.0  0.00240   +0.09954   +0.10645     +6.941933 
 344   14   13  1   0  0 0.020 01.0  0.00179   -0.00877   -0.01305    +48.802737 
 345   15   13  1   0  0 0.020 01.0  0.00300   +0.18948   +0.18387     -2.960735 
 346   15    1  1   0  0 0.020 01.0  0.00608   -0.65239   -0.67029     +2.743758 
 347   16    1  1   0  0 0.020 01.0  0.00340   -0.24934   -0.24245     -2.763295 
 348   17    1  1   0  0 0.020 01.0  0.00384   -0.31584   -0.31627     +0.136145 
 349   15    3  1   0  0 0.020 01.0  0.00247   -0.11102   -0.11149     +0.423347 
 350   18    4  1   0  0 0.020 01.0  0.00216   -0.06473   -0.05942     -8.203306 
 351   18    4  1   0  0 0.020 01.0  0.00229   -0.08287   -0.08400     +1.363582 
 352    6    5  1   0  0 0.020 01.0  0.00248   -0.11270   -0.11205     -0.576752 
 353    8    7  1   0  0 0.020 01.0  0.00284   +0.16549   +0.16887     +2.042419 
 354   12   10  1   0  0 0.020 01.0  0.00354   +0.27099   +0.26205     -3.299015 
 355   13   11  1   0  0 0.020 01.0  0.00275   +0.15198   +0.15214     +0.105277 
 356   13   12  1   0  0 0.020 01.0  0.00406   -0.34878   -0.34910     +0.091748 
 357   16   12  1   0  0 0.020 01.0  0.00205   +0.04734   +0.05172     +9.252218 
 358   17   12  1   0  0 0.020 01.0  0.00253   +0.11884   +0.12057     +1.455739 
 359   15   14  1   0  0 0.020 01.0  0.00379   +0.30787   +0.29918     -2.822620 
 360   19   18  1   0  0 0.020 01.0  0.00186   -0.01940   -0.01820     -6.185567 
 361   20   19  1   0  0 0.020 01.0  0.00176   -0.00338   -0.00692   +104.733728 
 362   20   21  1   0  0 0.020 01.0  0.00178   -0.00762   -0.00870    +14.173228 
 363   22   21  1   0  0 0.020 01.0  0.00178   +0.00762   +0.00797     +4.593176 
 364   23   22  1   0  0 0.020 01.0  0.00234   -0.09035   -0.08509     -5.821804 
 365   24   23  1   0  0 0.020 01.0  0.00213   -0.05970   -0.05766     -3.417085 
 366   25   24  1   0  0 0.020 01.0  0.00194   -0.03080   -0.02746    -10.844156 
 367   25   24  1   0  0 0.020 01.0  0.00193   -0.02960   -0.03393    +14.628378 
 368   26   24  1   0  0 0.020 01.0  0.00174   +0.00071   +0.00097    +36.619718 
 369   27   26  1   0  0 0.020 01.0  0.00174   +0.00071   +0.00488   +587.323944 
 370   28   27  1   0  0 0.020 01.0  0.00203   +0.04483   +0.04006    -10.640196 
 371   29   28  1   0  0 0.020 01.0  0.00218   +0.06701   +0.06877     +2.626474 
 372   29    7  1   0  0 0.020 01.0  0.00302   -0.19347   -0.20107     +3.928258 
 373   30   25  1   0  0 0.020 01.0  0.00194   -0.03022   -0.03125     +3.408339 
 374   31   30  1   0  0 0.020 01.0  0.00182   -0.01307   -0.01074    -17.827085 
 375   32   31  1   0  0 0.020 01.0  0.00183   +0.01403   +0.00965    -31.218817 
 376   33   32  1   0  0 0.020 01.0  0.00185   -0.01800   -0.01455    -19.166667 
 377   32   34  1   0  0 0.020 01.0  0.00200   -0.04004   -0.03839     -4.120879 
 378   35   34  1   0  0 0.020 01.0  0.00200   +0.04012   +0.04490    +11.914257 
 379   36   35  1   0  0 0.020 01.0  0.00219   +0.06832   +0.06992     +2.341920 
 380   37   36  1   0  0 0.020 01.0  0.00233   +0.08925   +0.08806     -1.333333 
 381   38   37  1   0  0 0.020 01.0  0.00248   +0.11223   +0.11443     +1.960260 
 382   39   37  1   0  0 0.020 01.0  0.00188   -0.02183   -0.02195     +0.549702 
 383   40   36  1   0  0 0.020 01.0  0.00187   -0.02056   -0.02512    +22.178988 
 384   38   22  1   0  0 0.020 01.0  0.00239   +0.09822   +0.10018     +1.995520 
 385   41   11  1   0  0 0.020 01.0  0.00199   -0.03915   -0.03376    -13.767561 
 386   42   41  1   0  0 0.020 01.0  0.00199   -0.03871   -0.03899     +0.723327 
 387   43   41  1   0  0 0.020 01.0  0.00206   +0.04927   +0.05054     +2.577633 
 388   44   38  1   0  0 0.020 01.0  0.00244   +0.10520   +0.10654     +1.273764 
 389   45   15  1   0  0 0.020 01.0  0.00282   -0.16306   -0.16771     +2.851711 
 390   46   14  1   0  0 0.020 01.0  0.00350   -0.26576   -0.26222     -1.332029 
 391   47   46  1   0  0 0.020 01.0  0.00349   -0.26397   -0.27117     +2.727583 
 392   48   47  1   0  0 0.020 01.0  0.00256   -0.12359   -0.11938     -3.406424 
 393   49   48  1   0  0 0.020 01.0  0.00179   +0.00787   +0.00480    -39.008895 
 394   50   49  1   0  0 0.020 01.0  0.00211   -0.05674   -0.06093     +7.384561 
 395   51   50  1   0  0 0.020 01.0  0.00202   +0.04250   +0.04524     +6.447059 
 396   51   10  1   0  0 0.020 01.0  0.00258   -0.12750   -0.13128     +2.964706 
 397   49   13  1   0  0 0.020 01.0  0.00301   -0.19189   -0.19799     +3.178905 
 398   52   29  1   0  0 0.020 01.0  0.00204   -0.04613   -0.04459     -3.338392 
 399   53   52  1   0  0 0.020 01.0  0.00189   -0.02304   -0.02586    +12.239583 
 400   54   53  1   0  0 0.020 01.0  0.00221   +0.07185   +0.06871     -4.370216 
 401   55   54  1   0  0 0.020 01.0  0.00235   +0.09219   +0.09704     +5.260874 
 402   43   11  1   0  0 0.020 01.0  0.00212   -0.05827   -0.05958     +2.248155 
 403   45   44  1   0  0 0.020 01.0  0.00282   +0.16306   +0.15637     -4.102784 
 404   56   40  1   0  0 0.020 01.0  0.00187   -0.02056   -0.02400    +16.731518 
 405   41   56  1   0  0 0.020 01.0  0.00186   +0.01943   +0.01790     -7.874421 
 406   42   56  1   0  0 0.020 01.0  0.00177   +0.00571   +0.00969    +69.702277 
 407   57   39  1   0  0 0.020 01.0  0.00188   -0.02183   -0.02071     -5.130554 
 408   56   57  1   0  0 0.020 01.0  0.00179   +0.00920   +0.00660    -28.260870 
 409   49   38  1   0  0 0.020 01.0  0.00201   +0.04176   +0.04005     -4.094828 
 410   48   38  1   0  0 0.020 01.0  0.00261   +0.13139   +0.13746     +4.619834 
 411   55    9  1   0  0 0.020 01.0  0.00256   -0.12419   -0.11804     -4.952090 
 412    2    1  4   0  0 0.020 01.0  0.00511   -0.50723   -0.50882     +0.313467 
 413    3    2  4   0  0 0.020 01.0  0.00179   +0.00880   +0.00631    -28.295455 
 414    4    3  4   0  0 0.020 01.0  0.00225   +0.07701   +0.07774     +0.947929 
 415    5    4  4   0  0 0.020 01.0  0.00176   +0.00406   +0.00067    -83.497537 
 416    6    4  4   0  0 0.020 01.0  0.00191   -0.02649   -0.02237    -15.553039 
 417    7    6  4   0  0 0.020 01.0  0.00178   +0.00685   +0.00399    -41.751825 
 418    8    6  4   0  0 0.020 01.0  0.00178   -0.00719   -0.01074    +49.374131 
 419    9    8  4   0  0 0.020 01.0  0.00198   -0.03658   -0.04220    +15.363587 
 420   10    9  4   0  0 0.020 01.0  0.00192   -0.02839   -0.03044     +7.220852 
 421   11    9  4   0  0 0.020 01.0  0.00193   -0.02979   -0.02915     -2.148372 
 422   12    9  4   0  0 0.020 01.0  0.00195   -0.03281   -0.02901    -11.581835 
 423   13    9  4   0  0 0.020 01.0  0.00205   -0.04789   -0.04414     -7.830445 
 424   14   13  4   0  0 0.020 01.0  0.00204   -0.04625   -0.05207    +12.583784 
 425   15   13  4   0  0 0.020 01.0  0.00210   +0.05474   +0.05312     -2.959445 
 426   15    1  4   0  0 0.020 01.0  0.00286   -0.16847   -0.16861     +0.083101 
 427   16    1  4   0  0 0.020 01.0  0.00216   -0.06357   -0.06401     +0.692150 
 428   17    1  4   0  0 0.020 01.0  0.00213   -0.05943   -0.06529     +9.860340 
 429   15    3  4   0  0 0.020 01.0  0.00205   +0.04748   +0.04892     +3.032856 
 430   18    4  4   0  0 0.020 01.0  0.00183   +0.01474   +0.01560     +5.834464 
 431   18    4  4   0  0 0.020 01.0  0.00200   +0.03985   +0.03743     -6.072773 
 432    6    5  4   0  0 0.020 01.0  0.00181   +0.01145   +0.01075     -6.113537 
 433    8    7  4   0  0 0.020 01.0  0.00174   +0.00124   -0.00255   -305.645161 
 434   12   10  4   0  0 0.020 01.0  0.00178   +0.00696   +0.00482    -30.747126 
 435   13   11  4   0  0 0.020 01.0  0.00205   -0.04755   -0.04434     -6.750789 
 436   13   12  4   0  0 0.020 01.0  0.00225   -0.07763   -0.08391     +8.089656 
 437   16   12  4   0  0 0.020 01.0  0.00206   +0.04957   +0.04671     -5.769619 
 438   17   12  4   0  0 0.020 01.0  0.00188   +0.02143   +0.02702    +26.084928 
 439   15   14  4   0  0 0.020 01.0  0.00260   +0.12993   +0.12910     -0.638806 
 440   19   18  4   0  0 0.020 01.0  0.00180   -0.00940   -0.01314    +39.787234 
 441   20   19  4   0  0 0.020 01.0  0.00178   -0.00638   -0.00227    -64.420063 
 442   20   21  4   0  0 0.020 01.0  0.00174   +0.00138   -0.00352   -355.072464 
 443   22   21  4   0  0 0.020 01.0  0.00174   -0.00133   -0.00534   +301.503759 
 444   23   22  4   0  0 0.020 01.0  0.00190   +0.02492   +0.02208    -11.396469 
 445   24   23  4   0  0 0.020 01.0  0.00191   +0.02624   +0.02921    +11.318598 
 446   25   24  4   0  0 0.020 01.0  0.00183   +0.01404   +0.01840    +31.054131 
 447   25   24  4   0  0 0.020 01.0  0.00182   +0.01349   +0.01046    -22.461082 
 448   26   24  4   0  0 0.020 01.0  0.00174   +0.00096   +0.00277   +188.541667 
 449   27   26  4   0  0 0.020 01.0  0.00174   +0.00096   +0.00429   +346.875000 
 450   28   27  4   0  0 0.020 01.0  0.00175   +0.00314   +0.00787   +150.636943 
 451   29   28  4   0  0 0.020 01.0  0.00183   +0.01440   +0.01851    +28.541667 
 452   29    7  4   0  0 0.020 01.0  0.00180   -0.00972   -0.01087    +11.831276 
 453   30   25  4   0  0 0.020 01.0  0.00191   -0.02698   -0.02196    -18.606375 
 454   31   30  4   0  0 0.020 01.0  0.00186   -0.01875   -0.01946     +3.786667 
 455   32   31  4   0  0 0.020 01.0  0.00176   -0.00461   -0.00818    +77.440347 
 456   33   32  4   0  0 0.020 01.0  0.00179   -0.00900   -0.01105    +22.777778 
 457   32   34  4   0  0 0.020 01.0  0.00179   -0.00840   -0.00646    -23.095238 
 458   35   34  4   0  0 0.020 01.0  0.00178   +0.00638   +0.01100    +72.413793 
 459   36   35  4   0  0 0.020 01.0  0.00186   +0.01884   +0.02383    +26.486200 
 460   37   36  4   0  0 0.020 01.0  0.00216   +0.06356   +0.06484     +2.013845 
 461   38   37  4   0  0 0.020 01.0  0.00230   +0.08538   +0.09158     +7.261654 
 462   39   37  4   0  0 0.020 01.0  0.00188   -0.02232   -0.02340     +4.838710 
 463   40   36  4   0  0 0.020 01.0  0.00203   -0.04423   -0.04982    +12.638481 
 464   38   22  4   0  0 0.020 01.0  0.00191   -0.02587   -0.02823     +9.122536 
 465   41   11  4   0  0 0.020 01.0  0.00173   +0.00022   -0.00465  -2213.636364 
 466   42   41  4   0  0 0.020 01.0  0.00175   +0.00291   +0.00674   +131.615120 
 467   43   41  4   0  0 0.020 01.0  0.00178   -0.00682   -0.00754    +10.557185 
 468   44   38  4   0  0 0.020 01.0  0.00238   -0.09690   -0.10271     +5.995872 
 469   45   15  4   0  0 0.020 01.0  0.00233   +0.08981   +0.08475     -5.634116 
 470   46   14  4   0  0 0.020 01.0  0.00276   -0.15457   -0.15885     +2.768972 
 471   47   46  4   0  0 0.020 01.0  0.00275   -0.15313   -0.15771     +2.990923 
 472   48   47  4   0  0 0.020 01.0  0.00238   -0.09764   -0.09238     -5.387136 
 473   49   48  4   0  0 0.020 01.0  0.00192   +0.02758   +0.03062    +11.022480 
 474   50   49  4   0  0 0.020 01.0  0.00217   -0.06564   -0.06766     +3.077392 
 475   51   50  4   0  0 0.020 01.0  0.00184   -0.01625   -0.01752     +7.815385 
 476   51   10  4   0  0 0.020 01.0  0.00179   -0.00875   -0.00773    -11.657143 
 477   49   13  4   0  0 0.020 01.0  0.00300   -0.19001   -0.18938     -0.331561 
 478   52   29  4   0  0 0.020 01.0  0.00185   +0.01710   +0.01526    -10.760234 
 479   53   52  4   0  0 0.020 01.0  0.00192   +0.02722   +0.03130    +14.988979 
 480   54   53  4   0  0 0.020 01.0  0.00179   +0.00810   +0.00559    -30.987654 
 481   55   54  4   0  0 0.020 01.0  0.00185   +0.01685   +0.02166    +28.545994 
 482   43   11  4   0  0 0.020 01.0  0.00175   +0.00182   +0.00066    -63.736264 
 483   45   44  4   0  0 0.020 01.0  0.00233   -0.08981   -0.08725     -2.850462 
 484   56   40  4   0  0 0.020 01.0  0.00201   -0.04188   -0.04460     +6.494747 
 485   41   56  4   0  0 0.020 01.0  0.00186   -0.01954   -0.02482    +27.021494 
 486   42   56  4   0  0 0.020 01.0  0.00189   -0.02391   -0.01890    -20.953576 
 487   57   39  4   0  0 0.020 01.0  0.00187   -0.02119   -0.02081     -1.793299 
 488   56   57  4   0  0 0.020 01.0  0.00181   -0.01214   -0.01027    -15.403624 
 489   49   38  4   0  0 0.020 01.0  0.00211   +0.05596   +0.05732     +2.430307 
 490   48   38  4   0  0 0.020 01.0  0.00261   +0.13080   +0.13472     +2.996942 
 491   55    9  4   0  0 0.020 01.0  0.00195   -0.03285   -0.02721    -17.168950 
----------------------------------------------------------------------------------
Número de medidores SCADA:     491
Número de PMUs:                0
Número de medidas das PMUs:    0
----------------------------------------------------------------------------------

Não há medidas de ângulo.
Não há medidores desabilitados.
============================== Estado Estimado ===================================
                 Barra     Mod(pu)    Ang(graus)              
----------------------------------------------------------------------------------
                    1            1.0395              0.00        
                    2            1.0237             -0.51        
                    3            1.0138             -2.70        
                    4            1.0110             -3.87        
                    5            1.0021             -5.26        
                    6            0.9998             -5.70        
                    7            1.0013             -5.87        
                    8            1.0042             -5.20        
                    9            1.0049             -4.88        
                   10            1.0046             -4.70        
                   11            1.0046             -4.60        
                   12            1.0143             -2.84        
                   13            1.0052             -3.92        
                   14            1.0033             -3.92        
                   15            1.0158             -3.10        
                   16            1.0201             -2.67        
                   17            1.0268             -1.77        
                   18            1.0466             -5.67        
                   19            1.0315             -6.12        
                   20            1.0295             -6.13        
                   21            1.0741             -5.88        
                   22            1.0742             -5.84        
                   23            1.0737             -5.92        
                   24            1.0719             -6.93        
                   25            1.0874             -8.64        
                   26            1.0278             -6.93        
                   27            1.0286             -6.93        
                   28            1.0313             -6.71        
                   29            1.0348             -6.54        
                   30            1.0786             -8.77        
                   31            1.0659             -8.75        
                   32            1.0682             -8.14        
                   33            1.0673             -8.15        
                   34            1.0485             -6.32        
                   35            1.0512             -6.18        
                   36            1.0549             -6.03        
                   37            1.0597             -5.96        
                   38            1.0752             -5.68        
                   39            1.0584             -5.97        
                   40            1.0523             -6.01        
                   41            1.0514             -6.15        
                   42            1.0439             -6.87        
                   43            1.0488             -5.08        
                   44            1.0727             -5.23        
                   45            1.0720             -3.97        
                   46            1.1043             -4.82        
                   47            1.0891             -5.51        
                   48            1.0849             -5.57        
                   49            1.0892             -5.65        
                   50            1.0773             -5.75        
                   51            1.0798             -5.15        
                   52            1.0314             -7.12        
                   53            1.0323             -7.36        
                   54            1.0470             -6.55        
                   55            1.0654             -5.61        
                   56            1.0507             -7.22        
                   57            1.0521             -7.44        
----------------------------------------------------------------------------------
Convergiu em:    2 iteraçoes. 
----------------------------------------------------------------------------------
--- RESIDUOS NORMALIZADOS --------------------------------------------------------
   N    D    P  TP      Real     Medido   Estimado      Med-Est        rn 
----------------------------------------------------------------------------------
 270    4   18  4    -0.0125    -0.0115    -0.0297  +1.8129e-02      0.452 
 350   18    4  1    -0.0647    -0.0594    -0.0791  +1.9637e-02      0.449 
 430   18    4  4    +0.0147    +0.0156    +0.0325  -1.6948e-02      0.422 
  58    0    1  2    +1.7043    +1.6711    +1.7005  -2.9339e-02      0.307 
 190    4   18  1    +0.0647    +0.0660    +0.0791  -1.3017e-02      0.298 
 118    0    4  5    +0.0000    -0.0011    +0.0064  -7.5152e-03      0.297 
 346   15    1  1    -0.6524    -0.6703    -0.6504  -1.9851e-02      0.267 
  29    0   29  6    +1.0355    +1.0502    +1.0348  +1.5432e-02      0.216 
 187    1   16  1    +0.2521    +0.2621    +0.2504  +1.1660e-02      0.207 
   1    0    1  6    +1.0400    +1.0542    +1.0395  +1.4726e-02      0.206 
  50    0   50  6    +1.0781    +1.0624    +1.0773  -1.4829e-02      0.204 
 105    0   48  2    -0.0000    -0.0044    +0.0010  -5.3692e-03      0.204 
  24    0   24  6    +1.0729    +1.0573    +1.0719  -1.4622e-02      0.202 
 132    0   18  5    -0.0460    -0.0508    -0.0577  +6.8836e-03      0.201 
 161    0   47  5    -0.0550    -0.0489    -0.0556  +6.7091e-03      0.197 
  52    0   52  6    +1.0321    +1.0174    +1.0314  -1.3970e-02      0.197 
  55    0   55  6    +1.0660    +1.0794    +1.0654  +1.3978e-02      0.193 
 450   28   27  4    +0.0031    +0.0079    +0.0009  +6.9702e-03      0.191 
  47    0   47  6    +1.0901    +1.1027    +1.0891  +1.3626e-02      0.186 
  48    0   48  6    +1.0859    +1.0714    +1.0849  -1.3587e-02      0.186 
 172    1    2  1    +0.4741    +0.4861    +0.4744  +1.1682e-02      0.185 
  41    0   41  6    +1.0526    +1.0644    +1.0514  +1.3080e-02      0.183 
  84    0   27  2    -0.0440    -0.0478    -0.0414  -6.3941e-03      0.182 
 459   36   35  4    +0.0188    +0.0238    +0.0173  +6.5479e-03      0.181 
  31    0   31  6    +1.0660    +1.0785    +1.0659  +1.2686e-02      0.180 
  75    0   18  2    -0.1280    -0.1285    -0.1216  -6.9031e-03      0.178 
  25    0   25  6    +1.0876    +1.1001    +1.0874  +1.2776e-02      0.178 
 255    4    5  4    -0.0262    -0.0205    -0.0279  +7.3526e-03      0.178 
 148    0   34  5    -0.0000    +0.0041    -0.0017  +5.7906e-03      0.177 
 308   38   44  4    +0.0956    +0.0896    +0.0972  -7.5994e-03      0.177 
  16    0   16  6    +1.0207    +1.0076    +1.0201  -1.2494e-02      0.176 
 331    9   55  4    +0.0346    +0.0394    +0.0328  +6.6061e-03      0.175 
  49    0   49  6    +1.0901    +1.0764    +1.0892  -1.2793e-02      0.175 
 214   30   31  1    +0.0132    +0.0186    +0.0121  +6.5589e-03      0.174 
 173    2    3  1    +0.4568    +0.4434    +0.4547  -1.1293e-02      0.173 
   9    0    9  6    +1.0056    +1.0170    +1.0049  +1.2084e-02      0.172 
 191    4   18  1    +0.0829    +0.0867    +0.0791  +7.6734e-03      0.170 
 111    0   54  2    -0.0190    -0.0140    -0.0193  +5.3140e-03      0.169 
 185   13   15  1    -0.1884    -0.1973    -0.1884  -8.9297e-03      0.169 
 359   15   14  1    +0.3079    +0.2992    +0.3090  -9.7778e-03      0.168 
 419    9    8  4    -0.0366    -0.0422    -0.0358  -6.4477e-03      0.167 
  21    0   21  6    +1.0750    +1.0621    +1.0741  -1.2058e-02      0.166 
 133    0   19  5    -0.0030    -0.0013    -0.0065  +5.2449e-03      0.164 
 311   46   47  4    +0.1546    +0.1628    +0.1550  +7.8029e-03      0.164 
 485   41   56  4    -0.0195    -0.0248    -0.0180  -6.8128e-03      0.163 
 343   13    9  1    +0.0995    +0.1065    +0.0989  +7.5752e-03      0.158 
   5    0    5  6    +1.0028    +1.0131    +1.0021  +1.1001e-02      0.157 
  37    0   37  6    +1.0615    +1.0709    +1.0597  +1.1266e-02      0.156 
  42    0   42  6    +1.0458    +1.0330    +1.0439  -1.0916e-02      0.154 
 466   42   41  4    +0.0029    +0.0067    +0.0009  +5.8112e-03      0.153 
 120    0    6  5    -0.0890    -0.0925    -0.0875  -5.0371e-03      0.151 
 175    4    5  1    +0.1760    +0.1709    +0.1787  -7.7766e-03      0.151 
 101    0   44  2    -0.0560    -0.0590    -0.0539  -5.0868e-03      0.151 
 199   14   15  1    -0.3060    -0.3158    -0.3071  -8.7153e-03      0.150 
 436   13   12  4    -0.0776    -0.0839    -0.0775  -6.3927e-03      0.149 
 212    7   29  1    +0.1935    +0.1875    +0.1946  -7.0987e-03      0.148 
  61    0    4  2    +0.0000    +0.0011    -0.0021  +3.1742e-03      0.147 
 207   24   25  1    +0.0296    +0.0343    +0.0282  +6.1830e-03      0.147 
 310   14   46  4    +0.1603    +0.1549    +0.1618  -6.8752e-03      0.144 
 233   48   49  1    -0.0078    -0.0124    -0.0067  -5.6689e-03      0.143 
 287   24   25  4    -0.0124    -0.0072    -0.0130  +5.8479e-03      0.143 
 147    0   33  5    -0.0090    -0.0045    -0.0096  +5.1044e-03      0.142 
 385   41   11  1    -0.0391    -0.0338    -0.0399  +6.1441e-03      0.142 
 481   55   54  4    +0.0169    +0.0217    +0.0162  +5.5050e-03      0.141 
 317   13   49  4    +0.2017    +0.2104    +0.2028  +7.5216e-03      0.141 
  28    0   28  6    +1.0320    +1.0213    +1.0313  -1.0003e-02      0.141 
 166    0   52  5    -0.0100    -0.0064    -0.0108  +4.4594e-03      0.140 
 424   14   13  4    -0.0462    -0.0521    -0.0464  -5.7186e-03      0.139 
  83    0   26  2    -0.0000    -0.0051    -0.0007  -4.4279e-03      0.139 
 301   37   38  4    -0.0859    -0.0855    -0.0911  +5.5974e-03      0.139 
 367   25   24  1    -0.0296    -0.0339    -0.0282  -5.7730e-03      0.137 
 245   56   41  1    -0.0191    -0.0135    -0.0192  +5.6927e-03      0.136 
 164    0   50  5    -0.0490    -0.0440    -0.0487  +4.6497e-03      0.135 
 372   29    7  1    -0.1935    -0.2011    -0.1946  -6.4313e-03      0.134 
 438   17   12  4    +0.0214    +0.0270    +0.0215  +5.4775e-03      0.134 
 415    5    4  4    +0.0041    +0.0007    +0.0059  -5.2151e-03      0.132 
 286   24   25  4    -0.0129    -0.0077    -0.0130  +5.3879e-03      0.131 
  51    0   51  6    +1.0802    +1.0703    +1.0798  -9.4829e-03      0.130 
 313   48   49  4    -0.0331    -0.0286    -0.0340  +5.3845e-03      0.129 
 256    4    6  4    -0.0017    +0.0026    -0.0024  +5.0213e-03      0.126 
 392   48   47  1    -0.1236    -0.1194    -0.1249  +5.5079e-03      0.125 
  56    0   56  6    +1.0528    +1.0596    +1.0507  +8.8986e-03      0.125 
 361   20   19  1    -0.0034    -0.0069    -0.0022  -4.6877e-03      0.124 
 226   41   42  1    +0.0390    +0.0439    +0.0388  +5.0308e-03      0.123 
 394   50   49  1    -0.0567    -0.0609    -0.0559  -5.0417e-03      0.123 
 109    0   52  2    -0.0230    -0.0254    -0.0215  -3.8929e-03      0.120 
 239   52   53  1    +0.0231    +0.0283    +0.0238  +4.5436e-03      0.120 
 274   10   12  4    -0.0314    -0.0262    -0.0311  +4.8514e-03      0.120 
 291   28   29  4    -0.0141    -0.0110    -0.0153  +4.3429e-03      0.119 
 264   13   14  4    +0.0352    +0.0305    +0.0353  -4.7934e-03      0.119 
  32    0   32  6    +1.0694    +1.0766    +1.0682  +8.4327e-03      0.119 
 192    5    6  1    +0.1131    +0.1073    +0.1126  -5.2942e-03      0.119 
 126    0   12  5    -0.1426    -0.1482    -0.1441  -4.0866e-03      0.117 
 472   48   47  4    -0.0976    -0.0924    -0.0974  +4.9940e-03      0.117 
 249   38   49  1    -0.0413    -0.0357    -0.0408  +5.0712e-03      0.117 
  43    0   43  6    +1.0497    +1.0405    +1.0488  -8.3800e-03      0.117 
  10    0   10  6    +1.0052    +1.0127    +1.0046  +8.1505e-03      0.116 
  65    0    8  2    +0.1080    +0.1043    +0.1083  -3.9578e-03      0.116 
 431   18    4  4    +0.0398    +0.0374    +0.0325  +4.8818e-03      0.116 
   3    0    3  6    +1.0144    +1.0219    +1.0138  +8.1066e-03      0.115 
  46    0   46  6    +1.1052    +1.1127    +1.1043  +8.4386e-03      0.115 
  26    0   26  6    +1.0287    +1.0197    +1.0278  -8.0793e-03      0.114 
 230   14   46  1    +0.2658    +0.2574    +0.2635  -6.1467e-03      0.113 
 340   10    9  1    +0.0165    +0.0135    +0.0180  -4.5190e-03      0.113 
 429   15    3  4    +0.0475    +0.0489    +0.0444  +4.4980e-03      0.113 
 253    2    3  4    -0.0768    -0.0799    -0.0750  -4.8549e-03      0.113 
 406   42   56  1    +0.0057    +0.0097    +0.0054  +4.2945e-03      0.112 
 252    1    2  4    +0.3809    +0.3738    +0.3801  -6.2849e-03      0.112 
  59    0    2  2    -0.0140    -0.0137    -0.0164  +2.7721e-03      0.112 
 305   11   41  4    +0.0008    +0.0059    +0.0013  +4.5151e-03      0.111 
 134    0   20  5    -0.0050    -0.0002    -0.0038  +3.6169e-03      0.111 
 121    0    7  5    -0.0000    -0.0022    +0.0009  -3.1186e-03      0.111 
 458   35   34  4    +0.0064    +0.0110    +0.0070  +3.9639e-03      0.111 
 384   38   22  1    +0.0982    +0.1002    +0.0957  +4.5061e-03      0.110 
 254    3    4  4    -0.1051    -0.1063    -0.1016  -4.6937e-03      0.110 
 351   18    4  1    -0.0829    -0.0840    -0.0791  -4.9434e-03      0.110 
 463   40   36  4    -0.0442    -0.0498    -0.0456  -4.2344e-03      0.109 
 453   30   25  4    -0.0270    -0.0220    -0.0261  +4.1313e-03      0.109 
 465   41   11  4    +0.0002    -0.0046    -0.0003  -4.3941e-03      0.109 
 130    0   16  5    -0.0140    -0.0105    -0.0139  +3.3977e-03      0.108 
 410   48   38  1    +0.1314    +0.1375    +0.1326  +4.9019e-03      0.108 
  93    0   36  2    -0.0000    -0.0033    -0.0003  -2.9588e-03      0.108 
 182    9   12  1    -0.1245    -0.1183    -0.1237  +5.4036e-03      0.108 
 278   12   17  4    -0.0683    -0.0636    -0.0684  +4.7718e-03      0.107 
 259    8    9  4    -0.0182    -0.0229    -0.0189  -3.9558e-03      0.107 
 188    1   17  1    +0.3181    +0.3236    +0.3176  +6.0074e-03      0.107 
 446   25   24  4    +0.0140    +0.0184    +0.0141  +4.3211e-03      0.105 
  54    0   54  6    +1.0476    +1.0395    +1.0470  -7.5112e-03      0.105 
 153    0   39  5    -0.0000    -0.0043    -0.0007  -3.5383e-03      0.105 
 345   15   13  1    +0.1895    +0.1839    +0.1894  -5.5298e-03      0.104 
   2    0    2  6    +1.0241    +1.0163    +1.0237  -7.4116e-03      0.104 
 414    4    3  4    +0.0770    +0.0777    +0.0736  +4.1782e-03      0.104 
 491   55    9  4    -0.0328    -0.0272    -0.0311  +3.9087e-03      0.104 
 232   47   48  1    +0.1240    +0.1207    +0.1253  -4.5456e-03      0.104 
 184   13   14  1    +0.0088    +0.0064    +0.0103  -3.8758e-03      0.103 
 163    0   49  5    -0.0400    -0.0365    -0.0393  +2.8601e-03      0.103 
 144    0   30  5    -0.0080    -0.0097    -0.0065  -3.2827e-03      0.103 
 403   45   44  1    +0.1631    +0.1564    +0.1615  -5.1018e-03      0.103 
 154    0   40  5    +0.0000    +0.0019    -0.0015  +3.4121e-03      0.102 
 486   42   56  4    -0.0239    -0.0189    -0.0230  +4.0844e-03      0.102 
 157    0   43  5    -0.0050    -0.0009    -0.0042  +3.2537e-03      0.101 
 479   53   52  4    +0.0272    +0.0313    +0.0274  +3.8861e-03      0.101 
 152    0   38  5    -0.0330    -0.0274    -0.0299  +2.5891e-03      0.101 
 227   41   43  1    -0.0493    -0.0543    -0.0501  -4.2112e-03      0.100 
 391   47   46  1    -0.2640    -0.2712    -0.2658  -5.3860e-03      0.100 
 149    0   35  5    -0.0140    -0.0086    -0.0118  +3.2274e-03      0.100 
 229   15   45  1    +0.1631    +0.1706    +0.1658  +4.7741e-03      0.099 
   7    0    7  6    +1.0020    +1.0082    +1.0013  +6.9095e-03      0.098 
 319   52   53  4    -0.0271    -0.0311    -0.0273  -3.7673e-03      0.098 
  78    0   21  2    -0.0000    +0.0039    +0.0008  +3.1537e-03      0.098 
 309   15   45  4    -0.0867    -0.0879    -0.0836  -4.2506e-03      0.098 
  90    0   33  2    -0.0180    -0.0198    -0.0162  -3.5754e-03      0.098 
 110    0   53  2    -0.0940    -0.0915    -0.0953  +3.7830e-03      0.098 
 468   44   38  4    -0.0969    -0.1027    -0.0985  -4.2142e-03      0.098 
 383   40   36  1    -0.0206    -0.0251    -0.0215  -3.5917e-03      0.097 
  18    0   18  6    +1.0502    +1.0535    +1.0466  +6.9609e-03      0.097 
 437   16   12  4    +0.0496    +0.0467    +0.0506  -3.8940e-03      0.096 
 334    4    3  1    -0.5432    -0.5500    -0.5437  -6.3531e-03      0.096 
 228   38   44  1    -0.1047    -0.1094    -0.1052  -4.1004e-03      0.095 
 271    4   18  4    -0.0365    -0.0336    -0.0297  -3.9613e-03      0.094 
 347   16    1  1    -0.2493    -0.2424    -0.2477  +5.2659e-03      0.094 
  97    0   40  2    -0.0000    +0.0020    -0.0011  +3.1378e-03      0.093 
 261    9   11  4    +0.0080    +0.0123    +0.0087  +3.5598e-03      0.092 
  76    0   19  2    -0.0160    -0.0198    -0.0168  -3.0097e-03      0.092 
 364   23   22  1    -0.0903    -0.0851    -0.0889  +3.8120e-03      0.092 
 248   57   56  1    -0.0092    -0.0119    -0.0085  -3.3925e-03      0.092 
 236   10   51  1    +0.1275    +0.1243    +0.1283  -4.0477e-03      0.091 
 156    0   42  5    -0.0210    -0.0250    -0.0221  -2.9745e-03      0.090 
 354   12   10  1    +0.2710    +0.2621    +0.2670  -4.9906e-03      0.090 
 223   36   40  1    +0.0206    +0.0249    +0.0216  +3.3028e-03      0.090 
 321   54   55  4    -0.0151    -0.0109    -0.0144  +3.4828e-03      0.089 
 378   35   34  1    +0.0401    +0.0449    +0.0415  +3.4214e-03      0.089 
 155    0   41  5    -0.0140    -0.0093    -0.0118  +2.5371e-03      0.089 
 471   47   46  4    -0.1531    -0.1577    -0.1535  -4.2405e-03      0.089 
 174    3    4  1    +0.5465    +0.5529    +0.5470  +5.8995e-03      0.089 
 266    1   15  4    +0.1027    +0.1098    +0.1058  +4.0334e-03      0.088 
 241   54   55  1    -0.0909    -0.0957    -0.0918  -3.9439e-03      0.088 
 217   34   32  1    +0.0400    +0.0346    +0.0381  -3.5780e-03      0.088 
 447   25   24  4    +0.0135    +0.0105    +0.0141  -3.6189e-03      0.088 
 401   55   54  1    +0.0922    +0.0970    +0.0931  +3.9211e-03      0.088 
 369   27   26  1    +0.0007    +0.0049    +0.0015  +3.3369e-03      0.088 
 281   19   20  4    +0.0064    +0.0066    +0.0033  +3.3410e-03      0.087 
 400   54   53  1    +0.0718    +0.0687    +0.0725  -3.7521e-03      0.087 
 292    7   29  4    +0.0120    +0.0152    +0.0121  +3.1242e-03      0.087 
 397   49   13  1    -0.1919    -0.1980    -0.1934  -4.5657e-03      0.087 
 277   12   16  4    -0.0715    -0.0688    -0.0725  +3.6509e-03      0.086 
 282   21   20  4    -0.0013    -0.0028    +0.0005  -3.2798e-03      0.086 
  27    0   27  6    +1.0290    +1.0347    +1.0286  +6.0637e-03      0.085 
 422   12    9  4    -0.0328    -0.0290    -0.0327  +3.7323e-03      0.085 
 332    2    1  1    -0.4708    -0.4765    -0.4711  -5.3746e-03      0.085 
 404   56   40  1    -0.0206    -0.0240    -0.0204  -3.5694e-03      0.085 
 179    8    9  1    -0.1087    -0.1069    -0.1106  +3.6437e-03      0.085 
 428   17    1  4    -0.0594    -0.0653    -0.0618  -3.5282e-03      0.085 
  38    0   38  6    +1.0764    +1.0691    +1.0752  -6.1528e-03      0.085 
 440   19   18  4    -0.0094    -0.0131    -0.0098  -3.2960e-03      0.084 
 189    3   15  1    +0.1113    +0.1085    +0.1122  -3.6720e-03      0.083 
 103    0   46  2    +0.0000    +0.0018    +0.0041  -2.2425e-03      0.083 
 296   32   33  4    +0.0090    +0.0126    +0.0096  +2.9844e-03      0.083 
 208   24   26  1    -0.0007    -0.0038    -0.0008  -2.9302e-03      0.082 
 122    0    8  5    -0.0242    -0.0296    -0.0271  -2.4854e-03      0.082 
 290   27   28  4    -0.0030    +0.0023    -0.0007  +2.9934e-03      0.082 
 371   29   28  1    +0.0670    +0.0688    +0.0655  +3.2478e-03      0.082 
 443   22   21  4    -0.0013    -0.0053    -0.0025  -2.8661e-03      0.081 
  86    0   29  2    -0.0800    -0.0861    -0.0835  -2.6624e-03      0.081 
 451   29   28  4    +0.0144    +0.0185    +0.0156  +2.9384e-03      0.081 
 268    1   17  4    +0.0393    +0.0384    +0.0416  -3.2205e-03      0.081 
 363   22   21  1    +0.0076    +0.0080    +0.0051  +2.8617e-03      0.080 
 375   32   31  1    +0.0140    +0.0097    +0.0128  -3.1013e-03      0.080 
 423   13    9  4    -0.0479    -0.0441    -0.0477  +3.5173e-03      0.079 
 442   20   21  4    +0.0014    -0.0035    -0.0005  -3.0256e-03      0.079 
 195   11   13  1    -0.1514    -0.1483    -0.1521  +3.8046e-03      0.079 
 216   32   33  1    +0.0180    +0.0134    +0.0162  -2.8868e-03      0.079 
 455   32   31  4    -0.0046    -0.0082    -0.0052  -2.9910e-03      0.078 
 231   46   47  1    +0.2658    +0.2634    +0.2676  -4.1891e-03      0.077 
 297   34   32  4    +0.0098    +0.0058    +0.0087  -2.9657e-03      0.077 
  23    0   23  6    +1.0749    +1.0682    +1.0737  -5.5685e-03      0.077 
 108    0   51  2    -0.0850    -0.0858    -0.0830  -2.8082e-03      0.077 
 370   28   27  1    +0.0448    +0.0401    +0.0431  -3.0069e-03      0.076 
 416    6    4  4    -0.0265    -0.0224    -0.0256  +3.1880e-03      0.076 
 341   11    9  1    +0.0540    +0.0490    +0.0522  -3.1502e-03      0.075 
  34    0   34  6    +1.0505    +1.0539    +1.0485  +5.3707e-03      0.075 
 362   20   21  1    -0.0076    -0.0087    -0.0059  -2.8374e-03      0.074 
 124    0   10  5    -0.0500    -0.0544    -0.0521  -2.3461e-03      0.074 
 234   49   50  1    +0.0573    +0.0534    +0.0564  -3.0165e-03      0.074 
 294   30   31  4    +0.0190    +0.0225    +0.0196  +2.8260e-03      0.074 
 344   14   13  1    -0.0088    -0.0131    -0.0103  -2.7575e-03      0.073 
 150    0   36  5    +0.0000    -0.0044    -0.0024  -2.0353e-03      0.073 
 480   54   53  4    +0.0081    +0.0056    +0.0084  -2.7669e-03      0.072 
  69    0   12  2    +0.5820    +0.5754    +0.5715  +3.8779e-03      0.071 
 196   12   13  1    +0.3510    +0.3447    +0.3488  -4.1226e-03      0.071 
 180    9   10  1    -0.0165    -0.0209    -0.0180  -2.8341e-03      0.071 
 194   10   12  1    -0.2690    -0.2612    -0.2651  +3.9458e-03      0.071 
  44    0   44  6    +1.0739    +1.0676    +1.0727  -5.1210e-03      0.071 
 250   38   48  1    -0.1305    -0.1348    -0.1316  -3.1874e-03      0.070 
 183    9   13  1    -0.0990    -0.1017    -0.0984  -3.3556e-03      0.070 
 285   23   24  4    -0.0349    -0.0381    -0.0353  -2.8335e-03      0.070 
 162    0   48  5    -0.0000    +0.0036    +0.0017  +1.8739e-03      0.070 
 106    0   49  2    -0.0850    -0.0911    -0.0890  -2.1696e-03      0.070 
 176    4    6  1    +0.2196    +0.2258    +0.2221  +3.7568e-03      0.069 
 306   41   42  4    -0.0024    +0.0022    -0.0004  +2.6084e-03      0.069 
 353    8    7  1    +0.1655    +0.1689    +0.1655  +3.3476e-03      0.069 
 243   44   45  1    -0.1612    -0.1563    -0.1597  +3.3518e-03      0.067 
 380   37   36  1    +0.0892    +0.0881    +0.0908  -2.7434e-03      0.067 
 151    0   37  5    +0.0000    -0.0039    -0.0020  -1.8166e-03      0.067 
 102    0   45  2    +0.0000    -0.0025    -0.0044  +1.8740e-03      0.067 
 323   44   45  4    +0.0889    +0.0895    +0.0865  +3.0022e-03      0.067 
 113    0   56  2    -0.0360    -0.0344    -0.0364  +1.9901e-03      0.067 
  39    0   39  6    +1.0602    +1.0536    +1.0584  -4.7849e-03      0.066 
 411   55    9  1    -0.1242    -0.1180    -0.1209  +2.8914e-03      0.066 
 396   51   10  1    -0.1275    -0.1313    -0.1283  -2.9323e-03      0.066 
 418    8    6  4    -0.0072    -0.0107    -0.0081  -2.6894e-03      0.066 
 221   37   38  1    -0.1111    -0.1161    -0.1133  -2.7420e-03      0.066 
 178    6    8  1    -0.0511    -0.0561    -0.0532  -2.8746e-03      0.065 
 445   24   23  4    +0.0262    +0.0292    +0.0266  +2.5708e-03      0.065 
 484   56   40  4    -0.0419    -0.0446    -0.0418  -2.8273e-03      0.064 
 433    8    7  4    +0.0012    -0.0026    -0.0001  -2.4101e-03      0.064 
  77    0   20  2    -0.0110    -0.0060    -0.0081  +2.1048e-03      0.064 
 293   25   30  4    +0.0273    +0.0288    +0.0264  +2.4098e-03      0.064 
  96    0   39  2    -0.0000    +0.0034    +0.0013  +2.1307e-03      0.063 
 167    0   53  5    -0.0470    -0.0492    -0.0469  -2.2521e-03      0.063 
 275   11   13  4    +0.0303    +0.0315    +0.0291  +2.4890e-03      0.063 
  62    0    5  2    -0.0610    -0.0620    -0.0641  +2.1065e-03      0.063 
 145    0   31  5    -0.0140    -0.0161    -0.0141  -2.0474e-03      0.062 
 327   39   57  4    +0.0223    +0.0199    +0.0225  -2.6010e-03      0.062 
 342   12    9  1    +0.1255    +0.1278    +0.1247  +3.0438e-03      0.061 
 474   50   49  4    -0.0656    -0.0677    -0.0651  -2.5468e-03      0.060 
 238   29   52  1    +0.0465    +0.0433    +0.0457  -2.3889e-03      0.060 
 302   37   39  4    +0.0223    +0.0210    +0.0232  -2.2249e-03      0.060 
 142    0   28  5    -0.0110    -0.0163    -0.0144  -1.9269e-03      0.060 
 303   36   40  4    +0.0443    +0.0480    +0.0457  +2.3074e-03      0.060 
 417    7    6  4    +0.0069    +0.0040    +0.0063  -2.3003e-03      0.060 
  80    0   23  2    -0.0300    -0.0311    -0.0291  -1.9945e-03      0.059 
  95    0   38  2    -0.0660    -0.0691    -0.0675  -1.6220e-03      0.059 
 314   49   50  4    +0.0665    +0.0684    +0.0659  +2.4846e-03      0.059 
 426   15    1  4    -0.1685    -0.1686    -0.1716  +2.9401e-03      0.058 
  72    0   15  2    -0.1030    -0.0997    -0.0981  -1.5316e-03      0.058 
 114    0   57  2    -0.0310    -0.0280    -0.0301  +2.0333e-03      0.058 
 420   10    9  4    -0.0284    -0.0304    -0.0280  -2.4084e-03      0.058 
 470   46   14  4    -0.1546    -0.1588    -0.1561  -2.7392e-03      0.057 
 399   53   52  1    -0.0230    -0.0259    -0.0237  -2.1576e-03      0.057 
 464   38   22  4    -0.0259    -0.0282    -0.0262  -2.0253e-03      0.056 
 160    0   46  5    +0.0000    -0.0027    -0.0011  -1.5964e-03      0.056 
   8    0    8  6    +1.0050    +1.0004    +1.0042  -3.8880e-03      0.055 
  64    0    7  2    +0.0000    +0.0033    +0.0047  -1.3821e-03      0.054 
  85    0   28  2    -0.0220    -0.0240    -0.0223  -1.7018e-03      0.053 
 408   56   57  1    +0.0092    +0.0066    +0.0085  -1.9400e-03      0.053 
 473   49   48  4    +0.0276    +0.0306    +0.0285  +2.1559e-03      0.052 
 283   21   22  4    +0.0013    +0.0006    +0.0025  -1.8272e-03      0.052 
 449   27   26  4    +0.0010    +0.0043    +0.0023  +1.9838e-03      0.052 
 279   14   15  4    -0.1390    -0.1409    -0.1384  -2.4946e-03      0.052 
  45    0   45  6    +1.0730    +1.0683    +1.0720  -3.7270e-03      0.051 
  87    0   30  2    -0.0170    -0.0209    -0.0193  -1.6588e-03      0.051 
  92    0   35  2    -0.0280    -0.0286    -0.0269  -1.6728e-03      0.051 
 168    0   54  5    -0.0070    -0.0044    -0.0060  +1.6059e-03      0.050 
 100    0   43  2    -0.0090    -0.0113    -0.0097  -1.5756e-03      0.050 
  73    0   16  2    -0.2020    -0.1946    -0.1968  +2.1909e-03      0.050 
 393   49   48  1    +0.0079    +0.0048    +0.0068  -1.9732e-03      0.050 
 119    0    5  5    -0.0190    -0.0178    -0.0162  -1.6052e-03      0.049 
 206   24   25  1    +0.0308    +0.0261    +0.0282  -2.0670e-03      0.049 
  81    0   24  2    +0.0000    -0.0039    -0.0025  -1.3400e-03      0.049 
  79    0   22  2    +0.0000    -0.0001    -0.0014  +1.3080e-03      0.049 
 326   56   42  4    +0.0241    +0.0213    +0.0232  -1.9154e-03      0.048 
 211   28   29  1    -0.0668    -0.0635    -0.0653  +1.8951e-03      0.047 
 325   56   41  4    +0.0199    +0.0164    +0.0184  -1.9782e-03      0.047 
 280   18   19  4    +0.0097    +0.0120    +0.0101  +1.8501e-03      0.047 
 469   45   15  4    +0.0898    +0.0848    +0.0868  -2.0466e-03      0.047 
  67    0   10  2    -0.1250    -0.1203    -0.1187  -1.6010e-03      0.047 
 435   13   11  4    -0.0476    -0.0443    -0.0462  +1.9098e-03      0.047 
 476   51   10  4    -0.0088    -0.0077    -0.0060  -1.6992e-03      0.047 
 247   39   57  1    +0.0218    +0.0196    +0.0216  -1.9459e-03      0.046 
 376   33   32  1    -0.0180    -0.0146    -0.0162  +1.6746e-03      0.046 
 181    9   11  1    -0.0539    -0.0502    -0.0521  +1.9109e-03      0.046 
 240   53   54  1    -0.0710    -0.0735    -0.0716  -1.9794e-03      0.046 
 304   22   38  4    +0.0261    +0.0281    +0.0265  +1.6342e-03      0.045 
 316   10   51  4    +0.0097    +0.0054    +0.0070  -1.6590e-03      0.045 
 382   39   37  1    -0.0218    -0.0220    -0.0203  -1.6735e-03      0.045 
   6    0    6  6    +1.0005    +0.9966    +0.9998  -3.1604e-03      0.045 
 329   38   49  4    -0.0587    -0.0580    -0.0600  +2.0137e-03      0.045 
  13    0   13  6    +1.0059    +1.0021    +1.0052  -3.1298e-03      0.044 
 140    0   26  5    +0.0000    -0.0016    -0.0001  -1.4108e-03      0.044 
 434   12   10  4    +0.0070    +0.0048    +0.0065  -1.6745e-03      0.044 
 276   12   13  4    +0.0231    +0.0246    +0.0230  +1.6729e-03      0.044 
 307   41   43  4    +0.0077    +0.0086    +0.0069  +1.6855e-03      0.043 
 115    0    1  5    +0.5410    +0.5489    +0.5465  +2.3690e-03      0.043 
 197   12   16  1    -0.0472    -0.0492    -0.0508  +1.6540e-03      0.043 
 235   50   51  1    -0.0423    -0.0433    -0.0451  +1.7913e-03      0.043 
 202   21   20  1    +0.0076    +0.0075    +0.0059  +1.6374e-03      0.043 
 201   19   20  1    +0.0034    +0.0006    +0.0022  -1.6065e-03      0.042 
 356   13   12  1    -0.3488    -0.3491    -0.3466  -2.4530e-03      0.042 
 467   43   41  4    -0.0068    -0.0075    -0.0059  -1.6179e-03      0.042 
  15    0   15  6    +1.0165    +1.0129    +1.0158  -2.9171e-03      0.041 
  63    0    6  2    -0.3530    -0.3625    -0.3606  -1.9747e-03      0.041 
 456   33   32  4    -0.0090    -0.0111    -0.0096  -1.4756e-03      0.041 
 123    0    9  5    -0.0430    -0.0448    -0.0438  -1.0703e-03      0.041 
  35    0   35  6    +1.0531    +1.0483    +1.0512  -2.8911e-03      0.040 
 237   13   49  1    +0.1919    +0.1956    +0.1934  +2.1257e-03      0.040 
 225   11   41  1    +0.0391    +0.0382    +0.0399  -1.7441e-03      0.040 
 107    0   50  2    -0.0990    -0.1025    -0.1009  -1.5204e-03      0.040 
 405   41   56  1    +0.0194    +0.0179    +0.0196  -1.6563e-03      0.040 
 412    2    1  4    -0.5072    -0.5088    -0.5063  -2.4921e-03      0.039 
  40    0   40  6    +1.0543    +1.0495    +1.0523  -2.7750e-03      0.039 
  36    0   36  6    +1.0569    +1.0577    +1.0549  +2.7724e-03      0.039 
 389   45   15  1    -0.1631    -0.1677    -0.1658  -1.8641e-03      0.038 
 475   51   50  4    -0.0163    -0.0175    -0.0160  -1.5423e-03      0.038 
 158    0   44  5    -0.0080    -0.0132    -0.0120  -1.1620e-03      0.038 
 251    9   55  1    +0.1242    +0.1226    +0.1209  +1.6586e-03      0.038 
   4    0    4  6    +1.0116    +1.0083    +1.0110  -2.6451e-03      0.038 
 338    8    6  1    +0.0512    +0.0517    +0.0533  -1.6291e-03      0.037 
 358   17   12  1    +0.1188    +0.1206    +0.1189  +1.7128e-03      0.036 
 365   24   23  1    -0.0597    -0.0577    -0.0592  +1.5077e-03      0.036 
 265   13   15  4    -0.0749    -0.0728    -0.0745  +1.6268e-03      0.036 
 273    7    8  4    -0.0188    -0.0188    -0.0174  -1.3725e-03      0.035 
 490   48   38  4    +0.1308    +0.1347    +0.1331  +1.5954e-03      0.035 
 488   56   57  4    -0.0121    -0.0103    -0.0116  +1.2866e-03      0.034 
 379   36   35  1    +0.0683    +0.0699    +0.0686  +1.3497e-03      0.034 
 139    0   25  5    -0.0150    -0.0157    -0.0146  -1.0704e-03      0.034 
 333    3    2  1    -0.4509    -0.4466    -0.4488  +2.1841e-03      0.034 
 220   36   37  1    -0.0889    -0.0891    -0.0905  +1.3487e-03      0.033 
  99    0   42  2    -0.0330    -0.0321    -0.0332  +1.1012e-03      0.033 
 421   11    9  4    -0.0298    -0.0291    -0.0305  +1.3272e-03      0.033 
  89    0   32  2    -0.0080    -0.0082    -0.0091  +9.5996e-04      0.033 
  19    0   19  6    +1.0353    +1.0292    +1.0315  -2.2768e-03      0.032 
 218   34   35  1    -0.0400    -0.0401    -0.0414  +1.2440e-03      0.032 
  12    0   12  6    +1.0150    +1.0120    +1.0143  -2.2811e-03      0.032 
 478   52   29  4    +0.0171    +0.0153    +0.0165  -1.2033e-03      0.032 
 159    0   45  5    +0.0000    -0.0016    -0.0007  -9.3161e-04      0.032 
 131    0   17  5    -0.0380    -0.0413    -0.0402  -1.0307e-03      0.031 
 374   31   30  1    -0.0131    -0.0107    -0.0119  +1.1823e-03      0.031 
 335    5    4  1    -0.1741    -0.1783    -0.1767  -1.6093e-03      0.031 
 112    0   55  2    -0.0320    -0.0288    -0.0278  -9.8748e-04      0.031 
 452   29    7  4    -0.0097    -0.0109    -0.0098  -1.0924e-03      0.030 
  74    0   17  2    -0.1970    -0.1977    -0.1965  -1.1884e-03      0.030 
 482   43   11  4    +0.0018    +0.0007    +0.0017  -1.0784e-03      0.030 
 171    0   57  5    -0.0090    -0.0107    -0.0098  -9.9273e-04      0.030 
 477   49   13  4    -0.1900    -0.1894    -0.1910  +1.5737e-03      0.030 
 295   31   32  4    +0.0047    +0.0042    +0.0053  -1.1144e-03      0.029 
 409   49   38  1    +0.0418    +0.0401    +0.0413  -1.2441e-03      0.029 
 193    7    8  1    -0.1651    -0.1638    -0.1651  +1.3835e-03      0.028 
 425   15   13  4    +0.0547    +0.0531    +0.0544  -1.2402e-03      0.028 
 260    9   10  4    -0.0160    -0.0152    -0.0163  +1.1374e-03      0.028 
 288   24   26  4    -0.0010    -0.0032    -0.0022  -1.0051e-03      0.028 
 267    1   16  4    +0.0181    +0.0201    +0.0190  +1.1309e-03      0.027 
 441   20   19  4    -0.0064    -0.0023    -0.0033  +1.0325e-03      0.027 
 300   36   37  4    -0.0632    -0.0664    -0.0654  -1.0507e-03      0.027 
 128    0   14  5    -0.0250    -0.0223    -0.0230  +7.5160e-04      0.027 
  82    0   25  2    -0.0300    -0.0251    -0.0259  +8.4214e-04      0.027 
 457   32   34  4    -0.0084    -0.0065    -0.0075  +1.0142e-03      0.026 
 215   31   32  1    -0.0139    -0.0117    -0.0127  +1.0071e-03      0.026 
 246   56   42  1    -0.0056    -0.0063    -0.0053  -9.8320e-04      0.026 
  57    0   57  6    +1.0542    +1.0539    +1.0521  +1.7554e-03      0.025 
 213   25   30  1    +0.0304    +0.0306    +0.0315  -9.3537e-04      0.025 
 186    1   15  1    +0.6600    +0.6598    +0.6580  +1.8221e-03      0.024 
 460   37   36  4    +0.0636    +0.0648    +0.0658  -9.4916e-04      0.024 
 328   57   56  4    +0.0122    +0.0125    +0.0116  +9.0472e-04      0.024 
 169    0   55  5    -0.0160    -0.0142    -0.0150  +7.8363e-04      0.024 
 390   46   14  1    -0.2658    -0.2622    -0.2635  +1.2967e-03      0.024 
 224   22   38  1    -0.0980    -0.0945    -0.0955  +9.7049e-04      0.024 
 129    0   15  5    -0.0230    -0.0275    -0.0270  -5.5868e-04      0.024 
 299   35   36  4    -0.0204    -0.0180    -0.0188  +8.5354e-04      0.024 
 137    0   23  5    -0.0100    -0.0118    -0.0126  +7.5435e-04      0.023 
 461   38   37  4    +0.0854    +0.0916    +0.0907  +9.1079e-04      0.023 
 320   53   54  4    -0.0070    -0.0081    -0.0072  -8.4913e-04      0.022 
  71    0   14  2    -0.0490    -0.0545    -0.0538  -6.2942e-04      0.022 
 263    9   13  4    +0.0085    +0.0074    +0.0083  -8.9857e-04      0.022 
 203   21   22  1    -0.0076    -0.0043    -0.0051  +7.6624e-04      0.021 
 298   34   35  4    -0.0098    -0.0097    -0.0104  +7.7622e-04      0.021 
 146    0   32  5    -0.0040    -0.0024    -0.0031  +6.3757e-04      0.021 
 330   38   48  4    -0.1294    -0.1307    -0.1317  +9.6940e-04      0.021 
 360   19   18  1    -0.0194    -0.0182    -0.0190  +8.4682e-04      0.021 
 104    0   47  2    -0.1400    -0.1397    -0.1405  +8.2833e-04      0.021 
 407   57   39  1    -0.0218    -0.0207    -0.0216  +8.6587e-04      0.021 
 357   16   12  1    +0.0473    +0.0517    +0.0509  +7.8501e-04      0.020 
 242   11   43  1    +0.0583    +0.0590    +0.0598  -8.0326e-04      0.020 
 269    3   15  4    -0.1027    -0.1004    -0.0995  -8.7637e-04      0.020 
 398   52   29  1    -0.0461    -0.0446    -0.0453  +7.5350e-04      0.019 
 318   29   52  4    -0.0167    -0.0154    -0.0161  +7.0422e-04      0.019 
 205   23   24  1    +0.0604    +0.0606    +0.0598  +7.6351e-04      0.018 
 388   44   38  1    +0.1052    +0.1065    +0.1058  +7.7142e-04      0.018 
 413    3    2  4    +0.0088    +0.0063    +0.0070  -6.6231e-04      0.018 
 448   26   24  4    +0.0010    +0.0028    +0.0022  +6.1486e-04      0.017 
 170    0   56  5    -0.0100    -0.0123    -0.0118  -4.7428e-04      0.017 
 444   23   22  4    +0.0249    +0.0221    +0.0227  -6.2216e-04      0.017 
 348   17    1  1    -0.3158    -0.3163    -0.3153  -9.4110e-04      0.017 
  11    0   11  6    +1.0054    +1.0034    +1.0046  -1.1701e-03      0.017 
 366   25   24  1    -0.0308    -0.0275    -0.0282  +6.9704e-04      0.017 
 272    5    6  4    -0.0231    -0.0215    -0.0221  +6.3996e-04      0.016 
 200   18   19  1    +0.0196    +0.0186    +0.0192  -6.4600e-04      0.016 
  91    0   34  2    -0.0000    -0.0027    -0.0033  +5.1598e-04      0.016 
  17    0   17  6    +1.0275    +1.0257    +1.0268  -1.1199e-03      0.016 
 125    0   11  5    -0.0000    -0.0009    -0.0013  +4.1214e-04      0.016 
 198   12   17  1    -0.1182    -0.1175    -0.1182  +7.0341e-04      0.015 
  68    0   11  2    +0.0000    +0.0001    -0.0003  +3.6695e-04      0.015 
  33    0   33  6    +1.0684    +1.0683    +1.0673  +1.0316e-03      0.015 
  94    0   37  2    +0.0000    -0.0018    -0.0022  +3.8784e-04      0.015 
  14    0   14  6    +1.0041    +1.0024    +1.0033  -9.7894e-04      0.014 
 143    0   29  5    -0.0120    -0.0099    -0.0103  +4.0021e-04      0.013 
 324   40   56  4    +0.0442    +0.0435    +0.0441  -5.8356e-04      0.013 
 339    9    8  1    +0.1088    +0.1101    +0.1107  -5.6438e-04      0.013 
 487   57   39  4    -0.0212    -0.0208    -0.0214  +5.5255e-04      0.013 
 312   47   48  4    +0.0981    +0.0984    +0.0979  +5.4961e-04      0.013 
 141    0   27  5    -0.0020    +0.0020    +0.0016  +3.8717e-04      0.012 
  98    0   41  2    -0.0300    -0.0319    -0.0316  -3.4253e-04      0.012 
 244   40   56  1    +0.0206    +0.0199    +0.0204  -5.0058e-04      0.012 
 127    0   13  5    -0.0110    -0.0074    -0.0077  +2.6948e-04      0.012 
 219   35   36  1    -0.0681    -0.0688    -0.0684  -4.4418e-04      0.011 
  70    0   13  2    -0.0850    -0.0800    -0.0797  -2.8627e-04      0.011 
 355   13   11  1    +0.1520    +0.1521    +0.1527  -5.2876e-04      0.011 
 387   43   41  1    +0.0493    +0.0505    +0.0501  +4.6118e-04      0.011 
 427   16    1  4    -0.0636    -0.0640    -0.0645  +4.8166e-04      0.011 
 386   42   41  1    -0.0387    -0.0390    -0.0386  -4.3333e-04      0.011 
 209   26   27  1    -0.0007    -0.0019    -0.0015  -3.9808e-04      0.010 
  66    0    9  2    -0.0610    -0.0609    -0.0606  -2.7103e-04      0.010 
  20    0   20  6    +1.0317    +1.0288    +1.0295  -7.1090e-04      0.010 
 262    9   12  4    -0.0415    -0.0419    -0.0415  -4.3736e-04      0.010 
 289   26   27  4    -0.0010    -0.0027    -0.0023  -3.4563e-04      0.009 
 349   15    3  1    -0.1110    -0.1115    -0.1119  +3.9294e-04      0.009 
 135    0   21  5    +0.0000    +0.0033    +0.0030  +2.7304e-04      0.008 
 322   11   43  4    -0.0014    -0.0009    -0.0012  +3.0086e-04      0.008 
 177    6    7  1    +0.0284    +0.0251    +0.0248  +2.9649e-04      0.007 
  60    0    3  2    +0.2070    +0.2101    +0.2104  -2.6841e-04      0.007 
 432    6    5  4    +0.0115    +0.0107    +0.0105  +2.4849e-04      0.007 
  88    0   31  2    -0.0270    -0.0244    -0.0246  +2.1936e-04      0.007 
 439   15   14  4    +0.1299    +0.1291    +0.1294  -3.0596e-04      0.006 
 204   22   23  1    +0.0904    +0.0887    +0.0890  -2.6425e-04      0.006 
 138    0   24  5    -0.0000    -0.0023    -0.0021  -1.7859e-04      0.006 
 377   32   34  1    -0.0400    -0.0384    -0.0381  -2.5196e-04      0.006 
 165    0   51  5    -0.0250    -0.0218    -0.0220  +1.9851e-04      0.006 
 483   45   44  4    -0.0898    -0.0872    -0.0875  +2.5494e-04      0.006 
 336    6    4  1    -0.2176    -0.2203    -0.2200  -2.9194e-04      0.005 
 117    0    3  5    -0.1990    -0.1940    -0.1942  +2.0757e-04      0.005 
 462   39   37  4    -0.0223    -0.0234    -0.0232  -1.8728e-04      0.005 
 210   27   28  1    -0.0447    -0.0428    -0.0430  +1.9905e-04      0.005 
 402   43   11  1    -0.0583    -0.0596    -0.0598  +2.0326e-04      0.005 
  22    0   22  6    +1.0753    +1.0746    +1.0742  +3.6218e-04      0.005 
 258    6    8  4    -0.0396    -0.0384    -0.0386  +1.8935e-04      0.004 
  30    0   30  6    +1.0788    +1.0788    +1.0786  +2.8963e-04      0.004 
 116    0    2  5    -0.5840    -0.5811    -0.5813  +2.5299e-04      0.004 
 136    0   22  5    +0.0000    +0.0013    +0.0014  -1.1070e-04      0.004 
 368   26   24  1    +0.0007    +0.0010    +0.0008  +1.4017e-04      0.004 
 315   50   51  4    +0.0166    +0.0163    +0.0164  -1.4350e-04      0.004 
 352    6    5  1    -0.1127    -0.1120    -0.1122  +1.5535e-04      0.003 
  53    0   53  6    +1.0330    +1.0320    +1.0323  -2.3472e-04      0.003 
 373   30   25  1    -0.0302    -0.0313    -0.0314  +1.0229e-04      0.003 
 381   38   37  1    +0.1122    +0.1144    +0.1145  -1.0151e-04      0.002 
 284   22   23  4    -0.0248    -0.0227    -0.0226  -7.8838e-05      0.002 
 395   51   50  1    +0.0425    +0.0452    +0.0453  -8.5850e-05      0.002 
 489   49   38  4    +0.0560    +0.0573    +0.0572  +8.5803e-05      0.002 
 454   31   30  4    -0.0187    -0.0195    -0.0194  -5.2958e-05      0.001 
 222   37   39  1    +0.0219    +0.0203    +0.0203  -1.6794e-05      0.000 
 257    6    7  4    -0.0344    -0.0338    -0.0338  +1.7073e-05      0.000 
 337    7    6  1    -0.0284    -0.0248    -0.0248  -6.8579e-06      0.000 
----------------------------------------------------------------------------------
Não foram identificados erros grosseiros.
Não foram identificadas medidas críticas.
Possíveis conjuntos críticos:
Conjunto 1: 368 136
Conjunto 2: 116 30
Conjunto 3: 402 210 462
Conjunto 4: 210 462
Conjunto 5: 138 204 439
Conjunto 6: 204 439
Conjunto 7: 88 432
Conjunto 8: 322 135
Conjunto 9: 66 209
Conjunto 10: 387 355
Conjunto 11: 355 70
Conjunto 12: 70 219
Conjunto 13: 244 98 141
Conjunto 14: 98 141
Conjunto 15: 487 339
Conjunto 16: 94 33
Conjunto 17: 33 68
Conjunto 18: 91 200
Conjunto 19: 272 366
Conjunto 20: 366 11
Conjunto 21: 11 348
Conjunto 22: 348 444
Conjunto 23: 444 170
Conjunto 24: 413 388
Conjunto 25: 269 242
Conjunto 26: 360 330 146 298
Conjunto 27: 330 146 298 203
Conjunto 28: 146 298 203
Conjunto 29: 298 203
Conjunto 30: 263 71 320
Conjunto 31: 71 320
Conjunto 32: 461 137
Conjunto 33: 299 129
Conjunto 34: 129 224
Conjunto 35: 224 390
Conjunto 36: 390 169
Conjunto 37: 169 328 460
Conjunto 38: 328 460
Conjunto 39: 460 186
Conjunto 40: 186 213 57
Conjunto 41: 213 57
Conjunto 42: 457 82
Conjunto 43: 128 300 441
Conjunto 44: 300 441
Conjunto 45: 288 260 425 193
Conjunto 46: 260 425 193
Conjunto 47: 425 193
Conjunto 48: 477 171 482 74
Conjunto 49: 171 482 74
Conjunto 50: 482 74
Conjunto 51: 452 112
Conjunto 52: 335 374 131 159
Conjunto 53: 374 131 159
Conjunto 54: 131 159
Conjunto 55: 159 478
Conjunto 56: 12 218 19
Conjunto 57: 218 19 89
Conjunto 58: 19 89 421
Conjunto 59: 89 421 99 220
Conjunto 60: 421 99 220
Conjunto 61: 99 220
Conjunto 62: 139 379
Conjunto 63: 379 488
Conjunto 64: 490 273
Conjunto 65: 265 365
Conjunto 66: 4 251
Conjunto 67: 158 475 389 36 40
Conjunto 68: 475 389 36 40
Conjunto 69: 389 36 40
Conjunto 70: 36 40
Conjunto 71: 107 225 237 35
Conjunto 72: 225 237 35
Conjunto 73: 237 35
Conjunto 74: 123 456
Conjunto 75: 456 63 15
Conjunto 76: 63 15
Conjunto 77: 15 467
Conjunto 78: 356 201
Conjunto 79: 201 202 235 197
Conjunto 80: 202 235 197 115
Conjunto 81: 235 197 115
Conjunto 82: 197 115
Conjunto 83: 115 307 276
Conjunto 84: 307 276 434
Conjunto 85: 276 434
Conjunto 86: 434 140
Conjunto 87: 329 6 382 316 304
Conjunto 88: 6 382 316 304
Conjunto 89: 382 316 304 240 181 376
Conjunto 90: 316 304 240 181 376
Conjunto 91: 304 240 181 376
Conjunto 92: 240 181 376
Conjunto 93: 181 376
Conjunto 94: 247 476 435 67
Conjunto 95: 476 435 67 469
Conjunto 96: 435 67 469
Conjunto 97: 67 469
Conjunto 98: 469 280 325
Conjunto 99: 280 325 211
Conjunto 100: 325 211
Conjunto 101: 211 326
Conjunto 102: 79 81 206
Conjunto 103: 81 206 119
Conjunto 104: 206 119
Conjunto 105: 393 73
Conjunto 106: 100 168
Conjunto 107: 92 87 45
Conjunto 108: 87 45
Conjunto 109: 45 279 449 283
Conjunto 110: 279 449 283 473
Conjunto 111: 449 283 473
Conjunto 112: 283 473
Conjunto 113: 473 408
Conjunto 114: 8 160
Conjunto 115: 399 470
Conjunto 116: 470 420 114
Conjunto 117: 420 114 72 426
Conjunto 118: 114 72 426
Conjunto 119: 72 426 314
Conjunto 120: 426 314 95
Conjunto 121: 314 95 80 417 303 142
Conjunto 122: 95 80 417 303 142
Conjunto 123: 80 417 303 142
Conjunto 124: 417 303 142
Conjunto 125: 303 142
Conjunto 126: 142 302
Conjunto 127: 302 238 474 342
Conjunto 128: 238 474 342
Conjunto 129: 474 342
Conjunto 130: 145 62 275
Conjunto 131: 62 275 167 96
Conjunto 132: 275 167 96 293
Conjunto 133: 167 96 293
Conjunto 134: 96 293
Conjunto 135: 77 433 484 445
Conjunto 136: 433 484 445
Conjunto 137: 484 445
Conjunto 138: 445 178 221
Conjunto 139: 178 221 418 396 411
Conjunto 140: 221 418 396 411
Conjunto 141: 418 396 411 39
Conjunto 142: 396 411 39
Conjunto 143: 411 39 113
Conjunto 144: 39 113 323 102
Conjunto 145: 113 323 102 151
Conjunto 146: 323 102 151 380 243
Conjunto 147: 102 151 380 243
Conjunto 148: 151 380 243
Conjunto 149: 380 243
Conjunto 150: 353 306 176
Conjunto 151: 306 176
Conjunto 152: 106 162 285 183 250 44
Conjunto 153: 162 285 183 250 44
Conjunto 154: 285 183 250 44 194
Conjunto 155: 183 250 44 194
Conjunto 156: 250 44 194 180 196
Conjunto 157: 44 194 180 196
Conjunto 158: 194 180 196 69 480
Conjunto 159: 180 196 69 480
Conjunto 160: 196 69 480
Conjunto 161: 69 480
Conjunto 162: 150 344 294 234 124 362
Conjunto 163: 344 294 234 124 362
Conjunto 164: 294 234 124 362
Conjunto 165: 234 124 362
Conjunto 166: 124 362
Conjunto 167: 34 341
Conjunto 168: 416 370 108 23 297
Conjunto 169: 370 108 23 297
Conjunto 170: 108 23 297
Conjunto 171: 23 297 231
Conjunto 172: 297 231
Conjunto 173: 231 455
Conjunto 174: 216 195 442 423
Conjunto 175: 195 442 423 375
Conjunto 176: 442 423 375
Conjunto 177: 423 375
Conjunto 178: 375 363 268
Conjunto 179: 363 268 451 86
Conjunto 180: 268 451 86 443 371
Conjunto 181: 451 86 443 371
Conjunto 182: 86 443 371
Conjunto 183: 443 371
Conjunto 184: 371 290 122 208
Conjunto 185: 290 122 208
Conjunto 186: 122 208 296 103
Conjunto 187: 208 296 103
Conjunto 188: 296 103 189
Conjunto 189: 103 189
Conjunto 190: 189 440
Conjunto 191: 440 38 428
Conjunto 192: 38 428 179 404 332 422 27
Conjunto 193: 428 179 404 332 422 27
Conjunto 194: 179 404 332 422 27
Conjunto 195: 404 332 422 27
Conjunto 196: 332 422 27
Conjunto 197: 422 27 282
Conjunto 198: 27 282
Conjunto 199: 282 277 397 292 400
Conjunto 200: 277 397 292 400
Conjunto 201: 397 292 400
Conjunto 202: 292 400 281
Conjunto 203: 400 281
Conjunto 204: 281 369 401 447
Conjunto 205: 369 401 447 217 241 266
Conjunto 206: 401 447 217 241 266 174
Conjunto 207: 447 217 241 266 174 471
Conjunto 208: 217 241 266 174 471 155
Conjunto 209: 241 266 174 471 155
Conjunto 210: 266 174 471 155
Conjunto 211: 174 471 155 378 321 223 354
Conjunto 212: 471 155 378 321 223 354
Conjunto 213: 155 378 321 223 354
Conjunto 214: 378 321 223 354 156
Conjunto 215: 321 223 354 156
Conjunto 216: 223 354 156
Conjunto 217: 354 156
Conjunto 218: 156 236
Conjunto 219: 236 248
Conjunto 220: 248 364 76 261
Conjunto 221: 364 76 261
Conjunto 222: 76 261
Conjunto 223: 261 97
Conjunto 224: 97 347
Conjunto 225: 347 271
Conjunto 226: 271 228
Conjunto 227: 228 334
Conjunto 228: 334 437
Conjunto 229: 437 18
Conjunto 230: 18 383 468 110 90 309 78 319
Conjunto 231: 383 468 110 90 309 78 319
Conjunto 232: 468 110 90 309 78 319 7 229
Conjunto 233: 110 90 309 78 319 7 229
Conjunto 234: 90 309 78 319 7 229
Conjunto 235: 309 78 319 7 229
Conjunto 236: 78 319 7 229
Conjunto 237: 319 7 229
Conjunto 238: 7 229
Conjunto 239: 149 391 227
Conjunto 240: 391 227
Conjunto 241: 227 152 479 157
Conjunto 242: 152 479 157
Conjunto 243: 479 157 486 154
Conjunto 244: 157 486 154
Conjunto 245: 486 154 403 144 163
Conjunto 246: 154 403 144 163
Conjunto 247: 403 144 163 184 232
Conjunto 248: 144 163 184 232 491
Conjunto 249: 163 184 232 491
Conjunto 250: 184 232 491 414
Conjunto 251: 232 491 414 2 345
Conjunto 252: 491 414 2 345
Conjunto 253: 414 2 345 153 54
Conjunto 254: 2 345 153 54 446
Conjunto 255: 345 153 54 446
Conjunto 256: 153 54 446
Conjunto 257: 54 446
Conjunto 258: 188 259 278
Conjunto 259: 259 278
Conjunto 260: 278 182
Conjunto 261: 182 93 410 130 465 453
Conjunto 262: 93 410 130 465 453
Conjunto 263: 410 130 465 453 463
Conjunto 264: 130 465 453 463
Conjunto 265: 465 453 463 351
Conjunto 266: 453 463 351
Conjunto 267: 463 351
Conjunto 268: 351 254 384 458
Conjunto 269: 254 384 458 121 134 305
Conjunto 270: 384 458 121 134 305
Conjunto 271: 458 121 134 305
Conjunto 272: 121 134 305 59 252 406
Conjunto 273: 134 305 59 252 406
Conjunto 274: 305 59 252 406
Conjunto 275: 59 252 406 253 429
Conjunto 276: 252 406 253 429
Conjunto 277: 406 253 429
Conjunto 278: 253 429 340 230
Conjunto 279: 429 340 230
Conjunto 280: 340 230 26
Conjunto 281: 230 26 46
Conjunto 282: 26 46 3
Conjunto 283: 46 3 431
Conjunto 284: 3 431
Conjunto 285: 431 65 10 43
Conjunto 286: 65 10 43
Conjunto 287: 10 43
Conjunto 288: 43 249 472 126
Conjunto 289: 249 472 126
Conjunto 290: 472 126
Conjunto 291: 192 32 264 291 274
Conjunto 292: 32 264 291 274 239
Conjunto 293: 264 291 274 239 109
Conjunto 294: 291 274 239 109
Conjunto 295: 274 239 109
Conjunto 296: 239 109
Conjunto 297: 394 226 361
Conjunto 298: 226 361
Conjunto 299: 361 56
Conjunto 300: 56 392 256
Conjunto 301: 392 256
Conjunto 302: 51 286
Conjunto 303: 286 415
Conjunto 304: 438 372
Conjunto 305: 372 164
Conjunto 306: 164 245
Conjunto 307: 245 367
Conjunto 308: 301 83 424
Conjunto 309: 83 424
Conjunto 310: 424 166
Conjunto 311: 166 28 317 481 385 147
Conjunto 312: 28 317 481 385 147
Conjunto 313: 317 481 385 147
Conjunto 314: 481 385 147
Conjunto 315: 385 147 287 233
Conjunto 316: 147 287 233
Conjunto 317: 287 233 310
Conjunto 318: 233 310
Conjunto 319: 207 61 212
Conjunto 320: 61 212
Conjunto 321: 212 436
Conjunto 322: 436 199
Conjunto 323: 199 101 175 120
Conjunto 324: 101 175 120
Conjunto 325: 175 120 466
Conjunto 326: 120 466
Conjunto 327: 466 42
Conjunto 328: 37 5
Conjunto 329: 485 311
Conjunto 330: 311 133
Conjunto 331: 133 21
Conjunto 332: 21 419
Conjunto 333: 419 359
Conjunto 334: 359 185 111
Conjunto 335: 185 111 191
Conjunto 336: 111 191
Conjunto 337: 191 9
Conjunto 338: 9 173
Conjunto 339: 173 214
Conjunto 340: 214 49 331
Conjunto 341: 49 331 16
Conjunto 342: 331 16
Conjunto 343: 16 308 148 255 25
Conjunto 344: 308 148 255 25 75
Conjunto 345: 148 255 25 75
Conjunto 346: 255 25 75
Conjunto 347: 25 75
Conjunto 348: 75 31
Conjunto 349: 31 459
Conjunto 350: 459 84 41
Conjunto 351: 84 41
Conjunto 352: 172 48 47
Conjunto 353: 48 47
Conjunto 354: 52 161
Conjunto 355: 132 24
Conjunto 356: 24 105
Conjunto 357: 105 50
Conjunto 358: 50 1
Conjunto 359: 1 187
Conjunto 360: 118 190
Conjunto 361: 350 270
