================================================================================= 
=== UFF - Doutorado em Computação - Aplicaçoes em Sistemas de Potencia        === 
=== ESTIMADOR DE ESTADO MÍNIMOS QUADRADOS PONDERADOS INCLUINDO MEDIDAS DE PMU === 
=== Desenvolvido por: Rui Menezes de Moraes - 2009                            === 
================================================================================= 
Arquivo de medidores:          F:\Documents\Uff\Artigos\SimSEP\VERSAO WELDAN V2\Codigos\Med\ieee57_10_1000.med
Arquivo do sistema:            F:\Documents\Uff\Artigos\SimSEP\VERSAO WELDAN V2\Codigos\Carga\ieee57_10_1000.txt
Tolerância entre iteraçoes:     1.00e-04
Limite de iteraçoes:           100

--- DADOS DA REDE --------------------------------------------------------------- 
Data do caso:                  08/25/93
Origem:                        UW ARCHIVE          
MVA base:                      100
Ano:                           1961
Estação:                       W
Identificação:                 IEEE 57 Bus Test Case
Número de barras:              57 
Número de ramos:               80 
Referência na barra:           1

--- TELEMEDIDAS ------------------------------------------------------------------
    Tipo 1 = Fluxo de potencia ativa        Tipo  6 = Módulo da tensão            
    Tipo 2 = Injeção de potencia ativa      Tipo  7 = Corrente de ramo (real)     
    Tipo 3 = Ângulo de fase da tensão       Tipo  8 = Corrente de ramo (imag)     
    Tipo 4 = Fluxo de potencia reativa      Tipo  9 = Injeção de corrente (real)  
    Tipo 5 = Injeção de potencia reativa    Tipo 10 = Injeção de corrente (imag)  
----------------------------------------------------------------------------------
   N    D    P TP  PN ST   Exa   FS       DP      V_Ref      V_Med          E(%) 
----------------------------------------------------------------------------------
   1    0    1  6   0  0 0.015 01.1  0.00520   +1.04000   +1.04079     +0.075962 
   2    0    2  6   0  0 0.015 01.1  0.00505   +1.01000   +1.01776     +0.768317 
   3    0    3  6   0  0 0.015 01.1  0.00490   +0.97973   +0.98237     +0.269462 
   4    0    4  6   0  0 0.015 01.1  0.00486   +0.97245   +0.97942     +0.716746 
   5    0    5  6   0  0 0.015 01.1  0.00485   +0.96935   +0.96410     -0.541600 
   6    0    6  6   0  0 0.015 01.1  0.00488   +0.97630   +0.98650     +1.044761 
   7    0    7  6   0  0 0.015 01.1  0.00487   +0.97444   +0.97425     -0.019498 
   8    0    8  6   0  0 0.015 01.1  0.00502   +1.00500   +0.99339     -1.155224 
   9    0    9  6   0  0 0.015 01.1  0.00485   +0.97040   +0.97949     +0.936727 
  10    0   10  6   0  0 0.015 01.1  0.00475   +0.95035   +0.95511     +0.500868 
  11    0   11  6   0  0 0.015 01.1  0.00474   +0.94837   +0.94500     -0.355347 
  12    0   12  6   0  0 0.015 01.1  0.00490   +0.97929   +0.98572     +0.656598 
  13    0   13  6   0  0 0.015 01.1  0.00474   +0.94746   +0.94515     -0.243810 
  14    0   14  6   0  0 0.015 01.1  0.00469   +0.93732   +0.92483     -1.332523 
  15    0   15  6   0  0 0.015 01.1  0.00483   +0.96515   +0.96761     +0.254883 
  16    0   16  6   0  0 0.015 01.1  0.00488   +0.97646   +0.97057     -0.603199 
  17    0   17  6   0  0 0.015 01.1  0.00495   +0.99023   +0.98754     -0.271654 
  18    0   18  6   0  0 0.015 01.1  0.00488   +0.97695   +0.97947     +0.257946 
  19    0   19  6   0  0 0.015 01.1  0.00464   +0.92770   +0.92257     -0.552980 
  20    0   20  6   0  0 0.015 01.1  0.00457   +0.91467   +0.90499     -1.058305 
  21    0   21  6   0  0 0.015 01.1  0.00476   +0.95203   +0.96607     +1.474743 
  22    0   22  6   0  0 0.015 01.1  0.00476   +0.95272   +0.94151     -1.176631 
  23    0   23  6   0  0 0.015 01.1  0.00475   +0.95058   +0.94585     -0.497591 
  24    0   24  6   0  0 0.015 01.1  0.00468   +0.93597   +0.92299     -1.386797 
  25    0   25  6   0  0 0.015 01.1  0.00444   +0.88769   +0.89894     +1.267334 
  26    0   26  6   0  0 0.015 01.1  0.00451   +0.90156   +0.89813     -0.380452 
  27    0   27  6   0  0 0.015 01.1  0.00472   +0.94417   +0.95803     +1.467956 
  28    0   28  6   0  0 0.015 01.1  0.00485   +0.96919   +0.97045     +0.130005 
  29    0   29  6   0  0 0.015 01.1  0.00495   +0.99021   +0.99209     +0.189859 
  30    0   30  6   0  0 0.015 01.1  0.00429   +0.85852   +0.85048     -0.936495 
  31    0   31  6   0  0 0.015 01.1  0.00410   +0.81996   +0.81296     -0.853700 
  32    0   32  6   0  0 0.015 01.1  0.00422   +0.84476   +0.84439     -0.043799 
  33    0   33  6   0  0 0.015 01.1  0.00421   +0.84132   +0.83424     -0.841535 
  34    0   34  6   0  0 0.015 01.1  0.00439   +0.87908   +0.89060     +1.310461 
  35    0   35  6   0  0 0.015 01.1  0.00445   +0.89042   +0.88448     -0.667101 
  36    0   36  6   0  0 0.015 01.1  0.00453   +0.90527   +0.91757     +1.358711 
  37    0   37  6   0  0 0.015 01.1  0.00459   +0.91815   +0.92683     +0.945379 
  38    0   38  6   0  0 0.015 01.1  0.00479   +0.95709   +0.95277     -0.451368 
  39    0   39  6   0  0 0.015 01.1  0.00458   +0.91554   +0.90240     -1.435219 
  40    0   40  6   0  0 0.015 01.1  0.00451   +0.90199   +0.89769     -0.476724 
  41    0   41  6   0  0 0.015 01.1  0.00474   +0.94860   +0.94531     -0.346827 
  42    0   42  6   0  0 0.015 01.1  0.00450   +0.90060   +0.88961     -1.220298 
  43    0   43  6   0  0 0.015 01.1  0.00488   +0.97630   +0.99005     +1.408379 
  44    0   44  6   0  0 0.015 01.1  0.00484   +0.96711   +0.95811     -0.930608 
  45    0   45  6   0  0 0.015 01.1  0.00502   +1.00492   +0.99481     -1.006050 
  46    0   46  6   0  0 0.015 01.1  0.00509   +1.01770   +1.01792     +0.021617 
  47    0   47  6   0  0 0.015 01.1  0.00491   +0.98255   +0.98280     +0.025444 
  48    0   48  6   0  0 0.015 01.1  0.00487   +0.97498   +0.96186     -1.345669 
  49    0   49  6   0  0 0.015 01.1  0.00492   +0.98500   +0.98107     -0.398985 
  50    0   50  6   0  0 0.015 01.1  0.00484   +0.96730   +0.96977     +0.255350 
  51    0   51  6   0  0 0.015 01.1  0.00505   +1.00892   +1.02389     +1.483765 
  52    0   52  6   0  0 0.015 01.1  0.00473   +0.94550   +0.94366     -0.194606 
  53    0   53  6   0  0 0.015 01.1  0.00465   +0.93047   +0.93595     +0.588950 
  54    0   54  6   0  0 0.015 01.1  0.00484   +0.96755   +0.95351     -1.451088 
  55    0   55  6   0  0 0.015 01.1  0.00509   +1.01742   +1.00682     -1.041851 
  56    0   56  6   0  0 0.015 01.1  0.00449   +0.89779   +0.90855     +1.198499 
  57    0   57  6   0  0 0.015 01.1  0.00445   +0.88985   +0.87774     -1.360904 
  58    0    1  2   0  0 0.020 01.0  0.05029   +7.28375   +7.14172     -1.949957 
  59    0    2  2   0  0 0.020 01.0  0.00200   -0.04000   -0.03911     -2.225000 
  60    0    3  2   0  0 0.020 01.0  0.00270   -0.14500   -0.14759     +1.786207 
  61    0    4  2   0  0 0.020 01.0  0.00173   +0.00000   -0.00292     +0.000000 
  62    0    5  2   0  0 0.020 01.0  0.00289   -0.17300   -0.16600     -4.046243 
  63    0    6  2   0  0 0.020 01.0  0.00839   -0.99800   -0.98879     -0.922846 
  64    0    7  2   0  0 0.020 01.0  0.00173   -0.00000   -0.00133     +0.000000 
  65    0    8  2   0  0 0.020 01.0  0.01843   +2.50500   +2.49406     -0.436727 
  66    0    9  2   0  0 0.020 01.0  0.00343   -0.25400   -0.26007     +2.389764 
  67    0   10  2   0  0 0.020 01.0  0.00263   -0.13500   -0.13914     +3.066667 
  68    0   11  2   0  0 0.020 01.0  0.00173   -0.00000   +0.00400     +0.000000 
  69    0   12  2   0  0 0.020 01.0  0.01449   -1.91400   -1.87737     -1.913793 
  70    0   13  2   0  0 0.020 01.0  0.00333   -0.23900   -0.23338     -2.351464 
  71    0   14  2   0  0 0.020 01.0  0.00267   -0.14000   -0.14413     +2.950000 
  72    0   15  2   0  0 0.020 01.0  0.00369   -0.29300   -0.29115     -0.631399 
  73    0   16  2   0  0 0.020 01.0  0.00555   -0.57200   -0.58192     +1.734266 
  74    0   17  2   0  0 0.020 01.0  0.00546   -0.55900   -0.57122     +2.186047 
  75    0   18  2   0  0 0.020 01.0  0.00415   -0.36200   -0.35733     -1.290055 
  76    0   19  2   0  0 0.020 01.0  0.00203   -0.04400   -0.03901    -11.340909 
  77    0   20  2   0  0 0.020 01.0  0.00194   -0.03100   -0.02808     -9.419355 
  78    0   21  2   0  0 0.020 01.0  0.00173   +0.00000   +0.00336     +0.000000 
  79    0   22  2   0  0 0.020 01.0  0.00173   +0.00000   -0.00286     +0.000000 
  80    0   23  2   0  0 0.020 01.0  0.00229   -0.08400   -0.08556     +1.857143 
  81    0   24  2   0  0 0.020 01.0  0.00173   -0.00000   -0.00085     +0.000000 
  82    0   25  2   0  0 0.020 01.0  0.00229   -0.08400   -0.07800     -7.142857 
  83    0   26  2   0  0 0.020 01.0  0.00173   -0.00000   -0.00410     +0.000000 
  84    0   27  2   0  0 0.020 01.0  0.00256   -0.12400   -0.12352     -0.387097 
  85    0   28  2   0  0 0.020 01.0  0.00214   -0.06100   -0.05944     -2.557377 
  86    0   29  2   0  0 0.020 01.0  0.00324   -0.22600   -0.23027     +1.889381 
  87    0   30  2   0  0 0.020 01.0  0.00205   -0.04800   -0.05172     +7.750000 
  88    0   31  2   0  0 0.020 01.0  0.00225   -0.07700   -0.07823     +1.597403 
  89    0   32  2   0  0 0.020 01.0  0.00187   -0.02100   -0.02254     +7.333333 
  90    0   33  2   0  0 0.020 01.0  0.00207   -0.05100   -0.05521     +8.254902 
  91    0   34  2   0  0 0.020 01.0  0.00173   -0.00000   +0.00409     +0.000000 
  92    0   35  2   0  0 0.020 01.0  0.00227   -0.08000   -0.08081     +1.012500 
  93    0   36  2   0  0 0.020 01.0  0.00173   -0.00000   +0.00177     +0.000000 
  94    0   37  2   0  0 0.020 01.0  0.00173   +0.00000   -0.00301     +0.000000 
  95    0   38  2   0  0 0.020 01.0  0.00297   -0.18600   -0.18651     +0.274194 
  96    0   39  2   0  0 0.020 01.0  0.00173   -0.00000   -0.00468     +0.000000 
  97    0   40  2   0  0 0.020 01.0  0.00173   -0.00000   -0.00004     +0.000000 
  98    0   41  2   0  0 0.020 01.0  0.00229   -0.08400   -0.08717     +3.773810 
  99    0   42  2   0  0 0.020 01.0  0.00236   -0.09400   -0.09139     -2.776596 
 100    0   43  2   0  0 0.020 01.0  0.00191   -0.02700   -0.02415    -10.555556 
 101    0   44  2   0  0 0.020 01.0  0.00280   -0.16000   -0.16182     +1.137500 
 102    0   45  2   0  0 0.020 01.0  0.00173   +0.00000   +0.00061     +0.000000 
 103    0   46  2   0  0 0.020 01.0  0.00173   +0.00000   +0.00242     +0.000000 
 104    0   47  2   0  0 0.020 01.0  0.00437   -0.39500   -0.39208     -0.739241 
 105    0   48  2   0  0 0.020 01.0  0.00173   -0.00000   +0.00084     +0.000000 
 106    0   49  2   0  0 0.020 01.0  0.00333   -0.23900   -0.24757     +3.585774 
 107    0   50  2   0  0 0.020 01.0  0.00359   -0.27900   -0.28171     +0.971326 
 108    0   51  2   0  0 0.020 01.0  0.00333   -0.23900   -0.24831     +3.895397 
 109    0   52  2   0  0 0.020 01.0  0.00217   -0.06500   -0.06622     +1.876923 
 110    0   53  2   0  0 0.020 01.0  0.00351   -0.26600   -0.26268     -1.248120 
 111    0   54  2   0  0 0.020 01.0  0.00210   -0.05500   -0.05405     -1.727273 
 112    0   55  2   0  0 0.020 01.0  0.00233   -0.09000   -0.08334     -7.400000 
 113    0   56  2   0  0 0.020 01.0  0.00241   -0.10100   -0.10184     +0.831683 
 114    0   57  2   0  0 0.020 01.0  0.00233   -0.08900   -0.08512     -4.359551 
 115    0    1  5   0  0 0.020 01.0  0.01188   +1.52141   +1.52636     +0.325356 
 116    0    2  5   0  0 0.020 01.0  0.00664   -0.73682   -0.75591     +2.590863 
 117    0    3  5   0  0 0.020 01.0  0.00387   +0.32100   +0.32129     +0.090343 
 118    0    4  5   0  0 0.020 01.0  0.00173   +0.00000   -0.00096     +0.000000 
 119    0    5  5   0  0 0.020 01.0  0.00209   -0.05300   -0.05651     +6.622642 
 120    0    6  5   0  0 0.020 01.0  0.00322   +0.22300   +0.21779     -2.336323 
 121    0    7  5   0  0 0.020 01.0  0.00173   +0.00000   -0.00064     +0.000000 
 122    0    8  5   0  0 0.020 01.0  0.00711   +0.80591   +0.82382     +2.222333 
 123    0    9  5   0  0 0.020 01.0  0.00207   -0.05000   -0.05224     +4.480000 
 124    0   10  5   0  0 0.020 01.0  0.00209   -0.05400   -0.05671     +5.018519 
 125    0   11  5   0  0 0.020 01.0  0.00173   -0.00000   -0.00142     +0.000000 
 126    0   12  5   0  0 0.020 01.0  0.00994   +1.23100   +1.23096     -0.003249 
 127    0   13  5   0  0 0.020 01.0  0.00194   -0.03100   -0.02735    -11.774194 
 128    0   14  5   0  0 0.020 01.0  0.00220   -0.07000   -0.07350     +5.000000 
 129    0   15  5   0  0 0.020 01.0  0.00218   -0.06700   -0.07325     +9.328358 
 130    0   16  5   0  0 0.020 01.0  0.00200   -0.04000   -0.04239     +5.975000 
 131    0   17  5   0  0 0.020 01.0  0.00244   -0.10600   -0.10896     +2.792453 
 132    0   18  5   0  0 0.020 01.0  0.00260   -0.13000   -0.12492     -3.907692 
 133    0   19  5   0  0 0.020 01.0  0.00179   -0.00800   -0.01190    +48.750000 
 134    0   20  5   0  0 0.020 01.0  0.00182   -0.01300   -0.00956    -26.461538 
 135    0   21  5   0  0 0.020 01.0  0.00173   -0.00000   +0.00376     +0.000000 
 136    0   22  5   0  0 0.020 01.0  0.00173   -0.00000   +0.00055     +0.000000 
 137    0   23  5   0  0 0.020 01.0  0.00192   -0.02800   -0.03355    +19.821429 
 138    0   24  5   0  0 0.020 01.0  0.00173   -0.00000   +0.00008     +0.000000 
 139    0   25  5   0  0 0.020 01.0  0.00202   -0.04300   -0.04041     -6.023256 
 140    0   26  5   0  0 0.020 01.0  0.00173   +0.00000   +0.00206     +0.000000 
 141    0   27  5   0  0 0.020 01.0  0.00178   -0.00700   -0.00280    -60.000000 
 142    0   28  5   0  0 0.020 01.0  0.00194   -0.03100   -0.02866     -7.548387 
 143    0   29  5   0  0 0.020 01.0  0.00197   -0.03500   -0.02984    -14.742857 
 144    0   30  5   0  0 0.020 01.0  0.00189   -0.02400   -0.02956    +23.166667 
 145    0   31  5   0  0 0.020 01.0  0.00199   -0.03900   -0.03518     -9.794872 
 146    0   32  5   0  0 0.020 01.0  0.00181   -0.01100   -0.01605    +45.909091 
 147    0   33  5   0  0 0.020 01.0  0.00190   -0.02500   -0.02482     -0.720000 
 148    0   34  5   0  0 0.020 01.0  0.00173   -0.00000   +0.00159     +0.000000 
 149    0   35  5   0  0 0.020 01.0  0.00200   -0.04000   -0.03695     -7.625000 
 150    0   36  5   0  0 0.020 01.0  0.00173   +0.00000   -0.00229     +0.000000 
 151    0   37  5   0  0 0.020 01.0  0.00173   +0.00000   +0.00107     +0.000000 
 152    0   38  5   0  0 0.020 01.0  0.00235   -0.09300   -0.08751     -5.903226 
 153    0   39  5   0  0 0.020 01.0  0.00173   +0.00000   +0.00149     +0.000000 
 154    0   40  5   0  0 0.020 01.0  0.00173   +0.00000   +0.00298     +0.000000 
 155    0   41  5   0  0 0.020 01.0  0.00200   -0.04000   -0.04011     +0.275000 
 156    0   42  5   0  0 0.020 01.0  0.00213   -0.05900   -0.06023     +2.084746 
 157    0   43  5   0  0 0.020 01.0  0.00182   -0.01300   -0.00888    -31.692308 
 158    0   44  5   0  0 0.020 01.0  0.00189   -0.02400   -0.02164     -9.833333 
 159    0   45  5   0  0 0.020 01.0  0.00173   +0.00000   +0.00340     +0.000000 
 160    0   46  5   0  0 0.020 01.0  0.00173   +0.00000   -0.00509     +0.000000 
 161    0   47  5   0  0 0.020 01.0  0.00276   -0.15400   -0.16070     +4.350649 
 162    0   48  5   0  0 0.020 01.0  0.00173   +0.00000   +0.00045     +0.000000 
 163    0   49  5   0  0 0.020 01.0  0.00249   -0.11300   -0.10769     -4.699115 
 164    0   50  5   0  0 0.020 01.0  0.00267   -0.14000   -0.14377     +2.692857 
 165    0   51  5   0  0 0.020 01.0  0.00220   -0.07000   -0.06636     -5.200000 
 166    0   52  5   0  0 0.020 01.0  0.00193   -0.02900   -0.02741     -5.482759 
 167    0   53  5   0  0 0.020 01.0  0.00262   -0.13300   -0.12946     -2.661654 
 168    0   54  5   0  0 0.020 01.0  0.00186   -0.01900   -0.01460    -23.157895 
 169    0   55  5   0  0 0.020 01.0  0.00203   -0.04500   -0.04173     -7.266667 
 170    0   56  5   0  0 0.020 01.0  0.00193   -0.02900   -0.03239    +11.689655 
 171    0   57  5   0  0 0.020 01.0  0.00191   -0.02700   -0.03224    +19.407407 
 172    1    2  1   0  0 0.020 01.0  0.01393   +1.83019   +1.80122     -1.582896 
 173    2    3  1   0  0 0.020 01.0  0.01348   +1.76165   +1.77930     +1.001902 
 174    3    4  1   0  0 0.020 01.0  0.00924   +1.12619   +1.10560     -1.828288 
 175    4    5  1   0  0 0.020 01.0  0.00378   +0.30693   +0.30060     -2.062359 
 176    4    6  1   0  0 0.020 01.0  0.00425   +0.37705   +0.37587     -0.312956 
 177    6    7  1   0  0 0.020 01.0  0.00238   -0.09738   -0.09788     +0.513452 
 178    6    8  1   0  0 0.020 01.0  0.00443   -0.40522   -0.41614     +2.694832 
 179    8    9  1   0  0 0.020 01.0  0.01001   +1.24174   +1.24215     +0.033018 
 180    9   10  1   0  0 0.020 01.0  0.00391   +0.32645   +0.31652     -3.041813 
 181    9   11  1   0  0 0.020 01.0  0.00305   +0.19718   +0.19108     -3.093620 
 182    9   12  1   0  0 0.020 01.0  0.00247   +0.11068   +0.11435     +3.315866 
 183    9   13  1   0  0 0.020 01.0  0.00207   +0.04996   +0.04790     -4.123299 
 184   13   14  1   0  0 0.020 01.0  0.00362   -0.28366   -0.28790     +1.494747 
 185   13   15  1   0  0 0.020 01.0  0.00725   -0.82749   -0.81362     -1.676153 
 186    1   15  1   0  0 0.020 01.0  0.01855   +2.52196   +2.57560     +2.126917 
 187    1   16  1   0  0 0.020 01.0  0.01087   +1.37083   +1.40142     +2.231495 
 188    1   17  1   0  0 0.020 01.0  0.01214   +1.56077   +1.56635     +0.357516 
 189    3   15  1   0  0 0.020 01.0  0.00440   +0.39940   +0.39237     -1.760140 
 190    4   18  1   0  0 0.020 01.0  0.00298   +0.18737   +0.18365     -1.985377 
 191    4   18  1   0  0 0.020 01.0  0.00333   +0.23986   +0.24333     +1.446677 
 192    5    6  1   0  0 0.020 01.0  0.00258   +0.12686   +0.12800     +0.898628 
 193    7    8  1   0  0 0.020 01.0  0.00734   -0.84089   -0.85412     +1.573333 
 194   10   12  1   0  0 0.020 01.0  0.00295   -0.18238   -0.17427     -4.446760 
 195   11   13  1   0  0 0.020 01.0  0.00251   -0.11727   -0.11974     +2.106251 
 196   12   13  1   0  0 0.020 01.0  0.00420   -0.37042   -0.37926     +2.386480 
 197   12   16  1   0  0 0.020 01.0  0.00645   -0.70799   -0.71463     +0.937866 
 198   12   17  1   0  0 0.020 01.0  0.00780   -0.91029   -0.92840     +1.989476 
 199   14   15  1   0  0 0.020 01.0  0.00891   -1.07693   -1.06239     -1.350134 
 200   18   19  1   0  0 0.020 01.0  0.00217   +0.06523   +0.06903     +5.825540 
 201   19   20  1   0  0 0.020 01.0  0.00186   +0.01882   +0.01979     +5.154091 
 202   21   20  1   0  0 0.020 01.0  0.00182   +0.01238   +0.00780    -36.995153 
 203   21   22  1   0  0 0.020 01.0  0.00182   -0.01238   -0.01573    +27.059774 
 204   22   23  1   0  0 0.020 01.0  0.00280   +0.15964   +0.16426     +2.894012 
 205   23   24  1   0  0 0.020 01.0  0.00224   +0.07535   +0.07338     -2.614466 
 206   24   25  1   0  0 0.020 01.0  0.00236   +0.09338   +0.09817     +5.129578 
 207   24   25  1   0  0 0.020 01.0  0.00233   +0.08973   +0.08461     -5.706007 
 208   24   26  1   0  0 0.020 01.0  0.00246   -0.10881   -0.10589     -2.683577 
 209   26   27  1   0  0 0.020 01.0  0.00246   -0.10881   -0.11338     +4.199982 
 210   27   28  1   0  0 0.020 01.0  0.00331   -0.23652   -0.23857     +0.866734 
 211   28   29  1   0  0 0.020 01.0  0.00375   -0.30199   -0.30561     +1.198715 
 212    7   29  1   0  0 0.020 01.0  0.00669   +0.74328   +0.76024     +2.281778 
 213   25   30  1   0  0 0.020 01.0  0.00239   +0.09911   +0.10397     +4.903642 
 214   30   31  1   0  0 0.020 01.0  0.00206   +0.04876   +0.05036     +3.281378 
 215   31   32  1   0  0 0.020 01.0  0.00193   -0.02983   -0.02559    -14.213879 
 216   32   33  1   0  0 0.020 01.0  0.00208   +0.05118   +0.04765     -6.897225 
 217   34   32  1   0  0 0.020 01.0  0.00242   +0.10271   +0.09640     -6.143511 
 218   34   35  1   0  0 0.020 01.0  0.00242   -0.10271   -0.10013     -2.511927 
 219   35   36  1   0  0 0.020 01.0  0.00296   -0.18365   -0.18303     -0.337599 
 220   36   37  1   0  0 0.020 01.0  0.00326   -0.22901   -0.22867     -0.148465 
 221   37   38  1   0  0 0.020 01.0  0.00360   -0.28010   -0.28538     +1.885041 
 222   37   39  1   0  0 0.020 01.0  0.00206   +0.04857   +0.05292     +8.956146 
 223   36   40  1   0  0 0.020 01.0  0.00202   +0.04300   +0.04692     +9.116279 
 224   22   38  1   0  0 0.020 01.0  0.00288   -0.17203   -0.18038     +4.853805 
 225   11   41  1   0  0 0.020 01.0  0.00257   +0.12608   +0.12569     -0.309327 
 226   41   42  1   0  0 0.020 01.0  0.00254   +0.12068   +0.12744     +5.601591 
 227   41   43  1   0  0 0.020 01.0  0.00280   -0.15929   -0.15998     +0.433172 
 228   38   44  1   0  0 0.020 01.0  0.00428   -0.38159   -0.37261     -2.353311 
 229   15   45  1   0  0 0.020 01.0  0.00551   +0.56612   +0.56729     +0.206670 
 230   14   46  1   0  0 0.020 01.0  0.00607   +0.65067   +0.64827     -0.368851 
 231   46   47  1   0  0 0.020 01.0  0.00607   +0.65067   +0.63335     -2.661872 
 232   47   48  1   0  0 0.020 01.0  0.00336   +0.24405   +0.24414     +0.036878 
 233   48   49  1   0  0 0.020 01.0  0.00187   +0.01991   +0.02412    +21.145153 
 234   49   50  1   0  0 0.020 01.0  0.00276   +0.15450   +0.16127     +4.381877 
 235   50   51  1   0  0 0.020 01.0  0.00258   -0.12660   -0.12993     +2.630332 
 236   10   51  1   0  0 0.020 01.0  0.00420   +0.36954   +0.36029     -2.503112 
 237   13   49  1   0  0 0.020 01.0  0.00455   +0.42241   +0.40877     -3.229090 
 238   29   52  1   0  0 0.020 01.0  0.00314   +0.21047   +0.20704     -1.629686 
 239   52   53  1   0  0 0.020 01.0  0.00265   +0.13809   +0.13857     +0.347599 
 240   53   54  1   0  0 0.020 01.0  0.00260   -0.12966   -0.12453     -3.956502 
 241   54   55  1   0  0 0.020 01.0  0.00299   -0.18870   -0.18558     -1.653418 
 242   11   43  1   0  0 0.020 01.0  0.00298   +0.18629   +0.19366     +3.956197 
 243   44   45  1   0  0 0.020 01.0  0.00537   -0.54622   -0.53795     -1.514042 
 244   40   56  1   0  0 0.020 01.0  0.00202   +0.04289   +0.03887     -9.372814 
 245   56   41  1   0  0 0.020 01.0  0.00224   -0.07665   -0.07040     -8.153947 
 246   56   42  1   0  0 0.020 01.0  0.00188   -0.02236   -0.02407     +7.647585 
 247   39   57  1   0  0 0.020 01.0  0.00206   +0.04847   +0.04968     +2.496390 
 248   57   56  1   0  0 0.020 01.0  0.00200   -0.04053   -0.03775     -6.859117 
 249   38   49  1   0  0 0.020 01.0  0.00204   -0.04600   -0.04146     -9.869565 
 250   38   48  1   0  0 0.020 01.0  0.00320   -0.21952   -0.22272     +1.457726 
 251    9   55  1   0  0 0.020 01.0  0.00364   +0.28611   +0.28530     -0.283108 
 252    1    2  4   0  0 0.020 01.0  0.00532   +0.53830   +0.52767     -1.974735 
 253    2    3  4   0  0 0.020 01.0  0.00280   -0.15924   -0.15980     +0.351670 
 254    3    4  4   0  0 0.020 01.0  0.00268   -0.14184   -0.14254     +0.493514 
 255    4    5  4   0  0 0.020 01.0  0.00257   -0.12562   -0.13137     +4.577297 
 256    4    6  4   0  0 0.020 01.0  0.00265   -0.13806   -0.13583     -1.615240 
 257    6    7  4   0  0 0.020 01.0  0.00190   +0.02439   +0.02890    +18.491185 
 258    6    8  4   0  0 0.020 01.0  0.00234   -0.09140   -0.09242     +1.115974 
 259    8    9  4   0  0 0.020 01.0  0.00474   +0.45166   +0.44243     -2.043573 
 260    9   10  4   0  0 0.020 01.0  0.00195   +0.03242   +0.03002     -7.402838 
 261    9   11  4   0  0 0.020 01.0  0.00295   +0.18273   +0.17492     -4.274066 
 262    9   12  4   0  0 0.020 01.0  0.00232   -0.08761   -0.09373     +6.985504 
 263    9   13  4   0  0 0.020 01.0  0.00244   +0.10653   +0.09959     -6.514597 
 264   13   14  4   0  0 0.020 01.0  0.00378   +0.30635   +0.30749     +0.372123 
 265   13   15  4   0  0 0.020 01.0  0.00232   +0.08801   +0.08889     +0.999886 
 266    1   15  4   0  0 0.020 01.0  0.00555   +0.57281   +0.56630     -1.136503 
 267    1   16  4   0  0 0.020 01.0  0.00287   +0.17099   +0.17537     +2.561553 
 268    1   17  4   0  0 0.020 01.0  0.00333   +0.23931   +0.24273     +1.429109 
 269    3   15  4   0  0 0.020 01.0  0.00257   +0.12483   +0.13160     +5.423376 
 270    4   18  4   0  0 0.020 01.0  0.00211   +0.05617   +0.05598     -0.338259 
 271    4   18  4   0  0 0.020 01.0  0.00209   +0.05294   +0.05317     +0.434454 
 272    5    6  4   0  0 0.020 01.0  0.00286   -0.16925   -0.16428     -2.936484 
 273    7    8  4   0  0 0.020 01.0  0.00333   -0.24030   -0.23887     -0.595089 
 274   10   12  4   0  0 0.020 01.0  0.00301   -0.19132   -0.18651     -2.514112 
 275   11   13  4   0  0 0.020 01.0  0.00200   +0.03966   +0.04470    +12.708018 
 276   12   13  4   0  0 0.020 01.0  0.00595   +0.63240   +0.62206     -1.635041 
 277   12   16  4   0  0 0.020 01.0  0.00310   +0.20478   +0.20679     +0.981541 
 278   12   17  4   0  0 0.020 01.0  0.00310   +0.20512   +0.20448     -0.312012 
 279   14   15  4   0  0 0.020 01.0  0.00249   -0.11385   -0.11210     -1.537110 
 280   18   19  4   0  0 0.020 01.0  0.00192   +0.02718   +0.02377    -12.545990 
 281   19   20  4   0  0 0.020 01.0  0.00184   +0.01560   +0.01756    +12.564103 
 282   21   20  4   0  0 0.020 01.0  0.00175   -0.00215   -0.00721   +235.348837 
 283   21   22  4   0  0 0.020 01.0  0.00175   +0.00215   -0.00072   -133.488372 
 284   22   23  4   0  0 0.020 01.0  0.00194   +0.03077   +0.03559    +15.664608 
 285   23   24  4   0  0 0.020 01.0  0.00175   +0.00233   +0.00514   +120.600858 
 286   24   25  4   0  0 0.020 01.0  0.00203   +0.04446   +0.04487     +0.922177 
 287   24   25  4   0  0 0.020 01.0  0.00202   +0.04273   +0.03750    -12.239644 
 288   24   26  4   0  0 0.020 01.0  0.00226   -0.07901   -0.08308     +5.151247 
 289   26   27  4   0  0 0.020 01.0  0.00227   -0.08007   -0.08671     +8.292744 
 290   27   28  4   0  0 0.020 01.0  0.00235   -0.09277   -0.08619     -7.092810 
 291   28   29  4   0  0 0.020 01.0  0.00261   -0.13068   -0.12549     -3.971534 
 292    7   29  4   0  0 0.020 01.0  0.00366   +0.28978   +0.28857     -0.417558 
 293   25   30  4   0  0 0.020 01.0  0.00215   +0.06238   +0.06870    +10.131452 
 294   30   31  4   0  0 0.020 01.0  0.00197   +0.03486   +0.03833     +9.954102 
 295   31   32  4   0  0 0.020 01.0  0.00178   -0.00656   -0.00668     +1.829268 
 296   32   33  4   0  0 0.020 01.0  0.00190   +0.02516   +0.02095    -16.732909 
 297   34   32  4   0  0 0.020 01.0  0.00214   +0.06042   +0.05673     -6.107249 
 298   34   35  4   0  0 0.020 01.0  0.00214   -0.06042   -0.05617     -7.034095 
 299   35   36  4   0  0 0.020 01.0  0.00240   -0.09933   -0.10186     +2.547065 
 300   36   37  4   0  0 0.020 01.0  0.00265   -0.13693   -0.13314     -2.767838 
 301   37   38  4   0  0 0.020 01.0  0.00288   -0.17278   -0.17867     +3.408959 
 302   37   39  4   0  0 0.020 01.0  0.00195   +0.03267   +0.03538     +8.295072 
 303   36   40  4   0  0 0.020 01.0  0.00197   +0.03595   +0.03067    -14.687065 
 304   22   38  4   0  0 0.020 01.0  0.00192   -0.02864   -0.02616     -8.659218 
 305   11   41  4   0  0 0.020 01.0  0.00217   +0.06528   +0.06035     -7.552083 
 306   41   42  4   0  0 0.020 01.0  0.00213   +0.05989   +0.06609    +10.352313 
 307   41   43  4   0  0 0.020 01.0  0.00212   -0.05813   -0.05695     -2.029933 
 308   38   44  4   0  0 0.020 01.0  0.00192   +0.02865   +0.02599     -9.284468 
 309   15   45  4   0  0 0.020 01.0  0.00221   +0.07181   +0.07090     -1.267233 
 310   14   46  4   0  0 0.020 01.0  0.00408   +0.35139   +0.36192     +2.996670 
 311   46   47  4   0  0 0.020 01.0  0.00383   +0.31434   +0.31452     +0.057263 
 312   47   48  4   0  0 0.020 01.0  0.00260   +0.12919   +0.12240     -5.255825 
 313   48   49  4   0  0 0.020 01.0  0.00234   -0.09050   -0.08827     -2.464088 
 314   49   50  4   0  0 0.020 01.0  0.00200   +0.04059   +0.03998     -1.502833 
 315   50   51  4   0  0 0.020 01.0  0.00242   -0.10277   -0.10789     +4.981999 
 316   10   51  4   0  0 0.020 01.0  0.00300   +0.19082   +0.19578     +2.599308 
 317   13   49  4   0  0 0.020 01.0  0.00456   +0.42441   +0.42527     +0.202634 
 318   29   52  4   0  0 0.020 01.0  0.00225   +0.07672   +0.07117     -7.234098 
 319   52   53  4   0  0 0.020 01.0  0.00199   +0.03814   +0.04292    +12.532774 
 320   53   54  4   0  0 0.020 01.0  0.00202   -0.04257   -0.03811    -10.476862 
 321   54   55  4   0  0 0.020 01.0  0.00218   -0.06656   -0.07236     +8.713942 
 322   11   43  4   0  0 0.020 01.0  0.00234   +0.09101   +0.09298     +2.164597 
 323   44   45  4   0  0 0.020 01.0  0.00175   -0.00285   +0.00124   -143.508772 
 324   40   56  4   0  0 0.020 01.0  0.00197   +0.03577   +0.03397     -5.032150 
 325   56   41  4   0  0 0.020 01.0  0.00176   -0.00419   -0.00243    -42.004773 
 326   56   42  4   0  0 0.020 01.0  0.00178   +0.00645   +0.00596     -7.596899 
 327   39   57  4   0  0 0.020 01.0  0.00195   +0.03251   +0.03189     -1.907106 
 328   57   56  4   0  0 0.020 01.0  0.00173   +0.00022   -0.00480  -2281.818182 
 329   38   49  4   0  0 0.020 01.0  0.00255   -0.12230   -0.11678     -4.513491 
 330   38   48  4   0  0 0.020 01.0  0.00315   -0.21292   -0.20464     -3.888785 
 331    9   55  4   0  0 0.020 01.0  0.00262   +0.13249   +0.13215     -0.256623 
 332    2    1  1   0  0 0.020 01.0  0.01374   -1.80165   -1.79589     -0.319707 
 333    3    2  1   0  0 0.020 01.0  0.01287   -1.67059   -1.63253     -2.278237 
 334    4    3  1   0  0 0.020 01.0  0.00914   -1.11121   -1.11647     +0.473358 
 335    5    4  1   0  0 0.020 01.0  0.00373   -0.29986   -0.30613     +2.090976 
 336    6    4  1   0  0 0.020 01.0  0.00420   -0.36991   -0.36068     -2.495202 
 337    7    6  1   0  0 0.020 01.0  0.00238   +0.09761   +0.10031     +2.766110 
 338    8    6  1   0  0 0.020 01.0  0.00447   +0.41123   +0.40241     -2.144785 
 339    9    8  1   0  0 0.020 01.0  0.00990   -1.22438   -1.25353     +2.380797 
 340   10    9  1   0  0 0.020 01.0  0.00388   -0.32217   -0.32987     +2.390043 
 341   11    9  1   0  0 0.020 01.0  0.00303   -0.19510   -0.20044     +2.737058 
 342   12    9  1   0  0 0.020 01.0  0.00246   -0.10965   -0.10371     -5.417237 
 343   13    9  1   0  0 0.020 01.0  0.00206   -0.04902   -0.04644     -5.263158 
 344   14   13  1   0  0 0.020 01.0  0.00364   +0.28626   +0.27822     -2.808636 
 345   15   13  1   0  0 0.020 01.0  0.00739   +0.84830   +0.84498     -0.391371 
 346   15    1  1   0  0 0.020 01.0  0.01781   -2.41083   -2.39358     -0.715521 
 347   16    1  1   0  0 0.020 01.0  0.01034   -1.29027   -1.30128     +0.853310 
 348   17    1  1   0  0 0.020 01.0  0.01177   -1.50574   -1.49886     -0.456918 
 349   15    3  1   0  0 0.020 01.0  0.00438   -0.39632   -0.40392     +1.917642 
 350   18    4  1   0  0 0.020 01.0  0.00298   -0.18737   -0.19292     +2.962054 
 351   18    4  1   0  0 0.020 01.0  0.00333   -0.23986   -0.24569     +2.430585 
 352    6    5  1   0  0 0.020 01.0  0.00257   -0.12548   -0.12219     -2.621932 
 353    8    7  1   0  0 0.020 01.0  0.00741   +0.85202   +0.84102     -1.291050 
 354   12   10  1   0  0 0.020 01.0  0.00296   +0.18435   +0.18026     -2.218606 
 355   13   11  1   0  0 0.020 01.0  0.00252   +0.11767   +0.11739     -0.237954 
 356   13   12  1   0  0 0.020 01.0  0.00427   +0.38109   +0.37392     -1.881445 
 357   16   12  1   0  0 0.020 01.0  0.00652   +0.71827   +0.71258     -0.792181 
 358   17   12  1   0  0 0.020 01.0  0.00805   +0.94674   +0.95339     +0.702410 
 359   15   14  1   0  0 0.020 01.0  0.00907   +1.09973   +1.11332     +1.235758 
 360   19   18  1   0  0 0.020 01.0  0.00215   -0.06282   -0.06291     +0.143266 
 361   20   19  1   0  0 0.020 01.0  0.00186   -0.01862   -0.01731     -7.035446 
 362   20   21  1   0  0 0.020 01.0  0.00182   -0.01238   -0.01435    +15.912763 
 363   22   21  1   0  0 0.020 01.0  0.00182   +0.01239   +0.01024    -17.352704 
 364   23   22  1   0  0 0.020 01.0  0.00280   -0.15935   -0.16536     +3.771572 
 365   24   23  1   0  0 0.020 01.0  0.00223   -0.07430   -0.06969     -6.204576 
 366   25   24  1   0  0 0.020 01.0  0.00236   -0.09338   -0.09637     +3.201970 
 367   25   24  1   0  0 0.020 01.0  0.00233   -0.08973   -0.08401     -6.374680 
 368   26   24  1   0  0 0.020 01.0  0.00246   +0.10881   +0.10311     -5.238489 
 369   27   26  1   0  0 0.020 01.0  0.00248   +0.11252   +0.11421     +1.501955 
 370   28   27  1   0  0 0.020 01.0  0.00334   +0.24099   +0.23666     -1.796755 
 371   29   28  1   0  0 0.020 01.0  0.00378   +0.30681   +0.30700     +0.061928 
 372   29    7  1   0  0 0.020 01.0  0.00669   -0.74328   -0.74172     -0.209881 
 373   30   25  1   0  0 0.020 01.0  0.00238   -0.09676   -0.10315     +6.603969 
 374   31   30  1   0  0 0.020 01.0  0.00205   -0.04717   -0.04795     +1.653593 
 375   32   31  1   0  0 0.020 01.0  0.00194   +0.03053   +0.02726    -10.710776 
 376   33   32  1   0  0 0.020 01.0  0.00207   -0.05100   -0.04580    -10.196078 
 377   32   34  1   0  0 0.020 01.0  0.00242   -0.10271   -0.09993     -2.706650 
 378   35   34  1   0  0 0.020 01.0  0.00242   +0.10365   +0.09807     -5.383502 
 379   36   35  1   0  0 0.020 01.0  0.00297   +0.18601   +0.18351     -1.344014 
 380   37   36  1   0  0 0.020 01.0  0.00328   +0.23153   +0.22772     -1.645575 
 381   38   37  1   0  0 0.020 01.0  0.00366   +0.28844   +0.28410     -1.504646 
 382   39   37  1   0  0 0.020 01.0  0.00206   -0.04847   -0.04771     -1.567980 
 383   40   36  1   0  0 0.020 01.0  0.00202   -0.04289   -0.03930     -8.370249 
 384   38   22  1   0  0 0.020 01.0  0.00288   +0.17267   +0.17215     -0.301152 
 385   41   11  1   0  0 0.020 01.0  0.00257   -0.12608   -0.12158     -3.569162 
 386   42   41  1   0  0 0.020 01.0  0.00251   -0.11650   -0.11773     +1.055794 
 387   43   41  1   0  0 0.020 01.0  0.00280   +0.15929   +0.16330     +2.517421 
 388   44   38  1   0  0 0.020 01.0  0.00431   +0.38622   +0.38253     -0.955414 
 389   45   15  1   0  0 0.020 01.0  0.00551   -0.56612   -0.55126     -2.624885 
 390   46   14  1   0  0 0.020 01.0  0.00607   -0.65067   -0.64156     -1.400095 
 391   47   46  1   0  0 0.020 01.0  0.00599   -0.63905   -0.65633     +2.704014 
 392   48   47  1   0  0 0.020 01.0  0.00335   -0.24261   -0.23748     -2.114505 
 393   49   48  1   0  0 0.020 01.0  0.00186   -0.01919   -0.01459    -23.970818 
 394   50   49  1   0  0 0.020 01.0  0.00275   -0.15240   -0.15491     +1.646982 
 395   51   50  1   0  0 0.020 01.0  0.00260   +0.13054   +0.12385     -5.124866 
 396   51   10  1   0  0 0.020 01.0  0.00420   -0.36954   -0.36060     -2.419224 
 397   49   13  1   0  0 0.020 01.0  0.00455   -0.42241   -0.43349     +2.623044 
 398   52   29  1   0  0 0.020 01.0  0.00309   -0.20309   -0.20217     -0.453001 
 399   53   52  1   0  0 0.020 01.0  0.00264   -0.13634   -0.12975     -4.833504 
 400   54   53  1   0  0 0.020 01.0  0.00263   +0.13370   +0.13405     +0.261780 
 401   55   54  1   0  0 0.020 01.0  0.00304   +0.19611   +0.18793     -4.171128 
 402   43   11  1   0  0 0.020 01.0  0.00298   -0.18629   -0.18734     +0.563637 
 403   45   44  1   0  0 0.020 01.0  0.00551   +0.56612   +0.57244     +1.116371 
 404   56   40  1   0  0 0.020 01.0  0.00202   -0.04289   -0.04578     +6.738167 
 405   41   56  1   0  0 0.020 01.0  0.00227   +0.08069   +0.08608     +6.679886 
 406   42   56  1   0  0 0.020 01.0  0.00188   +0.02250   +0.02205     -2.000000 
 407   57   39  1   0  0 0.020 01.0  0.00206   -0.04847   -0.05178     +6.828966 
 408   56   57  1   0  0 0.020 01.0  0.00201   +0.04089   +0.03723     -8.950844 
 409   49   38  1   0  0 0.020 01.0  0.00205   +0.04810   +0.05241     +8.960499 
 410   48   38  1   0  0 0.020 01.0  0.00322   +0.22271   +0.22737     +2.092407 
 411   55    9  1   0  0 0.020 01.0  0.00364   -0.28611   -0.28256     -1.240782 
 412    2    1  4   0  0 0.020 01.0  0.00558   -0.57758   -0.59074     +2.278472 
 413    3    2  4   0  0 0.020 01.0  0.00399   +0.33800   +0.34604     +2.378698 
 414    4    3  4   0  0 0.020 01.0  0.00276   +0.15457   +0.15383     -0.478747 
 415    5    4  4   0  0 0.020 01.0  0.00251   +0.11625   +0.11852     +1.952688 
 416    6    4  4   0  0 0.020 01.0  0.00260   +0.12958   +0.13588     +4.861861 
 417    7    6  4   0  0 0.020 01.0  0.00206   -0.04948   -0.05430     +9.741310 
 418    8    6  4   0  0 0.020 01.0  0.00224   +0.07594   +0.07733     +1.830392 
 419    9    8  4   0  0 0.020 01.0  0.00451   -0.41656   -0.42964     +3.140004 
 420   10    9  4   0  0 0.020 01.0  0.00209   -0.05350   -0.05862     +9.570093 
 421   11    9  4   0  0 0.020 01.0  0.00304   -0.19595   -0.18855     -3.776474 
 422   12    9  4   0  0 0.020 01.0  0.00186   +0.01891   +0.01944     +2.802750 
 423   13    9  4   0  0 0.020 01.0  0.00267   -0.14080   -0.13849     -1.640625 
 424   14   13  4   0  0 0.020 01.0  0.00378   -0.30754   -0.31354     +1.950966 
 425   15   13  4   0  0 0.020 01.0  0.00201   -0.04183   -0.04037     -3.490318 
 426   15    1  4   0  0 0.020 01.0  0.00243   -0.10414   -0.11028     +5.895909 
 427   16    1  4   0  0 0.020 01.0  0.00266   +0.13902   +0.14135     +1.676018 
 428   17    1  4   0  0 0.020 01.0  0.00186   -0.01908   -0.02269    +18.920335 
 429   15    3  4   0  0 0.020 01.0  0.00284   -0.16621   -0.16419     -1.215330 
 430   18    4  4   0  0 0.020 01.0  0.00197   -0.03504   -0.02949    -15.839041 
 431   18    4  4   0  0 0.020 01.0  0.00191   -0.02670   -0.02476     -7.265918 
 432    6    5  4   0  0 0.020 01.0  0.00280   +0.16043   +0.15761     -1.757776 
 433    8    7  4   0  0 0.020 01.0  0.00359   +0.27832   +0.27741     -0.326962 
 434   12   10  4   0  0 0.020 01.0  0.00286   +0.16978   +0.16162     -4.806220 
 435   13   11  4   0  0 0.020 01.0  0.00210   -0.05525   -0.05496     -0.524887 
 436   13   12  4   0  0 0.020 01.0  0.00609   -0.65372   -0.63585     -2.733586 
 437   16   12  4   0  0 0.020 01.0  0.00293   -0.17902   -0.17510     -2.189699 
 438   17   12  4   0  0 0.020 01.0  0.00231   -0.08692   -0.08835     +1.645191 
 439   15   14  4   0  0 0.020 01.0  0.00289   +0.17338   +0.17495     +0.905525 
 440   19   18  4   0  0 0.020 01.0  0.00189   -0.02360   -0.02277     -3.516949 
 441   20   19  4   0  0 0.020 01.0  0.00184   -0.01530   -0.01521     -0.588235 
 442   20   21  4   0  0 0.020 01.0  0.00175   +0.00230   -0.00142   -161.739130 
 443   22   21  4   0  0 0.020 01.0  0.00175   -0.00213   -0.00432   +102.816901 
 444   23   22  4   0  0 0.020 01.0  0.00194   -0.03033   -0.03031     -0.065941 
 445   24   23  4   0  0 0.020 01.0  0.00179   -0.00818   -0.01202    +46.943765 
 446   25   24  4   0  0 0.020 01.0  0.00193   -0.03003   -0.03112     +3.629704 
 447   25   24  4   0  0 0.020 01.0  0.00193   -0.02886   -0.02778     -3.742204 
 448   26   24  4   0  0 0.020 01.0  0.00227   +0.08007   +0.08428     +5.257899 
 449   27   26  4   0  0 0.020 01.0  0.00231   +0.08577   +0.08537     -0.466364 
 450   28   27  4   0  0 0.020 01.0  0.00240   +0.09968   +0.10219     +2.518058 
 451   29   28  4   0  0 0.020 01.0  0.00265   +0.13745   +0.14154     +2.975628 
 452   29    7  4   0  0 0.020 01.0  0.00339   -0.24916   -0.25564     +2.600738 
 453   30   25  4   0  0 0.020 01.0  0.00213   -0.05886   -0.05734     -2.582399 
 454   31   30  4   0  0 0.020 01.0  0.00195   -0.03244   -0.02928     -9.741060 
 455   32   31  4   0  0 0.020 01.0  0.00178   +0.00761   +0.00676    -11.169514 
 456   33   32  4   0  0 0.020 01.0  0.00190   -0.02500   -0.02570     +2.800000 
 457   32   34  4   0  0 0.020 01.0  0.00202   -0.04377   -0.04391     +0.319854 
 458   35   34  4   0  0 0.020 01.0  0.00213   +0.05933   +0.05571     -6.101466 
 459   36   35  4   0  0 0.020 01.0  0.00241   +0.10099   +0.10579     +4.752946 
 460   37   36  4   0  0 0.020 01.0  0.00267   +0.14011   +0.14014     +0.021412 
 461   38   37  4   0  0 0.020 01.0  0.00296   +0.18395   +0.17690     -3.832563 
 462   39   37  4   0  0 0.020 01.0  0.00195   -0.03251   -0.03410     +4.890803 
 463   40   36  4   0  0 0.020 01.0  0.00197   -0.03577   -0.03198    -10.595471 
 464   38   22  4   0  0 0.020 01.0  0.00193   +0.02963   +0.02526    -14.748566 
 465   41   11  4   0  0 0.020 01.0  0.00207   -0.04997   -0.04811     -3.722233 
 466   42   41  4   0  0 0.020 01.0  0.00209   -0.05279   -0.04983     -5.607123 
 467   43   41  4   0  0 0.020 01.0  0.00221   +0.07130   +0.07409     +3.913043 
 468   44   38  4   0  0 0.020 01.0  0.00187   -0.02115   -0.02558    +20.945626 
 469   45   15  4   0  0 0.020 01.0  0.00199   -0.03858   -0.03311    -14.178331 
 470   46   14  4   0  0 0.020 01.0  0.00383   -0.31434   -0.31609     +0.556722 
 471   47   46  4   0  0 0.020 01.0  0.00362   -0.28319   -0.28188     -0.462587 
 472   48   47  4   0  0 0.020 01.0  0.00258   -0.12735   -0.13356     +4.876325 
 473   49   48  4   0  0 0.020 01.0  0.00231   +0.08700   +0.08676     -0.275862 
 474   50   49  4   0  0 0.020 01.0  0.00198   -0.03723   -0.04134    +11.039484 
 475   51   50  4   0  0 0.020 01.0  0.00246   +0.10903   +0.10620     -2.595616 
 476   51   10  4   0  0 0.020 01.0  0.00293   -0.17903   -0.18551     +3.619505 
 477   49   13  4   0  0 0.020 01.0  0.00415   -0.36330   -0.36720     +1.073493 
 478   52   29  4   0  0 0.020 01.0  0.00218   -0.06714   -0.06501     -3.172475 
 479   53   52  4   0  0 0.020 01.0  0.00197   -0.03589   -0.03569     -0.557258 
 480   54   53  4   0  0 0.020 01.0  0.00205   +0.04756   +0.05121     +7.674516 
 481   55   54  4   0  0 0.020 01.0  0.00224   +0.07625   +0.07728     +1.350820 
 482   43   11  4   0  0 0.020 01.0  0.00230   -0.08430   -0.09026     +7.069988 
 483   45   44  4   0  0 0.020 01.0  0.00199   +0.03858   +0.03558     -7.776050 
 484   56   40  4   0  0 0.020 01.0  0.00194   -0.03157   -0.02680    -15.109281 
 485   41   56  4   0  0 0.020 01.0  0.00179   +0.00821   +0.01239    +50.913520 
 486   42   56  4   0  0 0.020 01.0  0.00178   -0.00621   -0.00099    -84.057971 
 487   57   39  4   0  0 0.020 01.0  0.00192   -0.02722   -0.02925     +7.457752 
 488   56   57  4   0  0 0.020 01.0  0.00173   +0.00031   +0.00539  +1638.709677 
 489   49   38  4   0  0 0.020 01.0  0.00255   +0.12271   +0.12445     +1.417977 
 490   48   38  4   0  0 0.020 01.0  0.00319   +0.21784   +0.22075     +1.335843 
 491   55    9  4   0  0 0.020 01.0  0.00254   -0.12125   -0.11970     -1.278351 
----------------------------------------------------------------------------------
Número de medidores SCADA:     491
Número de PMUs:                0
Número de medidas das PMUs:    0
----------------------------------------------------------------------------------

Não há medidas de ângulo.
Não há medidores desabilitados.
============================== Estado Estimado ===================================
                 Barra     Mod(pu)    Ang(graus)              
----------------------------------------------------------------------------------
                    1            1.0390              0.00        
                    2            1.0089             -2.50        
                    3            0.9791            -11.38        
                    4            0.9721            -13.91        
                    5            0.9691            -16.81        
                    6            0.9759            -17.60        
                    7            0.9739            -16.97        
                    8            1.0046            -13.65        
                    9            0.9697            -17.08        
                   10            0.9494            -20.37        
                   11            0.9478            -17.82        
                   12            0.9783            -19.25        
                   13            0.9468            -17.20        
                   14            0.9365            -16.14        
                   15            0.9644            -12.52        
                   16            0.9753            -15.61        
                   17            0.9890             -9.07        
                   18            0.9767            -19.69        
                   19            0.9270            -21.74        
                   20            0.9141            -22.11        
                   21            0.9517            -21.66        
                   22            0.9520            -21.57        
                   23            0.9498            -21.71        
                   24            0.9349            -22.87        
                   25            0.8867            -30.41        
                   26            0.9007            -22.52        
                   27            0.9439            -21.54        
                   28            0.9687            -20.48        
                   29            0.9897            -19.75        
                   30            0.8560            -31.32        
                   31            0.8181            -32.41        
                   32            0.8422            -30.78        
                   33            0.8389            -30.85        
                   34            0.8787            -23.43        
                   35            0.8898            -23.09        
                   36            0.9046            -22.70        
                   37            0.9174            -22.40        
                   38            0.9564            -21.28        
                   39            0.9146            -22.47        
                   40            0.9015            -22.77        
                   41            0.9480            -23.65        
                   42            0.8995            -25.67        
                   43            0.9760            -19.53        
                   44            0.9664            -19.85        
                   45            1.0042            -15.85        
                   46            1.0167            -18.71        
                   47            0.9817            -20.82        
                   48            0.9742            -21.03        
                   49            0.9842            -21.63        
                   50            0.9660            -22.61        
                   51            1.0078            -21.83        
                   52            0.9453            -21.46        
                   53            0.9304            -22.13        
                   54            0.9670            -20.73        
                   55            1.0168            -18.94        
                   56            0.8959            -26.29        
                   57            0.8872            -26.96        
----------------------------------------------------------------------------------
Convergiu em:    3 iteraçoes. 
----------------------------------------------------------------------------------
--- RESIDUOS NORMALIZADOS --------------------------------------------------------
   N    D    P  TP      Real     Medido   Estimado      Med-Est        rn 
----------------------------------------------------------------------------------
 190    4   18  1    +0.1874    +0.1837    +0.2271  -4.3434e-02      0.848 
 350   18    4  1    -0.1874    -0.1929    -0.2271  +3.4164e-02      0.667 
  58    0    1  2    +7.2838    +7.1417    +7.2487  -1.0695e-01      0.535 
 186    1   15  1    +2.5220    +2.5756    +2.5096  +6.5974e-02      0.503 
  75    0   18  2    -0.3620    -0.3573    -0.3387  -1.8642e-02      0.366 
 351   18    4  1    -0.2399    -0.2457    -0.2271  -1.8606e-02      0.341 
 187    1   16  1    +1.3708    +1.4014    +1.3679  +3.3527e-02      0.331 
 191    4   18  1    +0.2399    +0.2433    +0.2271  +1.6246e-02      0.298 
 391   47   46  1    -0.6391    -0.6563    -0.6363  -2.0014e-02      0.277 
 198   12   17  1    -0.9103    -0.9284    -0.9052  -2.3202e-02      0.275 
 333    3    2  1    -1.6706    -1.6325    -1.6615  +2.9000e-02      0.264 
 252    1    2  4    +0.5383    +0.5277    +0.5436  -1.5913e-02      0.258 
 339    9    8  1    -1.2244    -1.2535    -1.2309  -2.2605e-02      0.253 
 173    2    3  1    +1.7616    +1.7793    +1.7518  +2.7496e-02      0.246 
 108    0   51  2    -0.2390    -0.2483    -0.2378  -1.0514e-02      0.239 
  74    0   17  2    -0.5590    -0.5712    -0.5600  -1.1263e-02      0.237 
  69    0   12  2    -1.9140    -1.8774    -1.9007  +2.3303e-02      0.236 
  61    0    4  2    +0.0000    -0.0029    -0.0073  +4.3402e-03      0.235 
 334    4    3  1    -1.1112    -1.1165    -1.0958  -2.0628e-02      0.233 
 197   12   16  1    -0.7080    -0.7146    -0.6982  -1.6444e-02      0.231 
 259    8    9  4    +0.4517    +0.4424    +0.4564  -1.3974e-02      0.230 
  51    0   51  6    +1.0089    +1.0239    +1.0078  +1.6050e-02      0.228 
 472   48   47  4    -0.1273    -0.1336    -0.1235  -1.0032e-02      0.228 
  59    0    2  2    -0.0400    -0.0391    -0.0350  -4.1217e-03      0.219 
 106    0   49  2    -0.2390    -0.2476    -0.2391  -8.4890e-03      0.217 
  21    0   21  6    +0.9520    +0.9661    +0.9517  +1.4341e-02      0.210 
  27    0   27  6    +0.9442    +0.9580    +0.9439  +1.4174e-02      0.208 
 206   24   25  1    +0.0934    +0.0982    +0.0885  +9.6971e-03      0.208 
  43    0   43  6    +0.9763    +0.9900    +0.9760  +1.4062e-02      0.203 
 231   46   47  1    +0.6507    +0.6333    +0.6479  -1.4502e-02      0.200 
 212    7   29  1    +0.7433    +0.7602    +0.7456  +1.4591e-02      0.198 
  54    0   54  6    +0.9676    +0.9535    +0.9670  -1.3537e-02      0.197 
  36    0   36  6    +0.9053    +0.9176    +0.9046  +1.2958e-02      0.195 
 237   13   49  1    +0.4224    +0.4088    +0.4214  -1.2606e-02      0.194 
  56    0   56  6    +0.8978    +0.9085    +0.8959  +1.2601e-02      0.193 
  25    0   25  6    +0.8877    +0.8989    +0.8867  +1.2274e-02      0.192 
 178    6    8  1    -0.4052    -0.4161    -0.4040  -1.2114e-02      0.189 
 397   49   13  1    -0.4224    -0.4335    -0.4214  -1.2114e-02      0.187 
  39    0   39  6    +0.9155    +0.9024    +0.9146  -1.2235e-02      0.183 
  34    0   34  6    +0.8791    +0.8906    +0.8787  +1.1856e-02      0.182 
 389   45   15  1    -0.5661    -0.5513    -0.5638  +1.2495e-02      0.180 
 482   43   11  4    -0.0843    -0.0903    -0.0827  -7.5920e-03      0.179 
 359   15   14  1    +1.0997    +1.1133    +1.0970  +1.6303e-02      0.178 
  48    0   48  6    +0.9750    +0.9619    +0.9742  -1.2309e-02      0.178 
  24    0   24  6    +0.9360    +0.9230    +0.9349  -1.1929e-02      0.177 
 168    0   54  5    -0.0190    -0.0146    -0.0202  +5.6071e-03      0.177 
 203   21   22  1    -0.0124    -0.0157    -0.0095  -6.1821e-03      0.172 
 180    9   10  1    +0.3265    +0.3165    +0.3268  -1.0265e-02      0.172 
  14    0   14  6    +0.9373    +0.9248    +0.9365  -1.1686e-02      0.172 
 143    0   29  5    -0.0350    -0.0298    -0.0347  +4.8874e-03      0.172 
 436   13   12  4    -0.6537    -0.6359    -0.6483  +1.2485e-02      0.172 
 193    7    8  1    -0.8409    -0.8541    -0.8405  -1.3594e-02      0.171 
 122    0    8  5    +0.8059    +0.8238    +0.8123  +1.1531e-02      0.170 
 366   25   24  1    -0.0934    -0.0964    -0.0885  -7.8971e-03      0.169 
 132    0   18  5    -0.1300    -0.1249    -0.1317  +6.7391e-03      0.167 
 194   10   12  1    -0.1824    -0.1743    -0.1825  +8.1944e-03      0.167 
 189    3   15  1    +0.3994    +0.3924    +0.4023  -9.9507e-03      0.166 
 119    0    5  5    -0.0530    -0.0565    -0.0511  -5.3994e-03      0.165 
 125    0   11  5    -0.0000    -0.0014    +0.0026  -4.0369e-03      0.164 
 419    9    8  4    -0.4166    -0.4296    -0.4201  -9.5441e-03      0.161 
 461   38   37  4    +0.1840    +0.1769    +0.1843  -7.3905e-03      0.161 
   8    0    8  6    +1.0050    +0.9934    +1.0046  -1.1207e-02      0.159 
  62    0    5  2    -0.1730    -0.1660    -0.1724  +6.4117e-03      0.158 
  22    0   22  6    +0.9527    +0.9415    +0.9520  -1.0505e-02      0.154 
   6    0    6  6    +0.9763    +0.9865    +0.9759  +1.0616e-02      0.153 
  90    0   33  2    -0.0510    -0.0552    -0.0493  -5.9171e-03      0.153 
 362   20   21  1    -0.0124    -0.0143    -0.0085  -5.8812e-03      0.152 
  42    0   42  6    +0.9006    +0.8896    +0.8995  -9.8960e-03      0.152 
 356   13   12  1    +0.3811    +0.3739    +0.3825  -8.5988e-03      0.151 
 262    9   12  4    -0.0876    -0.0937    -0.0866  -7.1672e-03      0.151 
 336    6    4  1    -0.3699    -0.3607    -0.3701  +9.3742e-03      0.151 
 310   14   46  4    +0.3514    +0.3619    +0.3531  +8.8162e-03      0.150 
 434   12   10  4    +0.1698    +0.1616    +0.1690  -7.3588e-03      0.150 
 112    0   55  2    -0.0900    -0.0833    -0.0884  +5.0483e-03      0.150 
  57    0   57  6    +0.8899    +0.8777    +0.8872  -9.4566e-03      0.147 
 234   49   50  1    +0.1545    +0.1613    +0.1545  +6.7784e-03      0.146 
 245   56   41  1    -0.0766    -0.0704    -0.0771  +6.6874e-03      0.145 
   9    0    9  6    +0.9704    +0.9795    +0.9697  +9.7938e-03      0.142 
 282   21   20  4    -0.0022    -0.0072    -0.0018  -5.4027e-03      0.141 
 358   17   12  1    +0.9467    +0.9534    +0.9413  +1.2054e-02      0.141 
  37    0   37  6    +0.9182    +0.9268    +0.9174  +9.4607e-03      0.141 
 452   29    7  4    -0.2492    -0.2556    -0.2484  -7.2289e-03      0.141 
  55    0   55  6    +1.0174    +1.0068    +1.0168  -9.9340e-03      0.140 
 263    9   13  4    +0.1065    +0.0996    +0.1064  -6.7605e-03      0.140 
 138    0   24  5    -0.0000    +0.0001    -0.0037  +3.7681e-03      0.140 
  65    0    8  2    +2.5050    +2.4941    +2.5102  -1.6133e-02      0.139 
 393   49   48  1    -0.0192    -0.0146    -0.0202  +5.5673e-03      0.139 
 347   16    1  1    -1.2903    -1.3013    -1.2875  -1.3786e-02      0.139 
  78    0   21  2    +0.0000    +0.0034    -0.0011  +4.4392e-03      0.139 
  20    0   20  6    +0.9147    +0.9050    +0.9141  -9.0685e-03      0.139 
 116    0    2  5    -0.7368    -0.7559    -0.7467  -9.1710e-03      0.139 
 149    0   35  5    -0.0400    -0.0369    -0.0416  +4.6128e-03      0.138 
 490   48   38  4    +0.2178    +0.2208    +0.2138  +6.9788e-03      0.138 
 416    6    4  4    +0.1296    +0.1359    +0.1292  +6.6447e-03      0.137 
 185   13   15  1    -0.8275    -0.8136    -0.8249  +1.1314e-02      0.136 
 297   34   32  4    +0.0604    +0.0567    +0.0624  -5.7057e-03      0.135 
  45    0   45  6    +1.0049    +0.9948    +1.0042  -9.4341e-03      0.134 
 353    8    7  1    +0.8520    +0.8410    +0.8517  -1.0650e-02      0.134 
 226   41   42  1    +0.1207    +0.1274    +0.1213  +6.1502e-03      0.134 
 484   56   40  4    -0.0316    -0.0268    -0.0325  +5.6690e-03      0.132 
 468   44   38  4    -0.0211    -0.0256    -0.0207  -4.9053e-03      0.132 
 199   14   15  1    -1.0769    -1.0624    -1.0743  +1.1898e-02      0.131 
 318   29   52  4    +0.0767    +0.0712    +0.0766  -5.4573e-03      0.131 
 196   12   13  1    -0.3704    -0.3793    -0.3719  -7.3108e-03      0.129 
 127    0   13  5    -0.0310    -0.0273    -0.0247  -2.6109e-03      0.127 
 224   22   38  1    -0.1720    -0.1804    -0.1747  -5.6986e-03      0.126 
 401   55   54  1    +0.1961    +0.1879    +0.1943  -6.3696e-03      0.126 
   2    0    2  6    +1.0100    +1.0178    +1.0089  +8.8441e-03      0.125 
 172    1    2  1    +1.8302    +1.8012    +1.8150  -1.3792e-02      0.125 
 283   21   22  4    +0.0022    -0.0007    +0.0037  -4.4077e-03      0.125 
 342   12    9  1    -0.1096    -0.1037    -0.1098  +6.0661e-03      0.124 
 236   10   51  1    +0.3695    +0.3603    +0.3674  -7.1460e-03      0.124 
 340   10    9  1    -0.3222    -0.3299    -0.3225  -7.3911e-03      0.124 
 385   41   11  1    -0.1261    -0.1216    -0.1277  +6.0713e-03      0.123 
 395   51   50  1    +0.1305    +0.1239    +0.1296  -5.7901e-03      0.123 
 321   54   55  4    -0.0666    -0.0724    -0.0671  -5.2404e-03      0.123 
 306   41   42  4    +0.0599    +0.0661    +0.0609  +5.1749e-03      0.123 
 217   34   32  1    +0.1027    +0.0964    +0.1019  -5.4933e-03      0.122 
 301   37   38  4    -0.1728    -0.1787    -0.1731  -5.6175e-03      0.122 
 243   44   45  1    -0.5462    -0.5380    -0.5465  +8.5528e-03      0.122 
 181    9   11  1    +0.1972    +0.1911    +0.1973  -6.1738e-03      0.121 
 289   26   27  4    -0.0801    -0.0867    -0.0814  -5.3565e-03      0.120 
  44    0   44  6    +0.9671    +0.9581    +0.9664  -8.2909e-03      0.120 
 228   38   44  1    -0.3816    -0.3726    -0.3797  +7.0436e-03      0.120 
 294   30   31  4    +0.0349    +0.0383    +0.0336  +4.6872e-03      0.119 
 396   51   10  1    -0.3695    -0.3606    -0.3674  +6.8360e-03      0.119 
 338    8    6  1    +0.4112    +0.4024    +0.4100  -7.5979e-03      0.118 
 124    0   10  5    -0.0540    -0.0567    -0.0533  -3.3976e-03      0.117 
 287   24   25  4    +0.0427    +0.0375    +0.0425  -5.0094e-03      0.116 
  66    0    9  2    -0.2540    -0.2601    -0.2636  +3.5401e-03      0.116 
 290   27   28  4    -0.0928    -0.0862    -0.0912  +4.9820e-03      0.115 
 476   51   10  4    -0.1790    -0.1855    -0.1800  -5.5305e-03      0.115 
  64    0    7  2    -0.0000    -0.0013    +0.0009  -2.2384e-03      0.113 
 261    9   11  4    +0.1827    +0.1749    +0.1806  -5.7162e-03      0.113 
 184   13   14  1    -0.2837    -0.2879    -0.2817  -6.1865e-03      0.113 
 142    0   28  5    -0.0310    -0.0287    -0.0323  +3.5915e-03      0.113 
  95    0   38  2    -0.1860    -0.1865    -0.1828  -3.6749e-03      0.112 
 426   15    1  4    -0.1041    -0.1103    -0.1054  -4.8587e-03      0.112 
 255    4    5  4    -0.1256    -0.1314    -0.1260  -5.3843e-03      0.112 
 242   11   43  1    +0.1863    +0.1937    +0.1882  +5.4333e-03      0.112 
 453   30   25  4    -0.0589    -0.0573    -0.0619  +4.5210e-03      0.112 
 305   11   41  4    +0.0653    +0.0604    +0.0654  -5.0519e-03      0.112 
 344   14   13  1    +0.2863    +0.2782    +0.2843  -6.1073e-03      0.111 
 161    0   47  5    -0.1540    -0.1607    -0.1563  -4.4425e-03      0.110 
 412    2    1  4    -0.5776    -0.5907    -0.5837  -7.0768e-03      0.110 
 105    0   48  2    -0.0000    +0.0008    +0.0035  -2.6531e-03      0.109 
 413    3    2  4    +0.3380    +0.3460    +0.3397  +6.3177e-03      0.109 
 291   28   29  4    -0.1307    -0.1255    -0.1303  +4.8027e-03      0.108 
 335    5    4  1    -0.2999    -0.3061    -0.2998  -6.3054e-03      0.108 
 175    4    5  1    +0.3069    +0.3006    +0.3069  -6.3112e-03      0.108 
  12    0   12  6    +0.9793    +0.9857    +0.9783  +7.4332e-03      0.107 
 270    4   18  4    +0.0562    +0.0560    +0.0514  +4.5866e-03      0.107 
 405   41   56  1    +0.0807    +0.0861    +0.0812  +4.8762e-03      0.106 
   4    0    4  6    +0.9725    +0.9794    +0.9721  +7.3283e-03      0.106 
 215   31   32  1    -0.0298    -0.0256    -0.0298  +4.2293e-03      0.106 
 167    0   53  5    -0.1330    -0.1295    -0.1339  +4.3959e-03      0.105 
 337    7    6  1    +0.0976    +0.1003    +0.0958  +4.5252e-03      0.105 
 383   40   36  1    -0.0429    -0.0393    -0.0433  +4.0327e-03      0.105 
 361   20   19  1    -0.0186    -0.0173    -0.0214  +4.0648e-03      0.105 
 137    0   23  5    -0.0280    -0.0336    -0.0300  -3.5764e-03      0.104 
 480   54   53  4    +0.0476    +0.0512    +0.0469  +4.2976e-03      0.104 
 126    0   12  5    +1.2310    +1.2310    +1.2228  +8.1158e-03      0.104 
 341   11    9  1    -0.1951    -0.2004    -0.1952  -5.2535e-03      0.103 
 417    7    6  4    -0.0495    -0.0543    -0.0500  -4.2849e-03      0.103 
 421   11    9  4    -0.1960    -0.1885    -0.1939  +5.3331e-03      0.103 
 409   49   38  1    +0.0481    +0.0524    +0.0480  +4.4498e-03      0.103 
 469   45   15  4    -0.0386    -0.0331    -0.0372  +4.0527e-03      0.103 
 281   19   20  4    +0.0156    +0.0176    +0.0136  +3.9766e-03      0.102 
 249   38   49  1    -0.0460    -0.0415    -0.0459  +4.4202e-03      0.102 
 323   44   45  4    -0.0029    +0.0012    -0.0026  +3.8880e-03      0.102 
 244   40   56  1    +0.0429    +0.0389    +0.0433  -4.4384e-03      0.102 
 257    6    7  4    +0.0244    +0.0289    +0.0249  +3.9838e-03      0.101 
 170    0   56  5    -0.0290    -0.0324    -0.0294  -3.0090e-03      0.101 
 451   29   28  4    +0.1374    +0.1415    +0.1371  +4.4836e-03      0.101 
 365   24   23  1    -0.0743    -0.0697    -0.0739  +4.2430e-03      0.100 
 188    1   17  1    +1.5608    +1.5663    +1.5561  +1.0209e-02      0.099 
 165    0   51  5    -0.0700    -0.0664    -0.0698  +3.4300e-03      0.099 
 459   36   35  4    +0.1010    +0.1058    +0.1017  +4.0736e-03      0.098 
 429   15    3  4    -0.1662    -0.1642    -0.1689  +4.6675e-03      0.097 
 329   38   49  4    -0.1223    -0.1168    -0.1215  +4.7537e-03      0.097 
 314   49   50  4    +0.0406    +0.0400    +0.0438  -3.8131e-03      0.097 
 367   25   24  1    -0.0897    -0.0840    -0.0885  +4.4629e-03      0.096 
 123    0    9  5    -0.0500    -0.0522    -0.0544  +2.1873e-03      0.096 
 450   28   27  4    +0.0997    +0.1022    +0.0980  +4.1488e-03      0.095 
 320   53   54  4    -0.0426    -0.0381    -0.0420  +3.9079e-03      0.095 
 420   10    9  4    -0.0535    -0.0586    -0.0546  -4.0684e-03      0.095 
 381   38   37  1    +0.2884    +0.2841    +0.2890  -4.8594e-03      0.094 
  99    0   42  2    -0.0940    -0.0914    -0.0949  +3.4918e-03      0.094 
 392   48   47  1    -0.2426    -0.2375    -0.2422  +4.6812e-03      0.093 
  63    0    6  2    -0.9980    -0.9888    -0.9957  +6.9005e-03      0.093 
 221   37   38  1    -0.2801    -0.2854    -0.2806  -4.8044e-03      0.093 
 128    0   14  5    -0.0700    -0.0735    -0.0709  -2.6445e-03      0.093 
 466   42   41  4    -0.0528    -0.0498    -0.0537  +3.8704e-03      0.092 
 437   16   12  4    -0.1790    -0.1751    -0.1796  +4.4607e-03      0.092 
 120    0    6  5    +0.2230    +0.2178    +0.2214  -3.5809e-03      0.091 
 464   38   22  4    +0.0296    +0.0253    +0.0285  -3.2702e-03      0.091 
 223   36   40  1    +0.0430    +0.0469    +0.0434  +3.4798e-03      0.091 
 280   18   19  4    +0.0272    +0.0238    +0.0274  -3.6517e-03      0.090 
 407   57   39  1    -0.0485    -0.0518    -0.0478  -3.9799e-03      0.090 
 376   33   32  1    -0.0510    -0.0458    -0.0493  +3.4929e-03      0.090 
 102    0   45  2    +0.0000    +0.0006    +0.0027  -2.0926e-03      0.090 
 235   50   51  1    -0.1266    -0.1299    -0.1257  -4.2399e-03      0.090 
  30    0   30  6    +0.8585    +0.8505    +0.8560  -5.5565e-03      0.089 
 319   52   53  4    +0.0381    +0.0429    +0.0395  +3.4299e-03      0.089 
 298   34   35  4    -0.0604    -0.0562    -0.0597  +3.5274e-03      0.088 
 155    0   41  5    -0.0400    -0.0401    -0.0375  -2.5956e-03      0.088 
 352    6    5  1    -0.1255    -0.1222    -0.1260  +3.8575e-03      0.088 
 260    9   10  4    +0.0324    +0.0300    +0.0336  -3.6086e-03      0.088 
 442   20   21  4    +0.0023    -0.0014    +0.0019  -3.2972e-03      0.086 
 269    3   15  4    +0.1248    +0.1316    +0.1277  +3.8593e-03      0.086 
 475   51   50  4    +0.1090    +0.1062    +0.1102  -3.9895e-03      0.086 
 315   50   51  4    -0.1028    -0.1079    -0.1039  -3.9704e-03      0.086 
  31    0   31  6    +0.8200    +0.8130    +0.8181  -5.0923e-03      0.085 
 354   12   10  1    +0.1844    +0.1803    +0.1844  -4.1761e-03      0.085 
 100    0   43  2    -0.0270    -0.0242    -0.0268  +2.6052e-03      0.085 
 403   45   44  1    +0.5661    +0.5724    +0.5665  +5.9820e-03      0.084 
 330   38   48  4    -0.2129    -0.2046    -0.2089  +4.2443e-03      0.084 
 316   10   51  4    +0.1908    +0.1958    +0.1917  +4.0662e-03      0.084 
 444   23   22  4    -0.0303    -0.0303    -0.0334  +3.1101e-03      0.084 
 240   53   54  1    -0.1297    -0.1245    -0.1284  +3.9050e-03      0.083 
 207   24   25  1    +0.0897    +0.0846    +0.0885  -3.8629e-03      0.083 
  53    0   53  6    +0.9305    +0.9359    +0.9304  +5.5937e-03      0.083 
  10    0   10  6    +0.9504    +0.9551    +0.9494  +5.6872e-03      0.083 
 322   11   43  4    +0.0910    +0.0930    +0.0895  +3.5236e-03      0.083 
 332    2    1  1    -1.8016    -1.7959    -1.7868  -9.0981e-03      0.083 
 375   32   31  1    +0.0305    +0.0273    +0.0305  -3.2580e-03      0.082 
 399   53   52  1    -0.1363    -0.1298    -0.1334  +3.6905e-03      0.082 
 486   42   56  4    -0.0062    -0.0010    -0.0041  +3.1429e-03      0.082 
 325   56   41  4    -0.0042    -0.0024    -0.0057  +3.2975e-03      0.081 
  35    0   35  6    +0.8904    +0.8845    +0.8898  -5.3218e-03      0.081 
 233   48   49  1    +0.0199    +0.0241    +0.0209  +3.2336e-03      0.081 
 163    0   49  5    -0.1130    -0.1077    -0.1102  +2.5370e-03      0.080 
  76    0   19  2    -0.0440    -0.0390    -0.0417  +2.7314e-03      0.080 
 209   26   27  1    -0.1088    -0.1134    -0.1097  -3.6396e-03      0.079 
 370   28   27  1    +0.2410    +0.2367    +0.2407  -4.0821e-03      0.079 
 349   15    3  1    -0.3963    -0.4039    -0.3992  -4.7341e-03      0.079 
 274   10   12  4    -0.1913    -0.1865    -0.1905  +3.9646e-03      0.078 
 427   16    1  4    +0.1390    +0.1414    +0.1376  +3.7895e-03      0.078 
 275   11   13  4    +0.0397    +0.0447    +0.0416  +3.0583e-03      0.077 
 136    0   22  5    -0.0000    +0.0006    +0.0027  -2.1487e-03      0.077 
 239   52   53  1    +0.1381    +0.1386    +0.1351  +3.4394e-03      0.077 
 107    0   50  2    -0.2790    -0.2817    -0.2780  -3.6607e-03      0.076 
 200   18   19  1    +0.0652    +0.0690    +0.0658  +3.2446e-03      0.076 
  33    0   33  6    +0.8413    +0.8342    +0.8389  -4.6240e-03      0.076 
 431   18    4  4    -0.0267    -0.0248    -0.0278  +3.0396e-03      0.074 
 293   25   30  4    +0.0624    +0.0687    +0.0657  +2.9749e-03      0.074 
 382   39   37  1    -0.0485    -0.0477    -0.0506  +2.8421e-03      0.073 
 296   32   33  4    +0.0252    +0.0209    +0.0237  -2.7138e-03      0.073 
 182    9   12  1    +0.1107    +0.1143    +0.1108  +3.5538e-03      0.073 
 121    0    7  5    +0.0000    -0.0006    -0.0024  +1.7489e-03      0.073 
 445   24   23  4    -0.0082    -0.0120    -0.0093  -2.7238e-03      0.072 
   5    0    5  6    +0.9694    +0.9641    +0.9691  -4.9505e-03      0.072 
 272    5    6  4    -0.1693    -0.1643    -0.1678  +3.4791e-03      0.071 
 179    8    9  1    +1.2417    +1.2422    +1.2485  -6.3651e-03      0.071 
 458   35   34  4    +0.0593    +0.0557    +0.0585  -2.8184e-03      0.071 
 384   38   22  1    +0.1727    +0.1721    +0.1753  -3.1939e-03      0.071 
 483   45   44  4    +0.0386    +0.0356    +0.0385  -2.9016e-03      0.071 
 424   14   13  4    -0.3075    -0.3135    -0.3095  -4.0359e-03      0.070 
 267    1   16  4    +0.1710    +0.1754    +0.1718  +3.5629e-03      0.070 
 159    0   45  5    +0.0000    +0.0034    +0.0013  +2.0810e-03      0.069 
 253    2    3  4    -0.1592    -0.1598    -0.1631  +3.2758e-03      0.069 
 211   28   29  1    -0.3020    -0.3056    -0.3019  -3.6983e-03      0.069 
  81    0   24  2    -0.0000    -0.0008    +0.0009  -1.7758e-03      0.069 
 152    0   38  5    -0.0930    -0.0875    -0.0895  +1.9892e-03      0.068 
  16    0   16  6    +0.9765    +0.9706    +0.9753  -4.6989e-03      0.068 
  19    0   19  6    +0.9277    +0.9226    +0.9270  -4.4195e-03      0.067 
 156    0   42  5    -0.0590    -0.0602    -0.0578  -2.3967e-03      0.067 
 276   12   13  4    +0.6324    +0.6221    +0.6268  -4.7414e-03      0.067 
 312   47   48  4    +0.1292    +0.1224    +0.1253  -2.9423e-03      0.067 
 169    0   55  5    -0.0450    -0.0417    -0.0439  +2.1966e-03      0.066 
 324   40   56  4    +0.0358    +0.0340    +0.0368  -2.8606e-03      0.066 
 300   36   37  4    -0.1369    -0.1331    -0.1360  +2.8511e-03      0.065 
 485   41   56  4    +0.0082    +0.0124    +0.0098  +2.5759e-03      0.063 
 357   16   12  1    +0.7183    +0.7126    +0.7082  +4.3597e-03      0.061 
 477   49   13  4    -0.3633    -0.3672    -0.3634  -3.8070e-03      0.061 
  94    0   37  2    +0.0000    -0.0030    -0.0015  -1.4833e-03      0.060 
  80    0   23  2    -0.0840    -0.0856    -0.0878  +2.2066e-03      0.060 
 368   26   24  1    +0.1088    +0.1031    +0.1057  -2.5698e-03      0.059 
 456   33   32  4    -0.0250    -0.0257    -0.0235  -2.1888e-03      0.059 
 153    0   39  5    +0.0000    +0.0015    -0.0005  +1.9553e-03      0.059 
 222   37   39  1    +0.0486    +0.0529    +0.0507  +2.2617e-03      0.058 
  96    0   39  2    -0.0000    -0.0047    -0.0028  -1.9279e-03      0.058 
 313   48   49  4    -0.0905    -0.0883    -0.0909  +2.6674e-03      0.058 
 135    0   21  5    -0.0000    +0.0038    +0.0019  +1.8795e-03      0.058 
  23    0   23  6    +0.9506    +0.9458    +0.9498  -3.9312e-03      0.058 
  40    0   40  6    +0.9020    +0.8977    +0.9015  -3.8166e-03      0.058 
 364   23   22  1    -0.1593    -0.1654    -0.1627  -2.6163e-03      0.057 
 157    0   43  5    -0.0130    -0.0089    -0.0107  +1.7842e-03      0.057 
 404   56   40  1    -0.0429    -0.0458    -0.0433  -2.4716e-03      0.057 
 308   38   44  4    +0.0286    +0.0260    +0.0281  -2.1081e-03      0.056 
 220   36   37  1    -0.2290    -0.2287    -0.2259  -2.7437e-03      0.055 
 343   13    9  1    -0.0490    -0.0464    -0.0489  +2.4205e-03      0.055 
  85    0   28  2    -0.0610    -0.0594    -0.0612  +1.7297e-03      0.055 
 113    0   56  2    -0.1010    -0.1018    -0.1037  +1.8747e-03      0.055 
 394   50   49  1    -0.1524    -0.1549    -0.1524  -2.5508e-03      0.055 
 134    0   20  5    -0.0130    -0.0096    -0.0114  +1.8176e-03      0.055 
 174    3    4  1    +1.1262    +1.1056    +1.1104  -4.8317e-03      0.055 
 286   24   25  4    +0.0445    +0.0449    +0.0425  +2.3606e-03      0.054 
  50    0   50  6    +0.9673    +0.9698    +0.9660  +3.7222e-03      0.054 
 435   13   11  4    -0.0553    -0.0550    -0.0572  +2.2200e-03      0.054 
 177    6    7  1    -0.0974    -0.0979    -0.0956  -2.3174e-03      0.054 
 478   52   29  4    -0.0671    -0.0650    -0.0672  +2.2077e-03      0.053 
 372   29    7  1    -0.7433    -0.7417    -0.7456  +3.9293e-03      0.053 
 133    0   19  5    -0.0080    -0.0119    -0.0102  -1.7093e-03      0.053 
 425   15   13  4    -0.0418    -0.0404    -0.0426  +2.2771e-03      0.053 
  38    0   38  6    +0.9571    +0.9528    +0.9564  -3.6329e-03      0.053 
 273    7    8  4    -0.2403    -0.2389    -0.2416  +2.7784e-03      0.053 
 390   46   14  1    -0.6507    -0.6416    -0.6454  +3.7915e-03      0.052 
 145    0   31  5    -0.0390    -0.0352    -0.0370  +1.8231e-03      0.052 
 489   49   38  4    +0.1227    +0.1245    +0.1219  +2.5400e-03      0.052 
 246   56   42  1    -0.0224    -0.0241    -0.0220  -2.0382e-03      0.052 
 410   48   38  1    +0.2227    +0.2274    +0.2248  +2.6021e-03      0.052 
 373   30   25  1    -0.0968    -0.1032    -0.1009  -2.2002e-03      0.052 
  77    0   20  2    -0.0310    -0.0281    -0.0298  +1.7636e-03      0.052 
 158    0   44  5    -0.0240    -0.0216    -0.0233  +1.6827e-03      0.051 
 279   14   15  4    -0.1139    -0.1121    -0.1145  +2.3552e-03      0.051 
  67    0   10  2    -0.1350    -0.1391    -0.1375  -1.6327e-03      0.051 
 446   25   24  4    -0.0300    -0.0311    -0.0290  -2.1683e-03      0.051 
 229   15   45  1    +0.5661    +0.5673    +0.5638  +3.5346e-03      0.051 
 154    0   40  5    +0.0000    +0.0030    +0.0047  -1.6853e-03      0.051 
 448   26   24  4    +0.0801    +0.0843    +0.0822  +2.0980e-03      0.050 
 117    0    3  5    +0.3210    +0.3213    +0.3235  -2.2542e-03      0.050 
 277   12   16  4    +0.2048    +0.2068    +0.2043  +2.5157e-03      0.050 
 441   20   19  4    -0.0153    -0.0152    -0.0133  -1.9552e-03      0.050 
 266    1   15  4    +0.5728    +0.5663    +0.5698  -3.5284e-03      0.050 
 454   31   30  4    -0.0324    -0.0293    -0.0313  +1.9773e-03      0.050 
 251    9   55  1    +0.2861    +0.2853    +0.2827  +2.6121e-03      0.050 
  73    0   16  2    -0.5720    -0.5819    -0.5793  -2.6459e-03      0.049 
 467   43   41  4    +0.0713    +0.0741    +0.0720  +2.0862e-03      0.048 
  15    0   15  6    +0.9651    +0.9676    +0.9644  +3.2550e-03      0.047 
 160    0   46  5    +0.0000    -0.0051    -0.0039  -1.2309e-03      0.047 
 216   32   33  1    +0.0512    +0.0476    +0.0495  -1.8091e-03      0.047 
 288   24   26  4    -0.0790    -0.0831    -0.0811  -1.9430e-03      0.047 
 201   19   20  1    +0.0188    +0.0198    +0.0216  -1.7991e-03      0.046 
   3    0    3  6    +0.9797    +0.9824    +0.9791  +3.2244e-03      0.046 
 284   22   23  4    +0.0308    +0.0356    +0.0339  +1.7048e-03      0.046 
 195   11   13  1    -0.1173    -0.1197    -0.1177  -2.0562e-03      0.046 
 285   23   24  4    +0.0023    +0.0051    +0.0034  +1.6935e-03      0.045 
 346   15    1  1    -2.4108    -2.3936    -2.3994  +5.7888e-03      0.045 
 162    0   48  5    +0.0000    +0.0004    -0.0007  +1.1441e-03      0.045 
  49    0   49  6    +0.9850    +0.9811    +0.9842  -3.1058e-03      0.045 
 210   27   28  1    -0.2365    -0.2386    -0.2363  -2.2778e-03      0.044 
 377   32   34  1    -0.1027    -0.0999    -0.1019  +1.9633e-03      0.044 
 303   36   40  4    +0.0360    +0.0307    +0.0323  -1.6623e-03      0.044 
 183    9   13  1    +0.0500    +0.0479    +0.0498  -1.8922e-03      0.043 
  60    0    3  2    -0.1450    -0.1476    -0.1488  +1.1879e-03      0.043 
 433    8    7  4    +0.2783    +0.2774    +0.2797  -2.3353e-03      0.043 
  68    0   11  2    -0.0000    +0.0040    +0.0030  +9.9239e-04      0.043 
 247   39   57  1    +0.0485    +0.0497    +0.0478  +1.8799e-03      0.043 
 299   35   36  4    -0.0993    -0.1019    -0.1001  -1.7688e-03      0.042 
 457   32   34  4    -0.0438    -0.0439    -0.0457  +1.7717e-03      0.042 
 479   53   52  4    -0.0359    -0.0357    -0.0373  +1.6176e-03      0.042 
 326   56   42  4    +0.0065    +0.0060    +0.0044  +1.6047e-03      0.042 
 271    4   18  4    +0.0529    +0.0532    +0.0514  +1.7766e-03      0.042 
  11    0   11  6    +0.9484    +0.9450    +0.9478  -2.8332e-03      0.041 
 423   13    9  4    -0.1408    -0.1385    -0.1406  +2.0854e-03      0.041 
 449   27   26  4    +0.0858    +0.0854    +0.0872  -1.8265e-03      0.041 
 144    0   30  5    -0.0240    -0.0296    -0.0282  -1.3418e-03      0.041 
 378   35   34  1    +0.1037    +0.0981    +0.0998  -1.7234e-03      0.041 
 430   18    4  4    -0.0350    -0.0295    -0.0278  -1.6904e-03      0.041 
 327   39   57  4    +0.0325    +0.0319    +0.0336  -1.7382e-03      0.041 
  18    0   18  6    +0.9769    +0.9795    +0.9767  +2.7914e-03      0.040 
  41    0   41  6    +0.9486    +0.9453    +0.9480  -2.7361e-03      0.040 
 230   14   46  1    +0.6507    +0.6483    +0.6454  +2.9185e-03      0.040 
 140    0   26  5    +0.0000    +0.0021    +0.0008  +1.2315e-03      0.040 
 225   11   41  1    +0.1261    +0.1257    +0.1277  -1.9613e-03      0.040 
 415    5    4  4    +0.1163    +0.1185    +0.1166  +1.8715e-03      0.040 
 118    0    4  5    +0.0000    -0.0010    -0.0019  +9.2213e-04      0.039 
  26    0   26  6    +0.9016    +0.8981    +0.9007  -2.5433e-03      0.038 
 408   56   57  1    +0.0409    +0.0372    +0.0387  -1.4829e-03      0.038 
 214   30   31  1    +0.0488    +0.0504    +0.0488  +1.5200e-03      0.038 
 141    0   27  5    -0.0070    -0.0028    -0.0040  +1.1755e-03      0.038 
 205   23   24  1    +0.0754    +0.0734    +0.0750  -1.5971e-03      0.038 
 304   22   38  4    -0.0286    -0.0262    -0.0275  +1.3524e-03      0.038 
 465   41   11  4    -0.0500    -0.0481    -0.0498  +1.6494e-03      0.037 
 387   43   41  1    +0.1593    +0.1633    +0.1615  +1.8286e-03      0.037 
 256    4    6  4    -0.1381    -0.1358    -0.1377  +1.8336e-03      0.037 
 148    0   34  5    -0.0000    +0.0016    +0.0027  -1.1483e-03      0.036 
  32    0   32  6    +0.8448    +0.8444    +0.8422  +2.2129e-03      0.036 
 307   41   43  4    -0.0581    -0.0570    -0.0585  +1.5342e-03      0.036 
  91    0   34  2    -0.0000    +0.0041    +0.0030  +1.1013e-03      0.036 
 414    4    3  4    +0.1546    +0.1538    +0.1554  -1.5948e-03      0.036 
 400   54   53  1    +0.1337    +0.1341    +0.1324  +1.6529e-03      0.035 
 311   46   47  4    +0.3143    +0.3145    +0.3125  +2.0093e-03      0.035 
 147    0   33  5    -0.0250    -0.0248    -0.0235  -1.3088e-03      0.035 
 131    0   17  5    -0.1060    -0.1090    -0.1102  +1.2686e-03      0.035 
 422   12    9  4    +0.0189    +0.0194    +0.0180  +1.4712e-03      0.035 
  92    0   35  2    -0.0800    -0.0808    -0.0820  +1.2244e-03      0.035 
  29    0   29  6    +0.9902    +0.9921    +0.9897  +2.3774e-03      0.034 
  72    0   15  2    -0.2930    -0.2912    -0.2921  +9.8432e-04      0.033 
 254    3    4  4    -0.1418    -0.1425    -0.1439  +1.3788e-03      0.031 
  88    0   31  2    -0.0770    -0.0782    -0.0771  -1.1354e-03      0.030 
  79    0   22  2    +0.0000    -0.0029    -0.0021  -7.8164e-04      0.030 
 227   41   43  1    -0.1593    -0.1600    -0.1615  +1.4914e-03      0.030 
 302   37   39  4    +0.0327    +0.0354    +0.0343  +1.1181e-03      0.030 
 151    0   37  5    +0.0000    +0.0011    +0.0003  +7.5952e-04      0.029 
 388   44   38  1    +0.3862    +0.3825    +0.3842  -1.7041e-03      0.029 
  82    0   25  2    -0.0840    -0.0780    -0.0770  -9.9361e-04      0.029 
 218   34   35  1    -0.1027    -0.1001    -0.0989  -1.2255e-03      0.029 
 241   54   55  1    -0.1887    -0.1856    -0.1870  +1.4096e-03      0.028 
 447   25   24  4    -0.0289    -0.0278    -0.0290  +1.1717e-03      0.028 
 432    6    5  4    +0.1604    +0.1576    +0.1589  -1.3205e-03      0.028 
 114    0   57  2    -0.0890    -0.0851    -0.0862  +1.0638e-03      0.027 
 238   29   52  1    +0.2105    +0.2070    +0.2084  -1.3283e-03      0.027 
 146    0   32  5    -0.0110    -0.0160    -0.0152  -8.1836e-04      0.027 
 204   22   23  1    +0.1596    +0.1643    +0.1630  +1.2134e-03      0.027 
 418    8    6  4    +0.0759    +0.0773    +0.0761  +1.1896e-03      0.026 
 488   56   57  4    +0.0003    +0.0054    +0.0045  +9.2984e-04      0.026 
 219   35   36  1    -0.1837    -0.1830    -0.1818  -1.2022e-03      0.026 
   1    0    1  6    +1.0400    +1.0408    +1.0390  +1.8095e-03      0.025 
  28    0   28  6    +0.9692    +0.9705    +0.9687  +1.7414e-03      0.025 
 440   19   18  4    -0.0236    -0.0228    -0.0238  +1.0040e-03      0.025 
 474   50   49  4    -0.0372    -0.0413    -0.0404  -9.5446e-04      0.024 
 295   31   32  4    -0.0066    -0.0067    -0.0057  -9.3420e-04      0.024 
  52    0   52  6    +0.9455    +0.9437    +0.9453  -1.6362e-03      0.024 
  13    0   13  6    +0.9475    +0.9452    +0.9468  -1.6395e-03      0.024 
 348   17    1  1    -1.5057    -1.4989    -1.5013  +2.4328e-03      0.024 
 460   37   36  4    +0.1401    +0.1401    +0.1391  +1.0388e-03      0.024 
 439   15   14  4    +0.1734    +0.1749    +0.1738  +1.1622e-03      0.023 
 328   57   56  4    +0.0002    -0.0048    -0.0040  -8.3171e-04      0.023 
 250   38   48  1    -0.2195    -0.2227    -0.2216  -1.1154e-03      0.022 
 487   57   39  4    -0.0272    -0.0293    -0.0283  -9.3528e-04      0.022 
 398   52   29  1    -0.2031    -0.2022    -0.2011  -1.0577e-03      0.021 
 176    4    6  1    +0.3770    +0.3759    +0.3772  -1.3271e-03      0.021 
  89    0   32  2    -0.0210    -0.0225    -0.0219  -6.2380e-04      0.021 
 491   55    9  4    -0.1212    -0.1197    -0.1206  +9.0586e-04      0.021 
  17    0   17  6    +0.9902    +0.9875    +0.9890  -1.4183e-03      0.020 
  84    0   27  2    -0.1240    -0.1235    -0.1228  -7.6394e-04      0.020 
 139    0   25  5    -0.0430    -0.0404    -0.0397  -6.7159e-04      0.020 
 363   22   21  1    +0.0124    +0.0102    +0.0096  +6.8354e-04      0.019 
 268    1   17  4    +0.2393    +0.2427    +0.2418  +9.6612e-04      0.018 
 443   22   21  4    -0.0021    -0.0043    -0.0037  -6.4582e-04      0.018 
 402   43   11  1    -0.1863    -0.1873    -0.1882  +8.8668e-04      0.018 
 309   15   45  4    +0.0718    +0.0709    +0.0701  +7.5712e-04      0.018 
  46    0   46  6    +1.0177    +1.0179    +1.0167  +1.2650e-03      0.018 
  98    0   41  2    -0.0840    -0.0872    -0.0866  -5.4094e-04      0.018 
 202   21   20  1    +0.0124    +0.0078    +0.0085  -6.6878e-04      0.017 
 374   31   30  1    -0.0472    -0.0479    -0.0473  -6.7472e-04      0.017 
 111    0   54  2    -0.0550    -0.0541    -0.0546  +5.4247e-04      0.017 
 110    0   53  2    -0.2660    -0.2627    -0.2619  -8.0451e-04      0.017 
  47    0   47  6    +0.9826    +0.9828    +0.9817  +1.1461e-03      0.017 
 248   57   56  1    -0.0405    -0.0377    -0.0384  +6.3372e-04      0.016 
  71    0   14  2    -0.1400    -0.1441    -0.1446  +4.7920e-04      0.016 
 355   13   11  1    +0.1177    +0.1174    +0.1181  -6.9986e-04      0.016 
 473   49   48  4    +0.0870    +0.0868    +0.0875  -7.0294e-04      0.015 
 258    6    8  4    -0.0914    -0.0924    -0.0917  -7.0895e-04      0.015 
 264   13   14  4    +0.3064    +0.3075    +0.3083  -8.5385e-04      0.015 
 386   42   41  1    -0.1165    -0.1177    -0.1170  -6.8293e-04      0.015 
 369   27   26  1    +0.1125    +0.1142    +0.1135  +6.7388e-04      0.015 
 481   55   54  4    +0.0762    +0.0773    +0.0767  +6.0078e-04      0.014 
 379   36   35  1    +0.1860    +0.1835    +0.1842  -6.5061e-04      0.014 
 380   37   36  1    +0.2315    +0.2277    +0.2284  -6.7051e-04      0.014 
 192    5    6  1    +0.1269    +0.1280    +0.1274  +5.8705e-04      0.013 
 292    7   29  4    +0.2898    +0.2886    +0.2893  -7.0459e-04      0.013 
 164    0   50  5    -0.1400    -0.1438    -0.1443  +5.3510e-04      0.013 
 130    0   16  5    -0.0400    -0.0424    -0.0420  -3.8973e-04      0.013 
 150    0   36  5    +0.0000    -0.0023    -0.0019  -3.4762e-04      0.013 
 317   13   49  4    +0.4244    +0.4253    +0.4244  +8.2418e-04      0.013 
 104    0   47  2    -0.3950    -0.3921    -0.3927  +6.5764e-04      0.012 
 331    9   55  4    +0.1325    +0.1321    +0.1316  +5.3394e-04      0.012 
 101    0   44  2    -0.1600    -0.1618    -0.1623  +4.4868e-04      0.012 
  87    0   30  2    -0.0480    -0.0517    -0.0521  +3.8982e-04      0.011 
 232   47   48  1    +0.2440    +0.2441    +0.2436  +5.6155e-04      0.011 
 428   17    1  4    -0.0191    -0.0227    -0.0223  -3.9613e-04      0.011 
 213   25   30  1    +0.0991    +0.1040    +0.1035  +4.3780e-04      0.010 
 129    0   15  5    -0.0670    -0.0732    -0.0730  -2.5467e-04      0.010 
 360   19   18  1    -0.0628    -0.0629    -0.0633  +4.2051e-04      0.010 
 166    0   52  5    -0.0290    -0.0274    -0.0277  +3.1758e-04      0.010 
 438   17   12  4    -0.0869    -0.0883    -0.0879  -4.1528e-04      0.009 
 345   15   13  1    +0.8483    +0.8450    +0.8456  -6.6843e-04      0.008 
  86    0   29  2    -0.2260    -0.2303    -0.2306  +2.8277e-04      0.008 
 109    0   52  2    -0.0650    -0.0662    -0.0660  -2.3826e-04      0.007 
 265   13   15  4    +0.0880    +0.0889    +0.0886  +3.2804e-04      0.007 
 115    0    1  5    +1.5214    +1.5264    +1.5270  -6.2250e-04      0.007 
 278   12   17  4    +0.2051    +0.2045    +0.2048  -3.4085e-04      0.006 
 371   29   28  1    +0.3068    +0.3070    +0.3067  +2.7185e-04      0.005 
 471   47   46  4    -0.2832    -0.2819    -0.2816  -2.8019e-04      0.005 
 470   46   14  4    -0.3143    -0.3161    -0.3164  +2.7983e-04      0.005 
 463   40   36  4    -0.0358    -0.0320    -0.0322  +1.8531e-04      0.005 
 208   24   26  1    -0.1088    -0.1059    -0.1057  -2.1022e-04      0.005 
   7    0    7  6    +0.9744    +0.9742    +0.9739  +3.2544e-04      0.005 
  70    0   13  2    -0.2390    -0.2334    -0.2335  +1.4354e-04      0.005 
  93    0   36  2    -0.0000    +0.0018    +0.0017  +9.5410e-05      0.004 
 103    0   46  2    +0.0000    +0.0024    +0.0025  -8.0552e-05      0.004 
 406   42   56  1    +0.0225    +0.0221    +0.0222  -1.1529e-04      0.003 
 411   55    9  1    -0.2861    -0.2826    -0.2827  +1.2792e-04      0.002 
  83    0   26  2    -0.0000    -0.0041    -0.0041  -3.9366e-05      0.001 
 171    0   57  5    -0.0270    -0.0322    -0.0323  +4.3012e-05      0.001 
 455   32   31  4    +0.0076    +0.0068    +0.0068  -2.6235e-05      0.001 
  97    0   40  2    -0.0000    -0.0000    -0.0000  -1.5660e-05      0.000 
 462   39   37  4    -0.0325    -0.0341    -0.0341  -6.5739e-06      0.000 
----------------------------------------------------------------------------------
Não foram identificados erros grosseiros.
Não foram identificadas medidas críticas.
Possíveis conjuntos críticos:
Conjunto 1: 208 463
Conjunto 2: 463 470
Conjunto 3: 471 371
Conjunto 4: 166 360
Conjunto 5: 101 331
Conjunto 6: 150 130 164
Conjunto 7: 130 164
Conjunto 8: 164 292
Conjunto 9: 379 481
Conjunto 10: 369 386
Conjunto 11: 386 264
Conjunto 12: 473 355
Conjunto 13: 71 248
Conjunto 14: 47 110 111
Conjunto 15: 110 111
Conjunto 16: 111 374
Conjunto 17: 46 309
Conjunto 18: 402 443
Conjunto 19: 139 84
Conjunto 20: 89 176 398
Conjunto 21: 176 398
Conjunto 22: 348 13
Conjunto 23: 13 52 295
Conjunto 24: 52 295 474
Conjunto 25: 295 474
Conjunto 26: 28 1
Conjunto 27: 219 488
Conjunto 28: 204 146
Conjunto 29: 146 238
Conjunto 30: 432 447
Conjunto 31: 218 82
Conjunto 32: 388 151
Conjunto 33: 227 79 88
Conjunto 34: 79 88
Conjunto 35: 92 422
Conjunto 36: 131 147 311 400
Conjunto 37: 147 311 400
Conjunto 38: 311 400 414 91
Conjunto 39: 400 414 91
Conjunto 40: 414 91 307 32
Conjunto 41: 91 307 32
Conjunto 42: 307 32
Conjunto 43: 32 148
Conjunto 44: 256 387 465
Conjunto 45: 387 465
Conjunto 46: 304 205 141
Conjunto 47: 205 141
Conjunto 48: 141 214 408
Conjunto 49: 214 408 26
Conjunto 50: 408 26
Conjunto 51: 415 225 140
Conjunto 52: 225 140 230
Conjunto 53: 140 230
Conjunto 54: 230 41 18 327
Conjunto 55: 41 18 327 430 378 144
Conjunto 56: 18 327 430 378 144
Conjunto 57: 327 430 378 144
Conjunto 58: 430 378 144 449
Conjunto 59: 378 144 449
Conjunto 60: 144 449
Conjunto 61: 449 423
Conjunto 62: 423 11 271
Conjunto 63: 11 271 326 479
Conjunto 64: 271 326 479
Conjunto 65: 326 479
Conjunto 66: 479 457
Conjunto 67: 457 299
Conjunto 68: 299 247 68
Conjunto 69: 247 68 433
Conjunto 70: 68 433
Conjunto 71: 433 60 183
Conjunto 72: 60 183
Conjunto 73: 303 377
Conjunto 74: 49 162 346
Conjunto 75: 162 346 285
Conjunto 76: 346 285
Conjunto 77: 195 284
Conjunto 78: 3 201 288 216 160
Conjunto 79: 201 288 216 160
Conjunto 80: 288 216 160
Conjunto 81: 216 160 15
Conjunto 82: 160 15
Conjunto 83: 251 454 266 441 277
Conjunto 84: 454 266 441 277 117
Conjunto 85: 266 441 277 117 448 154
Conjunto 86: 441 277 117 448 154
Conjunto 87: 277 117 448 154 229
Conjunto 88: 117 448 154 229
Conjunto 89: 448 154 229
Conjunto 90: 154 229 446
Conjunto 91: 229 446 67
Conjunto 92: 446 67 279 158
Conjunto 93: 67 279 158 77
Conjunto 94: 279 158 77 373 410 246
Conjunto 95: 158 77 373 410 246
Conjunto 96: 77 373 410 246 489 145 390
Conjunto 97: 373 410 246 489 145 390
Conjunto 98: 410 246 489 145 390
Conjunto 99: 246 489 145 390
Conjunto 100: 489 145 390
Conjunto 101: 145 390
Conjunto 102: 273 38 425 133 372 478
Conjunto 103: 38 425 133 372 478
Conjunto 104: 425 133 372 478
Conjunto 105: 133 372 478 177
Conjunto 106: 372 478 177
Conjunto 107: 478 177
Conjunto 108: 177 435 50
Conjunto 109: 435 50 286 174
Conjunto 110: 50 286 174
Conjunto 111: 286 174 134 394
Conjunto 112: 174 134 394
Conjunto 113: 134 394 113 85
Conjunto 114: 394 113 85
Conjunto 115: 113 85 343 220 308
Conjunto 116: 85 343 220 308
Conjunto 117: 343 220 308
Conjunto 118: 220 308
Conjunto 119: 157 364 40 23
Conjunto 120: 364 40 23 135
Conjunto 121: 40 23 135
Conjunto 122: 23 135
Conjunto 123: 135 313 96 222
Conjunto 124: 313 96 222 153
Conjunto 125: 96 222 153 456
Conjunto 126: 222 153 456
Conjunto 127: 153 456
Conjunto 128: 456 368
Conjunto 129: 80 94
Conjunto 130: 477 357
Conjunto 131: 324 169 312 276 156
Conjunto 132: 169 312 276 156
Conjunto 133: 312 276 156 19
Conjunto 134: 276 156 19
Conjunto 135: 156 19
Conjunto 136: 19 16
Conjunto 137: 16 152
Conjunto 138: 152 81
Conjunto 139: 81 211 253
Conjunto 140: 211 253 159
Conjunto 141: 253 159
Conjunto 142: 159 267 424
Conjunto 143: 267 424
Conjunto 144: 483 384 458 179 272
Conjunto 145: 384 458 179 272 5 445
Conjunto 146: 458 179 272 5 445
Conjunto 147: 179 272 5 445
Conjunto 148: 272 5 445
Conjunto 149: 5 445
Conjunto 150: 121 182 296 382
Conjunto 151: 182 296 382
Conjunto 152: 296 382
Conjunto 153: 382 293
Conjunto 154: 293 431
Conjunto 155: 33 200 107
Conjunto 156: 200 107 239
Conjunto 157: 107 239 136 275
Conjunto 158: 239 136 275
Conjunto 159: 136 275 427 274
Conjunto 160: 275 427 274
Conjunto 161: 427 274
Conjunto 162: 349 370 209 76
Conjunto 163: 370 209 76 163
Conjunto 164: 209 76 163
Conjunto 165: 76 163
Conjunto 166: 163 233 35
Conjunto 167: 233 35 325
Conjunto 168: 35 325
Conjunto 169: 325 486 399 375
Conjunto 170: 486 399 375
Conjunto 171: 399 375
Conjunto 172: 375 332
Conjunto 173: 332 322 10 53 207 240
Conjunto 174: 322 10 53 207 240 444 316
Conjunto 175: 10 53 207 240 444 316 330
Conjunto 176: 53 207 240 444 316 330
Conjunto 177: 207 240 444 316 330
Conjunto 178: 240 444 316 330
Conjunto 179: 444 316 330
Conjunto 180: 316 330
Conjunto 181: 330 403 100
Conjunto 182: 403 100 354 31
Conjunto 183: 100 354 31
Conjunto 184: 354 31
Conjunto 185: 31 315 475
Conjunto 186: 315 475 269 442
Conjunto 187: 475 269 442
Conjunto 188: 269 442
Conjunto 189: 260 352 155 298 319
Conjunto 190: 352 155 298 319
Conjunto 191: 155 298 319
Conjunto 192: 298 319
Conjunto 193: 319 30
Conjunto 194: 30 235 102 376
Conjunto 195: 235 102 376 407 280 223 464 120
Conjunto 196: 102 376 407 280 223 464 120
Conjunto 197: 376 407 280 223 464 120
Conjunto 198: 407 280 223 464 120
Conjunto 199: 280 223 464 120
Conjunto 200: 223 464 120
Conjunto 201: 464 120
Conjunto 202: 120 437
Conjunto 203: 437 466 128
Conjunto 204: 466 128 221
Conjunto 205: 128 221 63 392 99
Conjunto 206: 221 63 392 99
Conjunto 207: 63 392 99
Conjunto 208: 392 99
Conjunto 209: 99 381
Conjunto 210: 381 420 320
Conjunto 211: 420 320 450
Conjunto 212: 320 450
Conjunto 213: 450 123 367
Conjunto 214: 123 367 314 329
Conjunto 215: 367 314 329
Conjunto 216: 314 329 429 459
Conjunto 217: 329 429 459
Conjunto 218: 429 459
Conjunto 219: 459 165
Conjunto 220: 165 188
Conjunto 221: 188 365
Conjunto 222: 365 451
Conjunto 223: 451 170 257
Conjunto 224: 170 257 244
Conjunto 225: 257 244 323 249
Conjunto 226: 244 323 249 281 469 409
Conjunto 227: 323 249 281 469 409 421
Conjunto 228: 249 281 469 409 421
Conjunto 229: 281 469 409 421 417
Conjunto 230: 469 409 421 417 341
Conjunto 231: 409 421 417 341
Conjunto 232: 421 417 341 126 480 137
Conjunto 233: 417 341 126 480 137
Conjunto 234: 341 126 480 137
Conjunto 235: 126 480 137 361 383
Conjunto 236: 480 137 361 383
Conjunto 237: 137 361 383
Conjunto 238: 361 383 337 167 215
Conjunto 239: 383 337 167 215 4
Conjunto 240: 337 167 215 4 405
Conjunto 241: 167 215 4 405
Conjunto 242: 215 4 405 270
Conjunto 243: 4 405 270
Conjunto 244: 405 270
Conjunto 245: 270 12
Conjunto 246: 12 175
Conjunto 247: 175 335 291 413 105
Conjunto 248: 335 291 413 105
Conjunto 249: 291 413 105
Conjunto 250: 413 105 412
Conjunto 251: 105 412
Conjunto 252: 412 161
Conjunto 253: 161 344
Conjunto 254: 344 305 453 242 255 426
Conjunto 255: 305 453 242 255 426 95 142 184
Conjunto 256: 453 242 255 426 95 142 184
Conjunto 257: 242 255 426 95 142 184
Conjunto 258: 255 426 95 142 184
Conjunto 259: 426 95 142 184 261
Conjunto 260: 95 142 184 261 64
Conjunto 261: 142 184 261 64
Conjunto 262: 184 261 64
Conjunto 263: 261 64
Conjunto 264: 476 290 66
Conjunto 265: 290 66 287
Conjunto 266: 66 287
Conjunto 267: 124 338
Conjunto 268: 338 396 294
Conjunto 269: 396 294
Conjunto 270: 228 44 289
Conjunto 271: 44 289 181
Conjunto 272: 289 181 243
Conjunto 273: 181 243 301 217 306
Conjunto 274: 243 301 217 306 321
Conjunto 275: 301 217 306 321 395 385
Conjunto 276: 217 306 321 395 385
Conjunto 277: 306 321 395 385
Conjunto 278: 321 395 385
Conjunto 279: 395 385 340 236
Conjunto 280: 385 340 236
Conjunto 281: 340 236 342 283 172 2
Conjunto 282: 236 342 283 172 2
Conjunto 283: 342 283 172 2
Conjunto 284: 283 172 2
Conjunto 285: 172 2
Conjunto 286: 2 401 224
Conjunto 287: 401 224 127
Conjunto 288: 224 127
Conjunto 289: 318 199 468 484
Conjunto 290: 199 468 484
Conjunto 291: 468 484
Conjunto 292: 226 353 45 297
Conjunto 293: 353 45 297
Conjunto 294: 45 297
Conjunto 295: 297 185
Conjunto 296: 185 416
Conjunto 297: 416 490
Conjunto 298: 490 149 116 20 78 347
Conjunto 299: 149 116 20 78 347 393 65
Conjunto 300: 116 20 78 347 393 65 138
Conjunto 301: 20 78 347 393 65 138
Conjunto 302: 78 347 393 65 138
Conjunto 303: 347 393 65 138
Conjunto 304: 393 65 138 263 55 452
Conjunto 305: 65 138 263 55 452
Conjunto 306: 138 263 55 452
Conjunto 307: 263 55 452 37 358 282 9
Conjunto 308: 55 452 37 358 282 9
Conjunto 309: 452 37 358 282 9
Conjunto 310: 37 358 282 9
Conjunto 311: 358 282 9
Conjunto 312: 282 9
Conjunto 313: 245 234
Conjunto 314: 234 57
Conjunto 315: 112 434 310 336 262
Conjunto 316: 434 310 336 262
Conjunto 317: 310 336 262 356 42
Conjunto 318: 336 262 356 42
Conjunto 319: 262 356 42 362
Conjunto 320: 356 42 362 90
Conjunto 321: 42 362 90 6
Conjunto 322: 362 90 6 22
Conjunto 323: 90 6 22
Conjunto 324: 6 22
Conjunto 325: 62 8
Conjunto 326: 8 461 419
Conjunto 327: 461 419
Conjunto 328: 125 119
Conjunto 329: 119 189 194
Conjunto 330: 189 194 132
Conjunto 331: 194 132
Conjunto 332: 366 122 193
Conjunto 333: 122 193 436 143
Conjunto 334: 193 436 143 14 180 203
Conjunto 335: 436 143 14 180 203
Conjunto 336: 143 14 180 203
Conjunto 337: 14 180 203
Conjunto 338: 180 203
Conjunto 339: 168 24 48
Conjunto 340: 24 48 359
Conjunto 341: 48 359 482 389
Conjunto 342: 359 482 389
Conjunto 343: 482 389
Conjunto 344: 34 39
Conjunto 345: 25 56 237
Conjunto 346: 56 237 36
Conjunto 347: 237 36
Conjunto 348: 54 212
Conjunto 349: 206 27 21
Conjunto 350: 27 21
Conjunto 351: 472 51
Conjunto 352: 51 259
Conjunto 353: 259 197
Conjunto 354: 197 334
Conjunto 355: 334 61
Conjunto 356: 61 69 74
Conjunto 357: 69 74 108
Conjunto 358: 74 108
Conjunto 359: 198 391
