================================================================================= 
=== UFF - Doutorado em Computação - Aplicaçoes em Sistemas de Potencia        === 
=== ESTIMADOR DE ESTADO MÍNIMOS QUADRADOS PONDERADOS INCLUINDO MEDIDAS DE PMU === 
=== Desenvolvido por: Rui Menezes de Moraes - 2009                            === 
================================================================================= 
Arquivo de medidores:          F:\Documents\Uff\Artigos\SimSEP\VERSAO WELDAN V2\Codigos\Med\ieee57_23_2300.med
Arquivo do sistema:            F:\Documents\Uff\Artigos\SimSEP\VERSAO WELDAN V2\Codigos\Carga\ieee57_23_2300.txt
Tolerância entre iteraçoes:     1.00e-04
Limite de iteraçoes:           100

--- DADOS DA REDE --------------------------------------------------------------- 
Data do caso:                  08/25/93
Origem:                        UW ARCHIVE          
MVA base:                      100
Ano:                           1961
Estação:                       W
Identificação:                 IEEE 57 Bus Test Case
Número de barras:              57 
Número de ramos:               80 
Referência na barra:           1

--- TELEMEDIDAS ------------------------------------------------------------------
    Tipo 1 = Fluxo de potencia ativa        Tipo  6 = Módulo da tensão            
    Tipo 2 = Injeção de potencia ativa      Tipo  7 = Corrente de ramo (real)     
    Tipo 3 = Ângulo de fase da tensão       Tipo  8 = Corrente de ramo (imag)     
    Tipo 4 = Fluxo de potencia reativa      Tipo  9 = Injeção de corrente (real)  
    Tipo 5 = Injeção de potencia reativa    Tipo 10 = Injeção de corrente (imag)  
----------------------------------------------------------------------------------
   N    D    P TP  PN ST   Exa   FS       DP      V_Ref      V_Med          E(%) 
----------------------------------------------------------------------------------
   1    0    1  6   0  0 0.015 01.1  0.00520   +1.04000   +1.04012     +0.011538 
   2    0    2  6   0  0 0.015 01.1  0.00512   +1.02370   +1.02304     -0.064472 
   3    0    3  6   0  0 0.015 01.1  0.00514   +1.02737   +1.03001     +0.256967 
   4    0    4  6   0  0 0.015 01.1  0.00511   +1.02275   +1.03746     +1.438279 
   5    0    5  6   0  0 0.015 01.1  0.00507   +1.01477   +1.01017     -0.453305 
   6    0    6  6   0  0 0.015 01.1  0.00506   +1.01274   +1.00548     -0.716867 
   7    0    7  6   0  0 0.015 01.1  0.00504   +1.00844   +1.01116     +0.269724 
   8    0    8  6   0  0 0.015 01.1  0.00502   +1.00500   +1.01240     +0.736318 
   9    0    9  6   0  0 0.015 01.1  0.00499   +0.99730   +0.98479     -1.254387 
  10    0   10  6   0  0 0.015 01.1  0.00503   +1.00527   +1.00150     -0.375024 
  11    0   11  6   0  0 0.015 01.1  0.00500   +0.99978   +0.98739     -1.239273 
  12    0   12  6   0  0 0.015 01.1  0.00507   +1.01500   +1.00946     -0.545813 
  13    0   13  6   0  0 0.015 01.1  0.00501   +1.00285   +1.00144     -0.140599 
  14    0   14  6   0  0 0.015 01.1  0.00501   +1.00162   +0.99144     -1.016354 
  15    0   15  6   0  0 0.015 01.1  0.00507   +1.01310   +0.99972     -1.320699 
  16    0   16  6   0  0 0.015 01.1  0.00509   +1.01791   +1.01622     -0.166026 
  17    0   17  6   0  0 0.015 01.1  0.00512   +1.02469   +1.01809     -0.644097 
  18    0   18  6   0  0 0.015 01.1  0.00532   +1.06470   +1.05509     -0.902602 
  19    0   19  6   0  0 0.015 01.1  0.00523   +1.04512   +1.04542     +0.028705 
  20    0   20  6   0  0 0.015 01.1  0.00519   +1.03711   +1.02216     -1.441506 
  21    0   21  6   0  0 0.015 01.1  0.00539   +1.07763   +1.08830     +0.990136 
  22    0   22  6   0  0 0.015 01.1  0.00538   +1.07648   +1.06680     -0.899227 
  23    0   23  6   0  0 0.015 01.1  0.00538   +1.07647   +1.07409     -0.221093 
  24    0   24  6   0  0 0.015 01.1  0.00540   +1.08080   +1.08835     +0.698557 
  25    0   25  6   0  0 0.015 01.1  0.00552   +1.10397   +1.10486     +0.080618 
  26    0   26  6   0  0 0.015 01.1  0.00516   +1.03145   +1.02432     -0.691260 
  27    0   27  6   0  0 0.015 01.1  0.00519   +1.03806   +1.04640     +0.803422 
  28    0   28  6   0  0 0.015 01.1  0.00522   +1.04370   +1.05793     +1.363419 
  29    0   29  6   0  0 0.015 01.1  0.00525   +1.04945   +1.03741     -1.147268 
  30    0   30  6   0  0 0.015 01.1  0.00548   +1.09576   +1.08014     -1.425495 
  31    0   31  6   0  0 0.015 01.1  0.00541   +1.08244   +1.07991     -0.233731 
  32    0   32  6   0  0 0.015 01.1  0.00539   +1.07833   +1.06424     -1.306650 
  33    0   33  6   0  0 0.015 01.1  0.00539   +1.07763   +1.06552     -1.123762 
  34    0   34  6   0  0 0.015 01.1  0.00530   +1.05943   +1.04648     -1.222355 
  35    0   35  6   0  0 0.015 01.1  0.00530   +1.06055   +1.05205     -0.801471 
  36    0   36  6   0  0 0.015 01.1  0.00531   +1.06263   +1.05342     -0.866717 
  37    0   37  6   0  0 0.015 01.1  0.00533   +1.06569   +1.06920     +0.329364 
  38    0   38  6   0  0 0.015 01.1  0.00538   +1.07622   +1.07282     -0.315921 
  39    0   39  6   0  0 0.015 01.1  0.00532   +1.06469   +1.07193     +0.680010 
  40    0   40  6   0  0 0.015 01.1  0.00530   +1.06047   +1.07515     +1.384292 
  41    0   41  6   0  0 0.015 01.1  0.00527   +1.05337   +1.06128     +0.750923 
  42    0   42  6   0  0 0.015 01.1  0.00524   +1.04849   +1.03524     -1.263722 
  43    0   43  6   0  0 0.015 01.1  0.00523   +1.04585   +1.05739     +1.103409 
  44    0   44  6   0  0 0.015 01.1  0.00536   +1.07141   +1.06700     -0.411607 
  45    0   45  6   0  0 0.015 01.1  0.00532   +1.06388   +1.07336     +0.891078 
  46    0   46  6   0  0 0.015 01.1  0.00550   +1.10075   +1.11021     +0.859414 
  47    0   47  6   0  0 0.015 01.1  0.00544   +1.08732   +1.08182     -0.505831 
  48    0   48  6   0  0 0.015 01.1  0.00542   +1.08437   +1.09900     +1.349170 
  49    0   49  6   0  0 0.015 01.1  0.00545   +1.08939   +1.10012     +0.984955 
  50    0   50  6   0  0 0.015 01.1  0.00540   +1.08063   +1.08482     +0.387737 
  51    0   51  6   0  0 0.015 01.1  0.00541   +1.08290   +1.07626     -0.613168 
  52    0   52  6   0  0 0.015 01.1  0.00522   +1.04487   +1.04854     +0.351240 
  53    0   53  6   0  0 0.015 01.1  0.00522   +1.04463   +1.05994     +1.465591 
  54    0   54  6   0  0 0.015 01.1  0.00524   +1.04872   +1.04381     -0.468190 
  55    0   55  6   0  0 0.015 01.1  0.00528   +1.05620   +1.04795     -0.781102 
  56    0   56  6   0  0 0.015 01.1  0.00527   +1.05375   +1.03795     -1.499407 
  57    0   57  6   0  0 0.015 01.1  0.00528   +1.05494   +1.06790     +1.228506 
  58    0    1  2   0  0 0.020 01.0  0.03027   -4.28122   -4.25805     -0.541201 
  59    0    2  2   0  0 0.020 01.0  0.00180   -0.00998   -0.00689    -30.961924 
  60    0    3  2   0  0 0.020 01.0  0.01535   +2.04195   +2.06486     +1.121967 
  61    0    4  2   0  0 0.020 01.0  0.00173   -0.00000   +0.00122     +0.000000 
  62    0    5  2   0  0 0.020 01.0  0.00203   -0.04500   -0.04886     +8.577778 
  63    0    6  2   0  0 0.020 01.0  0.00349   -0.26300   -0.25581     -2.733840 
  64    0    7  2   0  0 0.020 01.0  0.00173   +0.00000   +0.00225     +0.000000 
  65    0    8  2   0  0 0.020 01.0  0.02823   +3.97500   +4.00072     +0.647044 
  66    0    9  2   0  0 0.020 01.0  0.00609   -0.65300   -0.64888     -0.630934 
  67    0   10  2   0  0 0.020 01.0  0.00223   -0.07500   -0.06999     -6.680000 
  68    0   11  2   0  0 0.020 01.0  0.00173   +0.00000   +0.00304     +0.000000 
  69    0   12  2   0  0 0.020 01.0  0.00960   +1.18000   +1.19293     +1.095763 
  70    0   13  2   0  0 0.020 01.0  0.00215   -0.06300   -0.06417     +1.857143 
  71    0   14  2   0  0 0.020 01.0  0.00198   -0.03700   -0.03109    -15.972973 
  72    0   15  2   0  0 0.020 01.0  0.00225   -0.07697   -0.07530     -2.169676 
  73    0   16  2   0  0 0.020 01.0  0.00273   -0.15000   -0.15241     +1.606667 
  74    0   17  2   0  0 0.020 01.0  0.00271   -0.14700   -0.15217     +3.517007 
  75    0   18  2   0  0 0.020 01.0  0.00237   -0.09500   -0.09754     +2.673684 
  76    0   19  2   0  0 0.020 01.0  0.00181   -0.01200   -0.01466    +22.166667 
  77    0   20  2   0  0 0.020 01.0  0.00179   -0.00800   -0.00327    -59.125000 
  78    0   21  2   0  0 0.020 01.0  0.00173   -0.00000   +0.00409     +0.000000 
  79    0   22  2   0  0 0.020 01.0  0.00173   +0.00000   +0.00508     +0.000000 
  80    0   23  2   0  0 0.020 01.0  0.00188   -0.02200   -0.01690    -23.181818 
  81    0   24  2   0  0 0.020 01.0  0.00173   +0.00000   +0.00389     +0.000000 
  82    0   25  2   0  0 0.020 01.0  0.00188   -0.02200   -0.02581    +17.318182 
  83    0   26  2   0  0 0.020 01.0  0.00173   -0.00000   -0.00367     +0.000000 
  84    0   27  2   0  0 0.020 01.0  0.00195   -0.03300   -0.03124     -5.333333 
  85    0   28  2   0  0 0.020 01.0  0.00184   -0.01600   -0.01280    -20.000000 
  86    0   29  2   0  0 0.020 01.0  0.00213   -0.05900   -0.06446     +9.254237 
  87    0   30  2   0  0 0.020 01.0  0.00182   -0.01300   -0.01579    +21.461538 
  88    0   31  2   0  0 0.020 01.0  0.00187   -0.02000   -0.02548    +27.400000 
  89    0   32  2   0  0 0.020 01.0  0.00177   -0.00600   -0.00885    +47.500000 
  90    0   33  2   0  0 0.020 01.0  0.00182   -0.01300   -0.01568    +20.615385 
  91    0   34  2   0  0 0.020 01.0  0.00173   -0.00000   +0.00429     +0.000000 
  92    0   35  2   0  0 0.020 01.0  0.00187   -0.02100   -0.02249     +7.095238 
  93    0   36  2   0  0 0.020 01.0  0.00173   +0.00000   -0.00480     +0.000000 
  94    0   37  2   0  0 0.020 01.0  0.00173   +0.00000   +0.00157     +0.000000 
  95    0   38  2   0  0 0.020 01.0  0.00206   -0.04900   -0.04509     -7.979592 
  96    0   39  2   0  0 0.020 01.0  0.00173   +0.00000   -0.00433     +0.000000 
  97    0   40  2   0  0 0.020 01.0  0.00173   +0.00000   -0.00508     +0.000000 
  98    0   41  2   0  0 0.020 01.0  0.00188   -0.02200   -0.02352     +6.909091 
  99    0   42  2   0  0 0.020 01.0  0.00190   -0.02500   -0.02599     +3.960000 
 100    0   43  2   0  0 0.020 01.0  0.00178   -0.00700   -0.00790    +12.857143 
 101    0   44  2   0  0 0.020 01.0  0.00201   -0.04200   -0.04244     +1.047619 
 102    0   45  2   0  0 0.020 01.0  0.00173   -0.00000   -0.00035     +0.000000 
 103    0   46  2   0  0 0.020 01.0  0.00173   +0.00000   +0.00050     +0.000000 
 104    0   47  2   0  0 0.020 01.0  0.00243   -0.10400   -0.10352     -0.461538 
 105    0   48  2   0  0 0.020 01.0  0.00173   +0.00000   +0.00008     +0.000000 
 106    0   49  2   0  0 0.020 01.0  0.00215   -0.06300   -0.05937     -5.761905 
 107    0   50  2   0  0 0.020 01.0  0.00222   -0.07300   -0.07580     +3.835616 
 108    0   51  2   0  0 0.020 01.0  0.00215   -0.06300   -0.06235     -1.031746 
 109    0   52  2   0  0 0.020 01.0  0.00185   -0.01700   -0.01617     -4.882353 
 110    0   53  2   0  0 0.020 01.0  0.00220   -0.07000   -0.07391     +5.585714 
 111    0   54  2   0  0 0.020 01.0  0.00183   -0.01400   -0.01339     -4.357143 
 112    0   55  2   0  0 0.020 01.0  0.00189   -0.02400   -0.02725    +13.541667 
 113    0   56  2   0  0 0.020 01.0  0.00191   -0.02700   -0.02644     -2.074074 
 114    0   57  2   0  0 0.020 01.0  0.00189   -0.02300   -0.02787    +21.173913 
 115    0    1  5   0  0 0.020 01.0  0.01683   +2.26431   +2.30071     +1.607554 
 116    0    2  5   0  0 0.020 01.0  0.00492   -0.47800   -0.48661     +1.801255 
 117    0    3  5   0  0 0.020 01.0  0.00289   -0.17291   -0.17744     +2.619860 
 118    0    4  5   0  0 0.020 01.0  0.00173   +0.00000   -0.00124     +0.000000 
 119    0    5  5   0  0 0.020 01.0  0.00183   -0.01400   -0.01633    +16.642857 
 120    0    6  5   0  0 0.020 01.0  0.00231   -0.08699   -0.08351     -4.000460 
 121    0    7  5   0  0 0.020 01.0  0.00173   -0.00000   -0.00188     +0.000000 
 122    0    8  5   0  0 0.020 01.0  0.00543   -0.55486   -0.56766     +2.306888 
 123    0    9  5   0  0 0.020 01.0  0.00287   -0.17000   -0.16473     -3.100000 
 124    0   10  5   0  0 0.020 01.0  0.00193   -0.03000   -0.03288     +9.600000 
 125    0   11  5   0  0 0.020 01.0  0.00173   -0.00000   +0.00004     +0.000000 
 126    0   12  5   0  0 0.020 01.0  0.00201   -0.04230   -0.04786    +13.144208 
 127    0   13  5   0  0 0.020 01.0  0.00179   -0.00800   -0.00667    -16.625000 
 128    0   14  5   0  0 0.020 01.0  0.00186   -0.01900   -0.02026     +6.631579 
 129    0   15  5   0  0 0.020 01.0  0.00185   -0.01800   -0.02014    +11.888889 
 130    0   16  5   0  0 0.020 01.0  0.00180   -0.01000   -0.01181    +18.100000 
 131    0   17  5   0  0 0.020 01.0  0.00192   -0.02800   -0.02303    -17.750000 
 132    0   18  5   0  0 0.020 01.0  0.00196   -0.03400   -0.03438     +1.117647 
 133    0   19  5   0  0 0.020 01.0  0.00175   -0.00200   -0.00724   +262.000000 
 134    0   20  5   0  0 0.020 01.0  0.00175   -0.00300   -0.00063    -79.000000 
 135    0   21  5   0  0 0.020 01.0  0.00173   +0.00000   -0.00105     +0.000000 
 136    0   22  5   0  0 0.020 01.0  0.00173   -0.00000   -0.00496     +0.000000 
 137    0   23  5   0  0 0.020 01.0  0.00178   -0.00700   -0.00553    -21.000000 
 138    0   24  5   0  0 0.020 01.0  0.00173   +0.00000   -0.00063     +0.000000 
 139    0   25  5   0  0 0.020 01.0  0.00181   -0.01100   -0.01001     -9.000000 
 140    0   26  5   0  0 0.020 01.0  0.00173   -0.00000   +0.00123     +0.000000 
 141    0   27  5   0  0 0.020 01.0  0.00175   -0.00200   -0.00248    +24.000000 
 142    0   28  5   0  0 0.020 01.0  0.00179   -0.00800   -0.01283    +60.375000 
 143    0   29  5   0  0 0.020 01.0  0.00179   -0.00900   -0.00664    -26.222222 
 144    0   30  5   0  0 0.020 01.0  0.00177   -0.00600   -0.00345    -42.500000 
 145    0   31  5   0  0 0.020 01.0  0.00180   -0.01000   -0.01103    +10.300000 
 146    0   32  5   0  0 0.020 01.0  0.00175   -0.00300   -0.00772   +157.333333 
 147    0   33  5   0  0 0.020 01.0  0.00178   -0.00700   -0.00222    -68.285714 
 148    0   34  5   0  0 0.020 01.0  0.00173   -0.00000   +0.00392     +0.000000 
 149    0   35  5   0  0 0.020 01.0  0.00180   -0.01000   -0.00646    -35.400000 
 150    0   36  5   0  0 0.020 01.0  0.00173   -0.00000   -0.00053     +0.000000 
 151    0   37  5   0  0 0.020 01.0  0.00173   +0.00000   +0.00400     +0.000000 
 152    0   38  5   0  0 0.020 01.0  0.00189   -0.02400   -0.01998    -16.750000 
 153    0   39  5   0  0 0.020 01.0  0.00173   -0.00000   +0.00154     +0.000000 
 154    0   40  5   0  0 0.020 01.0  0.00173   -0.00000   +0.00007     +0.000000 
 155    0   41  5   0  0 0.020 01.0  0.00180   -0.01000   -0.01458    +45.800000 
 156    0   42  5   0  0 0.020 01.0  0.00183   -0.01500   -0.01651    +10.066667 
 157    0   43  5   0  0 0.020 01.0  0.00175   -0.00300   -0.00583    +94.333333 
 158    0   44  5   0  0 0.020 01.0  0.00177   -0.00600   -0.00217    -63.833333 
 159    0   45  5   0  0 0.020 01.0  0.00173   +0.00000   +0.00140     +0.000000 
 160    0   46  5   0  0 0.020 01.0  0.00173   +0.00000   +0.00241     +0.000000 
 161    0   47  5   0  0 0.020 01.0  0.00201   -0.04100   -0.04514    +10.097561 
 162    0   48  5   0  0 0.020 01.0  0.00173   -0.00000   +0.00468     +0.000000 
 163    0   49  5   0  0 0.020 01.0  0.00193   -0.03000   -0.03116     +3.866667 
 164    0   50  5   0  0 0.020 01.0  0.00198   -0.03700   -0.03568     -3.567568 
 165    0   51  5   0  0 0.020 01.0  0.00186   -0.01900   -0.01567    -17.526316 
 166    0   52  5   0  0 0.020 01.0  0.00179   -0.00800   -0.00600    -25.000000 
 167    0   53  5   0  0 0.020 01.0  0.00197   -0.03500   -0.04090    +16.857143 
 168    0   54  5   0  0 0.020 01.0  0.00177   -0.00500   -0.00497     -0.600000 
 169    0   55  5   0  0 0.020 01.0  0.00181   -0.01200   -0.00672    -44.000000 
 170    0   56  5   0  0 0.020 01.0  0.00179   -0.00800   -0.01328    +66.000000 
 171    0   57  5   0  0 0.020 01.0  0.00178   -0.00700   -0.01190    +70.000000 
 172    1    2  1   0  0 0.020 01.0  0.01215   -1.56201   -1.59091     +1.850180 
 173    2    3  1   0  0 0.020 01.0  0.01240   -1.60026   -1.59257     -0.480547 
 174    3    4  1   0  0 0.020 01.0  0.00573   -0.60016   -0.61577     +2.600973 
 175    4    5  1   0  0 0.020 01.0  0.00358   -0.27754   -0.27922     +0.605318 
 176    4    6  1   0  0 0.020 01.0  0.00475   -0.45169   -0.45580     +0.909916 
 177    6    7  1   0  0 0.020 01.0  0.00471   -0.44659   -0.44100     -1.251707 
 178    6    8  1   0  0 0.020 01.0  0.00582   -0.61233   -0.61711     +0.780625 
 179    8    9  1   0  0 0.020 01.0  0.01827   +2.48079   +2.46156     -0.775156 
 180    9   10  1   0  0 0.020 01.0  0.00426   +0.37943   +0.38396     +1.193896 
 181    9   11  1   0  0 0.020 01.0  0.00549   +0.56402   +0.56676     +0.485798 
 182    9   12  1   0  0 0.020 01.0  0.00358   +0.27688   +0.27131     -2.011702 
 183    9   13  1   0  0 0.020 01.0  0.00517   +0.51597   +0.51209     -0.751982 
 184   13   14  1   0  0 0.020 01.0  0.00463   +0.43437   +0.42617     -1.887792 
 185   13   15  1   0  0 0.020 01.0  0.00445   +0.40679   +0.40036     -1.580668 
 186    1   15  1   0  0 0.020 01.0  0.01226   -1.57913   -1.55358     -1.617980 
 187    1   16  1   0  0 0.020 01.0  0.00570   -0.59507   -0.59757     +0.420119 
 188    1   17  1   0  0 0.020 01.0  0.00537   -0.54501   -0.53995     -0.928423 
 189    3   15  1   0  0 0.020 01.0  0.00811   +0.95691   +0.95844     +0.159890 
 190    4   18  1   0  0 0.020 01.0  0.00210   +0.05445   +0.05995    +10.101010 
 191    4   18  1   0  0 0.020 01.0  0.00220   +0.06970   +0.06751     -3.142037 
 192    5    6  1   0  0 0.020 01.0  0.00393   -0.32958   -0.33286     +0.995206 
 193    7    8  1   0  0 0.020 01.0  0.00745   -0.85729   -0.84627     -1.285446 
 194   10   12  1   0  0 0.020 01.0  0.00265   +0.13670   +0.14247     +4.220922 
 195   11   13  1   0  0 0.020 01.0  0.00475   +0.45310   +0.43947     -3.008166 
 196   12   13  1   0  0 0.020 01.0  0.00234   +0.09116   +0.09607     +5.386134 
 197   12   16  1   0  0 0.020 01.0  0.00690   +0.77440   +0.78713     +1.643853 
 198   12   17  1   0  0 0.020 01.0  0.00654   +0.72146   +0.72314     +0.232861 
 199   14   15  1   0  0 0.020 01.0  0.00370   +0.29516   +0.29369     -0.498035 
 200   18   19  1   0  0 0.020 01.0  0.00193   +0.02916   +0.03034     +4.046639 
 201   19   20  1   0  0 0.020 01.0  0.00185   +0.01676   +0.01494    -10.859189 
 202   21   20  1   0  0 0.020 01.0  0.00179   -0.00867   -0.00568    -34.486736 
 203   21   22  1   0  0 0.020 01.0  0.00179   +0.00867   +0.00434    -49.942330 
 204   22   23  1   0  0 0.020 01.0  0.00240   -0.10060   -0.10129     +0.685885 
 205   23   24  1   0  0 0.020 01.0  0.00255   -0.12273   -0.11872     -3.267335 
 206   24   25  1   0  0 0.020 01.0  0.00195   +0.03221   +0.03368     +4.563800 
 207   24   25  1   0  0 0.020 01.0  0.00194   +0.03095   +0.02515    -18.739903 
 208   24   26  1   0  0 0.020 01.0  0.00299   -0.18863   -0.19730     +4.596300 
 209   26   27  1   0  0 0.020 01.0  0.00299   -0.18863   -0.18941     +0.413508 
 210   27   28  1   0  0 0.020 01.0  0.00326   -0.22881   -0.23425     +2.377518 
 211   28   29  1   0  0 0.020 01.0  0.00339   -0.24828   -0.25090     +1.055260 
 212    7   29  1   0  0 0.020 01.0  0.00444   +0.40642   +0.40486     -0.383839 
 213   25   30  1   0  0 0.020 01.0  0.00201   +0.04115   +0.03586    -12.855407 
 214   30   31  1   0  0 0.020 01.0  0.00192   +0.02793   +0.02637     -5.585392 
 215   31   32  1   0  0 0.020 01.0  0.00178   +0.00769   +0.00637    -17.165150 
 216   32   33  1   0  0 0.020 01.0  0.00182   +0.01301   +0.01084    -16.679477 
 217   34   32  1   0  0 0.020 01.0  0.00181   +0.01135   +0.01589    +40.000000 
 218   34   35  1   0  0 0.020 01.0  0.00181   -0.01135   -0.01159     +2.114537 
 219   35   36  1   0  0 0.020 01.0  0.00195   -0.03235   -0.03609    +11.561051 
 220   36   37  1   0  0 0.020 01.0  0.00195   -0.03193   -0.03430     +7.422487 
 221   37   38  1   0  0 0.020 01.0  0.00198   -0.03633   -0.03242    -10.762455 
 222   37   39  1   0  0 0.020 01.0  0.00176   +0.00427   +0.00552    +29.274005 
 223   36   40  1   0  0 0.020 01.0  0.00174   -0.00048   +0.00123   -356.250000 
 224   22   38  1   0  0 0.020 01.0  0.00246   +0.10927   +0.11098     +1.564931 
 225   11   41  1   0  0 0.020 01.0  0.00201   +0.04166   +0.03878     -6.913106 
 226   41   42  1   0  0 0.020 01.0  0.00203   +0.04483   +0.04937    +10.127147 
 227   41   43  1   0  0 0.020 01.0  0.00209   -0.05313   -0.05932    +11.650668 
 228   38   44  1   0  0 0.020 01.0  0.00249   +0.11303   +0.11102     -1.778289 
 229   15   45  1   0  0 0.020 01.0  0.00220   -0.07037   -0.06915     -1.733693 
 230   14   46  1   0  0 0.020 01.0  0.00240   +0.09960   +0.10572     +6.144578 
 231   46   47  1   0  0 0.020 01.0  0.00240   +0.09960   +0.09900     -0.602410 
 232   47   48  1   0  0 0.020 01.0  0.00177   -0.00522   -0.00603    +15.517241 
 233   48   49  1   0  0 0.020 01.0  0.00206   -0.04900   -0.04708     -3.918367 
 234   49   50  1   0  0 0.020 01.0  0.00189   -0.02385   -0.02085    -12.578616 
 235   50   51  1   0  0 0.020 01.0  0.00238   -0.09743   -0.09915     +1.765370 
 236   10   51  1   0  0 0.020 01.0  0.00281   +0.16188   +0.16110     -0.481838 
 237   13   49  1   0  0 0.020 01.0  0.00264   +0.13588   +0.13816     +1.677951 
 238   29   52  1   0  0 0.020 01.0  0.00238   +0.09655   +0.09990     +3.469705 
 239   52   53  1   0  0 0.020 01.0  0.00225   +0.07804   +0.07984     +2.306509 
 240   53   54  1   0  0 0.020 01.0  0.00178   +0.00738   +0.01041    +41.056911 
 241   54   55  1   0  0 0.020 01.0  0.00178   -0.00673   -0.01170    +73.848440 
 242   11   43  1   0  0 0.020 01.0  0.00213   +0.06013   +0.05502     -8.498254 
 243   44   45  1   0  0 0.020 01.0  0.00220   +0.07069   +0.06463     -8.572641 
 244   40   56  1   0  0 0.020 01.0  0.00174   -0.00054   -0.00408   +655.555556 
 245   56   41  1   0  0 0.020 01.0  0.00192   -0.02718   -0.02333    -14.164827 
 246   56   42  1   0  0 0.020 01.0  0.00186   -0.01921   -0.01855     -3.435711 
 247   39   57  1   0  0 0.020 01.0  0.00176   +0.00425   +0.00079    -81.411765 
 248   57   56  1   0  0 0.020 01.0  0.00186   -0.01875   -0.01385    -26.133333 
 249   38   49  1   0  0 0.020 01.0  0.00205   -0.04710   -0.04658     -1.104034 
 250   38   48  1   0  0 0.020 01.0  0.00202   -0.04277   -0.03877     -9.352350 
 251    9   55  1   0  0 0.020 01.0  0.00194   +0.03087   +0.02875     -6.867509 
 252    1    2  4   0  0 0.020 01.0  0.00871   +1.04589   +1.03193     -1.334748 
 253    2    3  4   0  0 0.020 01.0  0.00580   +0.60986   +0.61689     +1.152724 
 254    3    4  4   0  0 0.020 01.0  0.00375   +0.30195   +0.30240     +0.149031 
 255    4    5  4   0  0 0.020 01.0  0.00299   +0.18861   +0.18478     -2.030645 
 256    4    6  4   0  0 0.020 01.0  0.00308   +0.20121   +0.19249     -4.333781 
 257    6    7  4   0  0 0.020 01.0  0.00258   +0.12736   +0.12198     -4.224246 
 258    6    8  4   0  0 0.020 01.0  0.00292   +0.17740   +0.18237     +2.801578 
 259    8    9  4   0  0 0.020 01.0  0.00307   -0.20073   -0.20038     -0.174364 
 260    9   10  4   0  0 0.020 01.0  0.00266   -0.13889   -0.14022     +0.957592 
 261    9   11  4   0  0 0.020 01.0  0.00303   -0.19526   -0.20239     +3.651542 
 262    9   12  4   0  0 0.020 01.0  0.00271   -0.14588   -0.14375     -1.460104 
 263    9   13  4   0  0 0.020 01.0  0.00298   -0.18689   -0.19357     +3.574295 
 264   13   14  4   0  0 0.020 01.0  0.00243   -0.10472   -0.10354     -1.126814 
 265   13   15  4   0  0 0.020 01.0  0.00337   -0.24592   -0.25231     +2.598406 
 266    1   15  4   0  0 0.020 01.0  0.00635   +0.69215   +0.69195     -0.028895 
 267    1   16  4   0  0 0.020 01.0  0.00344   +0.25544   +0.25205     -1.327122 
 268    1   17  4   0  0 0.020 01.0  0.00354   +0.27083   +0.26461     -2.296644 
 269    3   15  4   0  0 0.020 01.0  0.00187   -0.02124   -0.02568    +20.903955 
 270    4   18  4   0  0 0.020 01.0  0.00186   -0.01888   -0.02274    +20.444915 
 271    4   18  4   0  0 0.020 01.0  0.00203   -0.04514   -0.04059    -10.079752 
 272    5    6  4   0  0 0.020 01.0  0.00298   +0.18652   +0.19052     +2.144542 
 273    7    8  4   0  0 0.020 01.0  0.00330   +0.23498   +0.22515     -4.183335 
 274   10   12  4   0  0 0.020 01.0  0.00255   -0.12248   -0.11773     -3.878184 
 275   11   13  4   0  0 0.020 01.0  0.00293   -0.18006   -0.18453     +2.482506 
 276   12   13  4   0  0 0.020 01.0  0.00276   +0.15360   +0.15999     +4.160156 
 277   12   16  4   0  0 0.020 01.0  0.00302   -0.19273   -0.18659     -3.185804 
 278   12   17  4   0  0 0.020 01.0  0.00300   -0.18980   -0.19240     +1.369863 
 279   14   15  4   0  0 0.020 01.0  0.00377   -0.30568   -0.30986     +1.367443 
 280   18   19  4   0  0 0.020 01.0  0.00181   +0.01097   +0.00722    -34.184139 
 281   19   20  4   0  0 0.020 01.0  0.00179   +0.00838   +0.00718    -14.319809 
 282   21   20  4   0  0 0.020 01.0  0.00177   -0.00517   -0.00723    +39.845261 
 283   21   22  4   0  0 0.020 01.0  0.00177   +0.00517   +0.00857    +65.764023 
 284   22   23  4   0  0 0.020 01.0  0.00218   +0.06667   +0.06380     -4.304785 
 285   23   24  4   0  0 0.020 01.0  0.00213   +0.05948   +0.06397     +7.548756 
 286   24   25  4   0  0 0.020 01.0  0.00187   -0.02068   -0.02410    +16.537718 
 287   24   25  4   0  0 0.020 01.0  0.00187   -0.01987   -0.02149     +8.152994 
 288   24   26  4   0  0 0.020 01.0  0.00244   +0.10556   +0.10331     -2.131489 
 289   26   27  4   0  0 0.020 01.0  0.00242   +0.10350   +0.10475     +1.207729 
 290   27   28  4   0  0 0.020 01.0  0.00234   +0.09045   +0.08984     -0.674406 
 291   28   29  4   0  0 0.020 01.0  0.00225   +0.07709   +0.07087     -8.068491 
 292    7   29  4   0  0 0.020 01.0  0.00241   -0.10125   -0.10298     +1.708642 
 293   25   30  4   0  0 0.020 01.0  0.00185   +0.01745   +0.01797     +2.979943 
 294   30   31  4   0  0 0.020 01.0  0.00181   +0.01112   +0.00644    -42.086331 
 295   31   32  4   0  0 0.020 01.0  0.00174   +0.00075   -0.00224   -398.666667 
 296   32   33  4   0  0 0.020 01.0  0.00178   +0.00701   +0.00991    +41.369472 
 297   34   32  4   0  0 0.020 01.0  0.00180   +0.00947   +0.01088    +14.889124 
 298   34   35  4   0  0 0.020 01.0  0.00180   -0.00947   -0.00615    -35.058078 
 299   35   36  4   0  0 0.020 01.0  0.00184   -0.01589   -0.02117    +33.228446 
 300   36   37  4   0  0 0.020 01.0  0.00216   -0.06355   -0.06987     +9.944925 
 301   37   38  4   0  0 0.020 01.0  0.00233   -0.08898   -0.09040     +1.595864 
 302   37   39  4   0  0 0.020 01.0  0.00190   +0.02527   +0.02196    -13.098536 
 303   36   40  4   0  0 0.020 01.0  0.00206   +0.04940   +0.05049     +2.206478 
 304   22   38  4   0  0 0.020 01.0  0.00214   -0.06152   -0.05737     -6.745774 
 305   11   41  4   0  0 0.020 01.0  0.00179   -0.00847   -0.00579    -31.641086 
 306   41   42  4   0  0 0.020 01.0  0.00181   -0.01135   -0.00669    -41.057269 
 307   41   43  4   0  0 0.020 01.0  0.00186   +0.01975   +0.02003     +1.417722 
 308   38   44  4   0  0 0.020 01.0  0.00194   +0.03177   +0.03222     +1.416431 
 309   15   45  4   0  0 0.020 01.0  0.00194   -0.03075   -0.02880     -6.341463 
 310   14   46  4   0  0 0.020 01.0  0.00296   +0.18445   +0.19105     +3.578205 
 311   46   47  4   0  0 0.020 01.0  0.00295   +0.18184   +0.17621     -3.096128 
 312   47   48  4   0  0 0.020 01.0  0.00268   +0.14222   +0.14542     +2.250035 
 313   48   49  4   0  0 0.020 01.0  0.00182   -0.01326   -0.01666    +25.641026 
 314   49   50  4   0  0 0.020 01.0  0.00233   +0.08979   +0.08559     -4.677581 
 315   50   51  4   0  0 0.020 01.0  0.00208   +0.05186   +0.05524     +6.517547 
 316   10   51  4   0  0 0.020 01.0  0.00193   -0.02891   -0.02857     -1.176064 
 317   13   49  4   0  0 0.020 01.0  0.00296   +0.18397   +0.17517     -4.783389 
 318   29   52  4   0  0 0.020 01.0  0.00205   -0.04726   -0.04166    -11.849344 
 319   52   53  4   0  0 0.020 01.0  0.00212   -0.05722   -0.05243     -8.371199 
 320   53   54  4   0  0 0.020 01.0  0.00189   -0.02431   -0.02008    -17.400247 
 321   54   55  4   0  0 0.020 01.0  0.00193   -0.02945   -0.02952     +0.237691 
 322   11   43  4   0  0 0.020 01.0  0.00183   -0.01502   -0.01468     -2.263648 
 323   44   45  4   0  0 0.020 01.0  0.00192   +0.02737   +0.02200    -19.620022 
 324   40   56  4   0  0 0.020 01.0  0.00206   +0.04930   +0.05239     +6.267748 
 325   56   41  4   0  0 0.020 01.0  0.00193   +0.02889   +0.03187    +10.314988 
 326   56   42  4   0  0 0.020 01.0  0.00192   +0.02738   +0.02834     +3.506209 
 327   39   57  4   0  0 0.020 01.0  0.00190   +0.02525   +0.02377     -5.861386 
 328   57   56  4   0  0 0.020 01.0  0.00185   +0.01750   +0.01741     -0.514286 
 329   38   49  4   0  0 0.020 01.0  0.00207   -0.05116   -0.05082     -0.664582 
 330   38   48  4   0  0 0.020 01.0  0.00276   -0.15402   -0.15487     +0.551876 
 331    9   55  4   0  0 0.020 01.0  0.00201   +0.04193   +0.03761    -10.302886 
 332    2    1  1   0  0 0.020 01.0  0.01234   +1.59028   +1.60159     +0.711196 
 333    3    2  1   0  0 0.020 01.0  0.01297   +1.68520   +1.69879     +0.806432 
 334    4    3  1   0  0 0.020 01.0  0.00577   +0.60508   +0.61372     +1.427910 
 335    5    4  1   0  0 0.020 01.0  0.00363   +0.28458   +0.28036     -1.482887 
 336    6    4  1   0  0 0.020 01.0  0.00481   +0.46206   +0.47085     +1.902350 
 337    7    6  1   0  0 0.020 01.0  0.00474   +0.45087   +0.44518     -1.262005 
 338    8    6  1   0  0 0.020 01.0  0.00591   +0.62606   +0.61806     -1.277833 
 339    9    8  1   0  0 0.020 01.0  0.01787   -2.42017   -2.44478     +1.016871 
 340   10    9  1   0  0 0.020 01.0  0.00422   -0.37358   -0.36690     -1.788104 
 341   11    9  1   0  0 0.020 01.0  0.00543   -0.55488   -0.56080     +1.066897 
 342   12    9  1   0  0 0.020 01.0  0.00354   -0.27114   -0.27418     +1.121192 
 343   13    9  1   0  0 0.020 01.0  0.00508   -0.50175   -0.49640     -1.066268 
 344   14   13  1   0  0 0.020 01.0  0.00461   -0.43177   -0.44467     +2.987702 
 345   15   13  1   0  0 0.020 01.0  0.00441   -0.40090   -0.41015     +2.307309 
 346   15    1  1   0  0 0.020 01.0  0.01260   +1.62932   +1.62339     -0.363956 
 347   16    1  1   0  0 0.020 01.0  0.00582   +0.61335   +0.60332     -1.635282 
 348   17    1  1   0  0 0.020 01.0  0.00542   +0.55335   +0.56181     +1.528870 
 349   15    3  1   0  0 0.020 01.0  0.00802   -0.94286   -0.93596     -0.731816 
 350   18    4  1   0  0 0.020 01.0  0.00210   -0.05445   -0.05018     -7.842057 
 351   18    4  1   0  0 0.020 01.0  0.00220   -0.06970   -0.07356     +5.538020 
 352    6    5  1   0  0 0.020 01.0  0.00396   +0.33386   +0.33240     -0.437309 
 353    8    7  1   0  0 0.020 01.0  0.00752   +0.86815   +0.87863     +1.207165 
 354   12   10  1   0  0 0.020 01.0  0.00264   -0.13588   -0.14214     +4.607006 
 355   13   11  1   0  0 0.020 01.0  0.00472   -0.44787   -0.44944     +0.350548 
 356   13   12  1   0  0 0.020 01.0  0.00234   -0.09043   -0.09056     +0.143758 
 357   16   12  1   0  0 0.020 01.0  0.00682   -0.76335   -0.75539     -1.042772 
 358   17   12  1   0  0 0.020 01.0  0.00640   -0.70035   -0.68380     -2.363104 
 359   15   14  1   0  0 0.020 01.0  0.00368   -0.29216   -0.29978     +2.608160 
 360   19   18  1   0  0 0.020 01.0  0.00193   -0.02876   -0.03393    +17.976356 
 361   20   19  1   0  0 0.020 01.0  0.00184   -0.01667   -0.01547     -7.198560 
 362   20   21  1   0  0 0.020 01.0  0.00179   +0.00867   +0.00591    -31.833910 
 363   22   21  1   0  0 0.020 01.0  0.00179   -0.00866   -0.00804     -7.159353 
 364   23   22  1   0  0 0.020 01.0  0.00241   +0.10073   +0.10330     +2.551375 
 365   24   23  1   0  0 0.020 01.0  0.00257   +0.12548   +0.12496     -0.414409 
 366   25   24  1   0  0 0.020 01.0  0.00195   -0.03221   -0.03035     -5.774604 
 367   25   24  1   0  0 0.020 01.0  0.00194   -0.03095   -0.02736    -11.599354 
 368   26   24  1   0  0 0.020 01.0  0.00299   +0.18863   +0.19503     +3.392886 
 369   27   26  1   0  0 0.020 01.0  0.00304   +0.19581   +0.19966     +1.966192 
 370   28   27  1   0  0 0.020 01.0  0.00328   +0.23228   +0.22762     -2.006199 
 371   29   28  1   0  0 0.020 01.0  0.00341   +0.25088   +0.24671     -1.662149 
 372   29    7  1   0  0 0.020 01.0  0.00444   -0.40642   -0.41480     +2.061906 
 373   30   25  1   0  0 0.020 01.0  0.00201   -0.04093   -0.03974     -2.907403 
 374   31   30  1   0  0 0.020 01.0  0.00192   -0.02769   -0.02448    -11.592633 
 375   32   31  1   0  0 0.020 01.0  0.00178   -0.00766   -0.01199    +56.527415 
 376   33   32  1   0  0 0.020 01.0  0.00182   -0.01300   -0.01398     +7.538462 
 377   32   34  1   0  0 0.020 01.0  0.00181   -0.01135   -0.00992    -12.599119 
 378   35   34  1   0  0 0.020 01.0  0.00181   +0.01135   +0.01423    +25.374449 
 379   36   35  1   0  0 0.020 01.0  0.00195   +0.03240   +0.03259     +0.586420 
 380   37   36  1   0  0 0.020 01.0  0.00195   +0.03206   +0.02676    -16.531503 
 381   38   37  1   0  0 0.020 01.0  0.00198   +0.03684   +0.03614     -1.900109 
 382   39   37  1   0  0 0.020 01.0  0.00176   -0.00425   -0.00128    -69.882353 
 383   40   36  1   0  0 0.020 01.0  0.00174   +0.00054   +0.00566   +948.148148 
 384   38   22  1   0  0 0.020 01.0  0.00246   -0.10901   -0.10385     -4.733511 
 385   41   11  1   0  0 0.020 01.0  0.00201   -0.04166   -0.04697    +12.746039 
 386   42   41  1   0  0 0.020 01.0  0.00203   -0.04443   -0.04118     -7.314877 
 387   43   41  1   0  0 0.020 01.0  0.00209   +0.05313   +0.05594     +5.288914 
 388   44   38  1   0  0 0.020 01.0  0.00248   -0.11269   -0.10889     -3.372083 
 389   45   15  1   0  0 0.020 01.0  0.00220   +0.07037   +0.06642     -5.613187 
 390   46   14  1   0  0 0.020 01.0  0.00240   -0.09960   -0.10214     +2.550201 
 391   47   46  1   0  0 0.020 01.0  0.00239   -0.09878   -0.09738     -1.417291 
 392   48   47  1   0  0 0.020 01.0  0.00177   +0.00554   +0.01060    +91.335740 
 393   49   48  1   0  0 0.020 01.0  0.00206   +0.04918   +0.04858     -1.220008 
 394   50   49  1   0  0 0.020 01.0  0.00190   +0.02443   +0.02439     -0.163733 
 395   51   50  1   0  0 0.020 01.0  0.00239   +0.09888   +0.10565     +6.846683 
 396   51   10  1   0  0 0.020 01.0  0.00281   -0.16188   -0.15744     -2.742772 
 397   49   13  1   0  0 0.020 01.0  0.00264   -0.13588   -0.12829     -5.585811 
 398   52   29  1   0  0 0.020 01.0  0.00237   -0.09504   -0.09926     +4.440236 
 399   53   52  1   0  0 0.020 01.0  0.00225   -0.07738   -0.08370     +8.167485 
 400   54   53  1   0  0 0.020 01.0  0.00178   -0.00727   -0.01093    +50.343879 
 401   55   54  1   0  0 0.020 01.0  0.00178   +0.00687   +0.00922    +34.206696 
 402   43   11  1   0  0 0.020 01.0  0.00213   -0.06013   -0.05658     -5.903875 
 403   45   44  1   0  0 0.020 01.0  0.00220   -0.07037   -0.06845     -2.728435 
 404   56   40  1   0  0 0.020 01.0  0.00174   +0.00054   -0.00115   -312.962963 
 405   41   56  1   0  0 0.020 01.0  0.00192   +0.02796   +0.02974     +6.366237 
 406   42   56  1   0  0 0.020 01.0  0.00186   +0.01943   +0.01435    -26.145136 
 407   57   39  1   0  0 0.020 01.0  0.00176   -0.00425   -0.00037    -91.294118 
 408   56   57  1   0  0 0.020 01.0  0.00186   +0.01885   +0.01442    -23.501326 
 409   49   38  1   0  0 0.020 01.0  0.00205   +0.04756   +0.05306    +11.564340 
 410   48   38  1   0  0 0.020 01.0  0.00202   +0.04346   +0.04200     -3.359411 
 411   55    9  1   0  0 0.020 01.0  0.00194   -0.03087   -0.03513    +13.799806 
 412    2    1  4   0  0 0.020 01.0  0.00899   -1.08786   -1.09795     +0.927509 
 413    3    2  4   0  0 0.020 01.0  0.00476   -0.45362   -0.44224     -2.508708 
 414    4    3  4   0  0 0.020 01.0  0.00391   -0.32580   -0.31922     -2.019644 
 415    5    4  4   0  0 0.020 01.0  0.00307   -0.20052   -0.20617     +2.817674 
 416    6    4  4   0  0 0.020 01.0  0.00308   -0.20157   -0.20759     +2.986556 
 417    7    6  4   0  0 0.020 01.0  0.00263   -0.13373   -0.12753     -4.636207 
 418    8    6  4   0  0 0.020 01.0  0.00277   -0.15515   -0.15065     -2.900419 
 419    9    8  4   0  0 0.020 01.0  0.00477   +0.45501   +0.46336     +1.835125 
 420   10    9  4   0  0 0.020 01.0  0.00254   +0.12139   +0.11702     -3.599967 
 421   11    9  4   0  0 0.020 01.0  0.00309   +0.20355   +0.19786     -2.795382 
 422   12    9  4   0  0 0.020 01.0  0.00236   +0.09389   +0.09597     +2.215358 
 423   13    9  4   0  0 0.020 01.0  0.00302   +0.19299   +0.18595     -3.647857 
 424   14   13  4   0  0 0.020 01.0  0.00242   +0.10223   +0.10232     +0.088037 
 425   15   13  4   0  0 0.020 01.0  0.00334   +0.24160   +0.24531     +1.535596 
 426   15    1  4   0  0 0.020 01.0  0.00533   -0.53971   -0.55068     +2.032573 
 427   16    1  4   0  0 0.020 01.0  0.00327   -0.23035   -0.23283     +1.076623 
 428   17    1  4   0  0 0.020 01.0  0.00349   -0.26347   -0.25702     -2.448097 
 429   15    3  4   0  0 0.020 01.0  0.00180   +0.01059   +0.01502    +41.831917 
 430   18    4  4   0  0 0.020 01.0  0.00187   +0.02054   +0.01673    -18.549172 
 431   18    4  4   0  0 0.020 01.0  0.00205   +0.04786   +0.05079     +6.122023 
 432    6    5  4   0  0 0.020 01.0  0.00300   -0.19018   -0.18918     -0.525818 
 433    8    7  4   0  0 0.020 01.0  0.00306   -0.19899   -0.20472     +2.879542 
 434   12   10  4   0  0 0.020 01.0  0.00235   +0.09274   +0.09542     +2.889799 
 435   13   11  4   0  0 0.020 01.0  0.00292   +0.17837   +0.17486     -1.967820 
 436   13   12  4   0  0 0.020 01.0  0.00315   -0.21270   -0.21020     -1.175364 
 437   16   12  4   0  0 0.020 01.0  0.00320   +0.22035   +0.21527     -2.305423 
 438   17   12  4   0  0 0.020 01.0  0.00330   +0.23547   +0.23526     -0.089183 
 439   15   14  4   0  0 0.020 01.0  0.00374   +0.30026   +0.30605     +1.928329 
 440   19   18  4   0  0 0.020 01.0  0.00180   -0.01038   -0.00908    -12.524085 
 441   20   19  4   0  0 0.020 01.0  0.00179   -0.00824   -0.01095    +32.888350 
 442   20   21  4   0  0 0.020 01.0  0.00177   +0.00524   +0.00687    +31.106870 
 443   22   21  4   0  0 0.020 01.0  0.00177   -0.00516   -0.00695    +34.689922 
 444   23   22  4   0  0 0.020 01.0  0.00218   -0.06648   -0.07146     +7.490975 
 445   24   23  4   0  0 0.020 01.0  0.00217   -0.06501   -0.06297     -3.137979 
 446   25   24  4   0  0 0.020 01.0  0.00188   +0.02216   +0.02721    +22.788809 
 447   25   24  4   0  0 0.020 01.0  0.00187   +0.02129   +0.02513    +18.036637 
 448   26   24  4   0  0 0.020 01.0  0.00242   -0.10350   -0.10864     +4.966184 
 449   27   26  4   0  0 0.020 01.0  0.00235   -0.09245   -0.08981     -2.855598 
 450   28   27  4   0  0 0.020 01.0  0.00230   -0.08509   -0.08282     -2.667764 
 451   29   28  4   0  0 0.020 01.0  0.00222   -0.07345   -0.07331     -0.190606 
 452   29    7  4   0  0 0.020 01.0  0.00248   +0.11170   +0.11073     -0.868397 
 453   30   25  4   0  0 0.020 01.0  0.00185   -0.01712   -0.01841     +7.535047 
 454   31   30  4   0  0 0.020 01.0  0.00180   -0.01075   -0.00704    -34.511628 
 455   32   31  4   0  0 0.020 01.0  0.00174   -0.00071   -0.00331   +366.197183 
 456   33   32  4   0  0 0.020 01.0  0.00178   -0.00700   -0.00923    +31.857143 
 457   32   34  4   0  0 0.020 01.0  0.00179   -0.00930   -0.00864     -7.096774 
 458   35   34  4   0  0 0.020 01.0  0.00177   +0.00589   +0.00724    +22.920204 
 459   36   35  4   0  0 0.020 01.0  0.00183   +0.01415   +0.01360     -3.886926 
 460   37   36  4   0  0 0.020 01.0  0.00216   +0.06371   +0.06843     +7.408570 
 461   38   37  4   0  0 0.020 01.0  0.00232   +0.08749   +0.09380     +7.212253 
 462   39   37  4   0  0 0.020 01.0  0.00190   -0.02525   -0.02164    -14.297030 
 463   40   36  4   0  0 0.020 01.0  0.00206   -0.04930   -0.04658     -5.517241 
 464   38   22  4   0  0 0.020 01.0  0.00215   +0.06192   +0.05705     -7.864987 
 465   41   11  4   0  0 0.020 01.0  0.00180   +0.00970   +0.00520    -46.391753 
 466   42   41  4   0  0 0.020 01.0  0.00181   +0.01203   +0.01572    +30.673317 
 467   43   41  4   0  0 0.020 01.0  0.00186   -0.01856   -0.02023     +8.997845 
 468   44   38  4   0  0 0.020 01.0  0.00196   -0.03337   -0.02861    -14.264309 
 469   45   15  4   0  0 0.020 01.0  0.00194   +0.03130   +0.03220     +2.875399 
 470   46   14  4   0  0 0.020 01.0  0.00295   -0.18184   -0.18977     +4.360977 
 471   47   46  4   0  0 0.020 01.0  0.00296   -0.18322   -0.18826     +2.750791 
 472   48   47  4   0  0 0.020 01.0  0.00268   -0.14182   -0.14750     +4.005077 
 473   49   48  4   0  0 0.020 01.0  0.00179   +0.00787   +0.00697    -11.435832 
 474   50   49  4   0  0 0.020 01.0  0.00233   -0.08886   -0.08359     -5.930677 
 475   51   50  4   0  0 0.020 01.0  0.00206   -0.04956   -0.05460    +10.169492 
 476   51   10  4   0  0 0.020 01.0  0.00194   +0.03056   +0.03556    +16.361257 
 477   49   13  4   0  0 0.020 01.0  0.00291   -0.17601   -0.16841     -4.317936 
 478   52   29  4   0  0 0.020 01.0  0.00206   +0.04922   +0.04631     -5.912231 
 479   53   52  4   0  0 0.020 01.0  0.00212   +0.05806   +0.05215    -10.179125 
 480   54   53  4   0  0 0.020 01.0  0.00190   +0.02445   +0.02407     -1.554192 
 481   55   54  4   0  0 0.020 01.0  0.00193   +0.02964   +0.03061     +3.272605 
 482   43   11  4   0  0 0.020 01.0  0.00184   +0.01556   +0.01806    +16.066838 
 483   45   44  4   0  0 0.020 01.0  0.00194   -0.03130   -0.03324     +6.198083 
 484   56   40  4   0  0 0.020 01.0  0.00205   -0.04693   -0.05228    +11.399957 
 485   41   56  4   0  0 0.020 01.0  0.00192   -0.02811   -0.02360    -16.044112 
 486   42   56  4   0  0 0.020 01.0  0.00191   -0.02703   -0.02325    -13.984462 
 487   57   39  4   0  0 0.020 01.0  0.00190   -0.02450   -0.02594     +5.877551 
 488   56   57  4   0  0 0.020 01.0  0.00185   -0.01734   -0.01440    -16.955017 
 489   49   38  4   0  0 0.020 01.0  0.00206   +0.04835   +0.04758     -1.592554 
 490   48   38  4   0  0 0.020 01.0  0.00277   +0.15508   +0.15539     +0.199897 
 491   55    9  4   0  0 0.020 01.0  0.00201   -0.04164   -0.04091     -1.753122 
----------------------------------------------------------------------------------
Número de medidores SCADA:     491
Número de PMUs:                0
Número de medidas das PMUs:    0
----------------------------------------------------------------------------------

Não há medidas de ângulo.
Não há medidores desabilitados.
============================== Estado Estimado ===================================
                 Barra     Mod(pu)    Ang(graus)              
----------------------------------------------------------------------------------
                    1            1.0395              0.00        
                    2            1.0230              2.87        
                    3            1.0264             11.39        
                    4            1.0218             12.80        
                    5            1.0140             15.52        
                    6            1.0121             17.03        
                    7            1.0077             19.73        
                    8            1.0042             23.38        
                    9            0.9966             16.08        
                   10            1.0046             12.21        
                   11            0.9988             13.05        
                   12            1.0141             11.05        
                   13            1.0019             10.93        
                   14            1.0007              9.78        
                   15            1.0122              8.58        
                   16            1.0168              7.36        
                   17            1.0244              3.53        
                   18            1.0612             11.30        
                   19            1.0416             10.45        
                   20            1.0355             10.17        
                   21            1.0766              9.81        
                   22            1.0754              9.80        
                   23            1.0754              9.90        
                   24            1.0792             11.96        
                   25            1.1026             10.05        
                   26            1.0299             12.44        
                   27            1.0372             15.97        
                   28            1.0430             17.42        
                   29            1.0488             18.34        
                   30            1.0943              9.77        
                   31            1.0808              9.27        
                   32            1.0751              9.02        
                   33            1.0744              9.01        
                   34            1.0578              9.66        
                   35            1.0589              9.68        
                   36            1.0611              9.74        
                   37            1.0643              9.69        
                   38            1.0751              9.58        
                   39            1.0634              9.71        
                   40            1.0589              9.82        
                   41            1.0513             11.39        
                   42            1.0460             10.45        
                   43            1.0447             12.57        
                   44            1.0704              9.29        
                   45            1.0631              8.95        
                   46            1.0996              9.43        
                   47            1.0861              9.30        
                   48            1.0832              9.44        
                   49            1.0885              9.71        
                   50            1.0800             10.20        
                   51            1.0823             11.64        
                   52            1.0438             17.02        
                   53            1.0430             16.39        
                   54            1.0473             16.05        
                   55            1.0556             15.87        
                   56            1.0511              9.86        
                   57            1.0523              9.48        
----------------------------------------------------------------------------------
Convergiu em:    3 iteraçoes. 
----------------------------------------------------------------------------------
--- RESIDUOS NORMALIZADOS --------------------------------------------------------
   N    D    P  TP      Real     Medido   Estimado      Med-Est        rn 
----------------------------------------------------------------------------------
 430   18    4  4    +0.0205    +0.0167    +0.0415  -2.4775e-02      0.611 
 270    4   18  4    -0.0189    -0.0227    -0.0391  +1.6379e-02      0.404 
 350   18    4  1    -0.0544    -0.0502    -0.0673  +1.7096e-02      0.398 
 132    0   18  5    -0.0340    -0.0344    -0.0455  +1.1148e-02      0.339 
 252    1    2  4    +1.0459    +1.0319    +1.0555  -2.3544e-02      0.283 
 118    0    4  5    +0.0000    -0.0012    +0.0045  -5.7147e-03      0.249 
  60    0    3  2    +2.0419    +2.0649    +2.0401  +2.4778e-02      0.246 
 172    1    2  1    -1.5620    -1.5909    -1.5662  -2.4733e-02      0.239 
 186    1   15  1    -1.5791    -1.5536    -1.5788  +2.5253e-02      0.238 
  53    0   53  6    +1.0446    +1.0599    +1.0430  +1.6949e-02      0.237 
  75    0   18  2    -0.0950    -0.0975    -0.0892  -8.3610e-03      0.231 
 358   17   12  1    -0.7004    -0.6838    -0.7016  +1.7758e-02      0.229 
 273    7    8  4    +0.2350    +0.2251    +0.2371  -1.1919e-02      0.228 
  40    0   40  6    +1.0605    +1.0752    +1.0589  +1.6235e-02      0.225 
   4    0    4  6    +1.0228    +1.0375    +1.0218  +1.5693e-02      0.221 
 114    0   57  2    -0.0230    -0.0279    -0.0203  -7.5568e-03      0.220 
  57    0   57  6    +1.0549    +1.0679    +1.0523  +1.5640e-02      0.220 
 431   18    4  4    +0.0479    +0.0508    +0.0415  +9.2848e-03      0.217 
  48    0   48  6    +1.0844    +1.0990    +1.0832  +1.5766e-02      0.216 
 413    3    2  4    -0.4536    -0.4422    -0.4561  +1.3816e-02      0.215 
 344   14   13  1    -0.4318    -0.4447    -0.4312  -1.3455e-02      0.210 
  28    0   28  6    +1.0437    +1.0579    +1.0430  +1.4941e-02      0.209 
 115    0    1  5    +2.2643    +2.3007    +2.2785  +2.2237e-02      0.205 
 195   11   13  1    +0.4531    +0.4395    +0.4525  -1.3059e-02      0.203 
  68    0   11  2    +0.0000    +0.0030    -0.0011  +4.1476e-03      0.198 
  30    0   30  6    +1.0958    +1.0801    +1.0943  -1.4167e-02      0.197 
 179    8    9  1    +2.4808    +2.4616    +2.4853  -2.3736e-02      0.191 
  20    0   20  6    +1.0371    +1.0222    +1.0355  -1.3340e-02      0.190 
  56    0   56  6    +1.0537    +1.0379    +1.0511  -1.3126e-02      0.184 
  88    0   31  2    -0.0200    -0.0255    -0.0195  -6.0072e-03      0.182 
  81    0   24  2    +0.0000    +0.0039    -0.0008  +4.6737e-03      0.182 
 261    9   11  4    -0.1953    -0.2024    -0.1932  -9.1686e-03      0.178 
  43    0   43  6    +1.0458    +1.0574    +1.0447  +1.2718e-02      0.178 
  15    0   15  6    +1.0131    +0.9997    +1.0122  -1.2520e-02      0.177 
  78    0   21  2    -0.0000    +0.0041    -0.0015  +5.5967e-03      0.174 
 190    4   18  1    +0.0544    +0.0600    +0.0673  -7.3265e-03      0.170 
 207   24   25  1    +0.0309    +0.0251    +0.0323  -7.1740e-03      0.170 
  97    0   40  2    +0.0000    -0.0051    +0.0006  -5.7260e-03      0.168 
   9    0    9  6    +0.9973    +0.9848    +0.9966  -1.1761e-02      0.168 
 339    9    8  1    -2.4202    -2.4448    -2.4244  -2.0428e-02      0.165 
 414    4    3  4    -0.3258    -0.3192    -0.3283  +9.1197e-03      0.164 
  11    0   11  6    +0.9998    +0.9874    +0.9988  -1.1449e-02      0.163 
 441   20   19  4    -0.0082    -0.0109    -0.0047  -6.2263e-03      0.162 
  79    0   22  2    +0.0000    +0.0051    +0.0008  +4.3234e-03      0.161 
  72    0   15  2    -0.0770    -0.0753    -0.0785  +3.2327e-03      0.161 
  21    0   21  6    +1.0776    +1.0883    +1.0766  +1.1668e-02      0.161 
 380   37   36  1    +0.0321    +0.0268    +0.0327  -5.8929e-03      0.160 
  49    0   49  6    +1.0894    +1.1001    +1.0885  +1.1659e-02      0.159 
  29    0   29  6    +1.0494    +1.0374    +1.0488  -1.1410e-02      0.159 
  58    0    1  2    -4.2812    -4.2580    -4.2823  +2.4243e-02      0.158 
  65    0    8  2    +3.9750    +4.0007    +3.9776  +2.3154e-02      0.158 
  34    0   34  6    +1.0594    +1.0465    +1.0578  -1.1278e-02      0.157 
 317   13   49  4    +0.1840    +0.1752    +0.1834  -8.1887e-03      0.156 
 162    0   48  5    -0.0000    +0.0047    +0.0006  +4.0439e-03      0.153 
 397   49   13  1    -0.1359    -0.1283    -0.1358  +7.5328e-03      0.153 
  32    0   32  6    +1.0783    +1.0642    +1.0751  -1.0870e-02      0.153 
 416    6    4  4    -0.2016    -0.2076    -0.1994  -8.1563e-03      0.152 
  42    0   42  6    +1.0485    +1.0352    +1.0460  -1.0780e-02      0.152 
 472   48   47  4    -0.1418    -0.1475    -0.1406  -6.9212e-03      0.152 
 345   15   13  1    -0.4009    -0.4102    -0.4004  -9.7389e-03      0.151 
 208   24   26  1    -0.1886    -0.1973    -0.1900  -7.3034e-03      0.150 
 149    0   35  5    -0.0100    -0.0065    -0.0113  +4.8022e-03      0.149 
 357   16   12  1    -0.7633    -0.7554    -0.7668  +1.1413e-02      0.148 
 348   17    1  1    +0.5534    +0.5618    +0.5520  +9.8129e-03      0.145 
 251    9   55  1    +0.0309    +0.0288    +0.0341  -5.3152e-03      0.145 
 444   23   22  4    -0.0665    -0.0715    -0.0657  -5.7737e-03      0.144 
  46    0   46  6    +1.1007    +1.1102    +1.0996  +1.0586e-02      0.144 
 276   12   13  4    +0.1536    +0.1600    +0.1531  +6.8696e-03      0.144 
 174    3    4  1    -0.6002    -0.6158    -0.6063  -9.4857e-03      0.143 
 263    9   13  4    -0.1869    -0.1936    -0.1859  -7.6387e-03      0.143 
 351   18    4  1    -0.0697    -0.0736    -0.0673  -6.2835e-03      0.142 
  45    0   45  6    +1.0639    +1.0734    +1.0631  +1.0285e-02      0.142 
 359   15   14  1    -0.2922    -0.2998    -0.2918  -7.9990e-03      0.141 
 122    0    8  5    -0.5549    -0.5677    -0.5595  -8.2004e-03      0.141 
  66    0    9  2    -0.6530    -0.6489    -0.6552  +6.2896e-03      0.141 
 152    0   38  5    -0.0240    -0.0200    -0.0235  +3.4936e-03      0.140 
  41    0   41  6    +1.0534    +1.0613    +1.0513  +9.9396e-03      0.139 
 446   25   24  4    +0.0222    +0.0272    +0.0215  +5.7387e-03      0.138 
  93    0   36  2    +0.0000    -0.0048    -0.0009  -3.8590e-03      0.137 
 415    5    4  4    -0.2005    -0.2062    -0.1989  -7.2578e-03      0.136 
 103    0   46  2    +0.0000    +0.0005    -0.0035  +3.9593e-03      0.136 
 155    0   41  5    -0.0100    -0.0146    -0.0108  -3.7842e-03      0.136 
 470   46   14  4    -0.1818    -0.1898    -0.1831  -6.6772e-03      0.135 
 477   49   13  4    -0.1760    -0.1684    -0.1754  +7.0134e-03      0.135 
 193    7    8  1    -0.8573    -0.8463    -0.8571  +1.0820e-02      0.135 
 353    8    7  1    +0.8681    +0.8786    +0.8680  +1.0651e-02      0.132 
  14    0   14  6    +1.0016    +0.9914    +1.0007  -9.2555e-03      0.132 
 294   30   31  4    +0.0111    +0.0064    +0.0114  -4.9375e-03      0.131 
 349   15    3  1    -0.9429    -0.9360    -0.9467  +1.0739e-02      0.131 
 320   53   54  4    -0.0243    -0.0201    -0.0253  +5.1774e-03      0.130 
 311   46   47  4    +0.1818    +0.1762    +0.1826  -6.3938e-03      0.130 
  27    0   27  6    +1.0381    +1.0464    +1.0372  +9.1703e-03      0.129 
 417    7    6  4    -0.1337    -0.1275    -0.1336  +6.0690e-03      0.127 
 147    0   33  5    -0.0070    -0.0022    -0.0068  +4.5363e-03      0.126 
  24    0   24  6    +1.0808    +1.0883    +1.0792  +9.1361e-03      0.126 
  33    0   33  6    +1.0776    +1.0655    +1.0744  -8.8720e-03      0.125 
 256    4    6  4    +0.2012    +0.1925    +0.1992  -6.6625e-03      0.125 
 295   31   32  4    +0.0008    -0.0022    +0.0024  -4.6649e-03      0.123 
 333    3    2  1    +1.6852    +1.6988    +1.6855  +1.3321e-02      0.123 
 213   25   30  1    +0.0411    +0.0359    +0.0406  -4.7543e-03      0.123 
 466   42   41  4    +0.0120    +0.0157    +0.0110  +4.7613e-03      0.123 
 383   40   36  1    +0.0005    +0.0057    +0.0013  +4.3116e-03      0.122 
 336    6    4  1    +0.4621    +0.4708    +0.4628  +8.0828e-03      0.121 
 184   13   14  1    +0.4344    +0.4262    +0.4338  -7.6471e-03      0.120 
 129    0   15  5    -0.0180    -0.0201    -0.0176  -2.5799e-03      0.119 
 242   11   43  1    +0.0601    +0.0550    +0.0598  -4.7875e-03      0.119 
 197   12   16  1    +0.7744    +0.7871    +0.7780  +9.1676e-03      0.119 
  22    0   22  6    +1.0765    +1.0668    +1.0754  -8.6076e-03      0.118 
 318   29   52  4    -0.0473    -0.0417    -0.0464  +4.7439e-03      0.118 
  39    0   39  6    +1.0647    +1.0719    +1.0634  +8.5466e-03      0.118 
 243   44   45  1    +0.0707    +0.0646    +0.0698  -5.1468e-03      0.118 
 367   25   24  1    -0.0309    -0.0274    -0.0323  +4.9640e-03      0.118 
 448   26   24  4    -0.1035    -0.1086    -0.1035  -5.0908e-03      0.117 
   8    0    8  6    +1.0050    +1.0124    +1.0042  +8.2357e-03      0.117 
 121    0    7  5    -0.0000    -0.0019    +0.0010  -2.9028e-03      0.117 
  69    0   12  2    +1.1800    +1.1929    +1.1838  +9.1574e-03      0.117 
 157    0   43  5    -0.0030    -0.0058    -0.0022  -3.6782e-03      0.117 
 423   13    9  4    +0.1930    +0.1860    +0.1922  -6.2276e-03      0.116 
 347   16    1  1    +0.6133    +0.6033    +0.6118  -8.5286e-03      0.116 
 464   38   22  4    +0.0619    +0.0570    +0.0615  -4.4488e-03      0.116 
 325   56   41  4    +0.0289    +0.0319    +0.0271  +4.8096e-03      0.113 
  87    0   30  2    -0.0130    -0.0158    -0.0122  -3.6084e-03      0.113 
 151    0   37  5    +0.0000    +0.0040    +0.0009  +3.0508e-03      0.113 
 384   38   22  1    -0.1090    -0.1038    -0.1085  +4.6710e-03      0.112 
 180    9   10  1    +0.3794    +0.3840    +0.3770  +6.9457e-03      0.111 
 426   15    1  4    -0.5397    -0.5507    -0.5431  -7.5822e-03      0.110 
 265   13   15  4    -0.2459    -0.2523    -0.2461  -6.1734e-03      0.109 
 136    0   22  5    -0.0000    -0.0050    -0.0020  -2.9987e-03      0.109 
 227   41   43  1    -0.0531    -0.0593    -0.0547  -4.6083e-03      0.109 
 323   44   45  4    +0.0274    +0.0220    +0.0264  -4.3745e-03      0.109 
 135    0   21  5    +0.0000    -0.0010    +0.0024  -3.4987e-03      0.108 
 257    6    7  4    +0.1274    +0.1220    +0.1270  -5.0658e-03      0.107 
 310   14   46  4    +0.1845    +0.1910    +0.1858  +5.2693e-03      0.107 
  55    0   55  6    +1.0562    +1.0479    +1.0556  -7.6723e-03      0.107 
  95    0   38  2    -0.0490    -0.0451    -0.0480  +2.8859e-03      0.106 
  36    0   36  6    +1.0626    +1.0534    +1.0611  -7.6529e-03      0.106 
 409   49   38  1    +0.0476    +0.0531    +0.0484  +4.6345e-03      0.106 
 143    0   29  5    -0.0090    -0.0066    -0.0037  -2.9458e-03      0.106 
 454   31   30  4    -0.0107    -0.0070    -0.0110  +3.9534e-03      0.105 
 482   43   11  4    +0.0156    +0.0181    +0.0142  +3.8645e-03      0.104 
 299   35   36  4    -0.0159    -0.0212    -0.0174  -3.7492e-03      0.104 
 119    0    5  5    -0.0140    -0.0163    -0.0133  -3.0399e-03      0.104 
 267    1   16  4    +0.2554    +0.2520    +0.2579  -5.8737e-03      0.104 
 385   41   11  1    -0.0417    -0.0470    -0.0425  -4.5094e-03      0.103 
 368   26   24  1    +0.1886    +0.1950    +0.1900  +5.0334e-03      0.103 
 418    8    6  4    -0.1552    -0.1507    -0.1559  +5.2691e-03      0.103 
 370   28   27  1    +0.2323    +0.2276    +0.2329  -5.3283e-03      0.103 
 484   56   40  4    -0.0469    -0.0523    -0.0477  -4.5520e-03      0.103 
 160    0   46  5    +0.0000    +0.0024    -0.0005  +2.8990e-03      0.103 
 150    0   36  5    -0.0000    -0.0005    -0.0033  +2.8040e-03      0.101 
 226   41   42  1    +0.0448    +0.0494    +0.0452  +4.1603e-03      0.101 
 286   24   25  4    -0.0207    -0.0241    -0.0199  -4.1523e-03      0.100 
 298   34   35  4    -0.0095    -0.0062    -0.0097  +3.5794e-03      0.099 
 377   32   34  1    -0.0114    -0.0099    -0.0137  +3.7747e-03      0.099 
 212    7   29  1    +0.4064    +0.4049    +0.4107  -5.8055e-03      0.098 
 272    5    6  4    +0.1865    +0.1905    +0.1856  +4.8980e-03      0.098 
 382   39   37  1    -0.0043    -0.0013    -0.0048  +3.4860e-03      0.098 
  77    0   20  2    -0.0080    -0.0033    -0.0064  +3.1659e-03      0.098 
 312   47   48  4    +0.1422    +0.1454    +0.1410  +4.4475e-03      0.098 
 467   43   41  4    -0.0186    -0.0202    -0.0163  -3.8828e-03      0.098 
 304   22   38  4    -0.0615    -0.0574    -0.0611  +3.7317e-03      0.097 
 126    0   12  5    -0.0423    -0.0479    -0.0454  -2.4153e-03      0.096 
 111    0   54  2    -0.0140    -0.0134    -0.0165  +3.0965e-03      0.096 
  35    0   35  6    +1.0606    +1.0520    +1.0589  -6.8529e-03      0.095 
 211   28   29  1    -0.2483    -0.2509    -0.2460  -4.8651e-03      0.094 
 164    0   50  5    -0.0370    -0.0357    -0.0326  -3.0970e-03      0.094 
   6    0    6  6    +1.0127    +1.0055    +1.0121  -6.6066e-03      0.094 
 306   41   42  4    -0.0114    -0.0067    -0.0103  +3.5842e-03      0.092 
 210   27   28  1    -0.2288    -0.2343    -0.2295  -4.7881e-03      0.092 
 375   32   31  1    -0.0077    -0.0120    -0.0085  -3.5351e-03      0.092 
 185   13   15  1    +0.4068    +0.4004    +0.4063  -5.9494e-03      0.092 
 182    9   12  1    +0.2769    +0.2713    +0.2767  -5.4025e-03      0.091 
 360   19   18  1    -0.0288    -0.0339    -0.0302  -3.7032e-03      0.091 
 100    0   43  2    -0.0070    -0.0079    -0.0051  -2.8042e-03      0.091 
 316   10   51  4    -0.0289    -0.0286    -0.0320  +3.4296e-03      0.090 
 400   54   53  1    -0.0073    -0.0109    -0.0075  -3.4408e-03      0.090 
 233   48   49  1    -0.0490    -0.0471    -0.0509  +3.8411e-03      0.089 
 374   31   30  1    -0.0277    -0.0245    -0.0280  +3.4816e-03      0.089 
 388   44   38  1    -0.1127    -0.1089    -0.1128  +3.9189e-03      0.089 
 144    0   30  5    -0.0060    -0.0034    -0.0063  +2.8425e-03      0.089 
 285   23   24  4    +0.0595    +0.0640    +0.0602  +3.7230e-03      0.089 
 219   35   36  1    -0.0323    -0.0361    -0.0328  -3.2978e-03      0.089 
  17    0   17  6    +1.0247    +1.0181    +1.0244  -6.2790e-03      0.088 
 133    0   19  5    -0.0020    -0.0072    -0.0044  -2.7988e-03      0.088 
 447   25   24  4    +0.0213    +0.0251    +0.0215  +3.6587e-03      0.088 
 178    6    8  1    -0.6123    -0.6171    -0.6106  -6.5091e-03      0.088 
 277   12   16  4    -0.1927    -0.1866    -0.1910  +4.4044e-03      0.088 
 296   32   33  4    +0.0070    +0.0099    +0.0068  +3.1466e-03      0.088 
 386   42   41  1    -0.0444    -0.0412    -0.0448  +3.6272e-03      0.088 
 104    0   47  2    -0.1040    -0.1035    -0.1069  +3.4058e-03      0.087 
  96    0   39  2    +0.0000    -0.0043    -0.0014  -2.9679e-03      0.087 
 471   47   46  4    -0.1832    -0.1883    -0.1839  -4.3111e-03      0.087 
 221   37   38  1    -0.0363    -0.0324    -0.0356  +3.1824e-03      0.087 
 396   51   10  1    -0.1619    -0.1574    -0.1615  +4.0268e-03      0.086 
  18    0   18  6    +1.0647    +1.0551    +1.0612  -6.1241e-03      0.085 
 158    0   44  5    -0.0060    -0.0022    -0.0048  +2.6422e-03      0.085 
 475   51   50  4    -0.0496    -0.0546    -0.0510  -3.6108e-03      0.085 
 225   11   41  1    +0.0417    +0.0388    +0.0425  -3.6806e-03      0.084 
 463   40   36  4    -0.0493    -0.0466    -0.0499  +3.2975e-03      0.084 
 244   40   56  1    -0.0005    -0.0041    -0.0007  -3.3775e-03      0.084 
 338    8    6  1    +0.6261    +0.6181    +0.6243  -6.2315e-03      0.084 
  51    0   51  6    +1.0829    +1.0763    +1.0823  -6.0732e-03      0.083 
 258    6    8  4    +0.1774    +0.1824    +0.1780  +4.3521e-03      0.083 
 275   11   13  4    -0.1801    -0.1845    -0.1804  -4.1599e-03      0.083 
 428   17    1  4    -0.2635    -0.2570    -0.2616  +4.5333e-03      0.083 
  80    0   23  2    -0.0220    -0.0169    -0.0196  +2.6865e-03      0.083 
 108    0   51  2    -0.0630    -0.0624    -0.0595  -2.8351e-03      0.083 
  74    0   17  2    -0.1470    -0.1522    -0.1496  -2.6088e-03      0.083 
 142    0   28  5    -0.0080    -0.0128    -0.0103  -2.5300e-03      0.082 
 420   10    9  4    +0.1214    +0.1170    +0.1209  -3.8952e-03      0.082 
 439   15   14  4    +0.3003    +0.3060    +0.3013  +4.7015e-03      0.081 
 274   10   12  4    -0.1225    -0.1177    -0.1216  +3.8454e-03      0.081 
 343   13    9  1    -0.5018    -0.4964    -0.5021  +5.6836e-03      0.081 
 196   12   13  1    +0.0912    +0.0961    +0.0927  +3.3234e-03      0.081 
 248   57   56  1    -0.0187    -0.0138    -0.0169  +3.0592e-03      0.081 
  73    0   16  2    -0.1500    -0.1524    -0.1550  +2.5444e-03      0.081 
 402   43   11  1    -0.0601    -0.0566    -0.0598  +3.2275e-03      0.080 
 395   51   50  1    +0.0989    +0.1056    +0.1020  +3.6981e-03      0.080 
 203   21   22  1    +0.0087    +0.0043    +0.0072  -2.8422e-03      0.080 
  26    0   26  6    +1.0314    +1.0243    +1.0299  -5.6085e-03      0.079 
 171    0   57  5    -0.0070    -0.0119    -0.0093  -2.6153e-03      0.079 
 378   35   34  1    +0.0114    +0.0142    +0.0114  +2.8374e-03      0.078 
 202   21   20  1    -0.0087    -0.0057    -0.0087  +3.0089e-03      0.078 
 245   56   41  1    -0.0272    -0.0233    -0.0267  +3.3209e-03      0.078 
 435   13   11  4    +0.1784    +0.1749    +0.1787  -3.8654e-03      0.078 
 419    9    8  4    +0.4550    +0.4634    +0.4587  +4.7084e-03      0.077 
 461   38   37  4    +0.0875    +0.0938    +0.0907  +3.0950e-03      0.077 
 434   12   10  4    +0.0927    +0.0954    +0.0920  +3.4431e-03      0.077 
 291   28   29  4    +0.0771    +0.0709    +0.0740  -3.1178e-03      0.076 
 282   21   20  4    -0.0052    -0.0072    -0.0043  -2.9322e-03      0.076 
  59    0    2  2    -0.0100    -0.0069    -0.0056  -1.3398e-03      0.076 
 145    0   31  5    -0.0100    -0.0110    -0.0086  -2.4615e-03      0.076 
 433    8    7  4    -0.1990    -0.2047    -0.2009  -3.7963e-03      0.076 
 268    1   17  4    +0.2708    +0.2646    +0.2687  -4.1025e-03      0.075 
 148    0   34  5    -0.0000    +0.0039    +0.0015  +2.4511e-03      0.075 
 407   57   39  1    -0.0043    -0.0004    -0.0034  +3.0339e-03      0.075 
 437   16   12  4    +0.2203    +0.2153    +0.2191  -3.8540e-03      0.075 
  71    0   14  2    -0.0370    -0.0311    -0.0330  +1.9054e-03      0.074 
 438   17   12  4    +0.2355    +0.2353    +0.2393  -4.0774e-03      0.074 
 465   41   11  4    +0.0097    +0.0052    +0.0082  -3.0437e-03      0.074 
 313   48   49  4    -0.0133    -0.0167    -0.0137  -2.9778e-03      0.074 
 156    0   42  5    -0.0150    -0.0165    -0.0141  -2.3832e-03      0.074 
 399   53   52  1    -0.0774    -0.0837    -0.0806  -3.1007e-03      0.074 
 309   15   45  4    -0.0307    -0.0288    -0.0317  +2.8893e-03      0.074 
 326   56   42  4    +0.0274    +0.0283    +0.0254  +2.9554e-03      0.073 
 240   53   54  1    +0.0074    +0.0104    +0.0076  +2.8006e-03      0.073 
 421   11    9  4    +0.2036    +0.1979    +0.2016  -3.7666e-03      0.073 
 216   32   33  1    +0.0130    +0.0108    +0.0135  -2.6397e-03      0.073 
 173    2    3  1    -1.6003    -1.5926    -1.6003  +7.7229e-03      0.072 
 362   20   21  1    +0.0087    +0.0059    +0.0087  -2.7789e-03      0.072 
 112    0   55  2    -0.0240    -0.0272    -0.0249  -2.3543e-03      0.072 
 483   45   44  4    -0.0313    -0.0332    -0.0303  -2.9303e-03      0.072 
 352    6    5  1    +0.3339    +0.3324    +0.3366  -4.1577e-03      0.072 
 406   42   56  1    +0.0194    +0.0143    +0.0172  -2.8301e-03      0.072 
  83    0   26  2    -0.0000    -0.0037    -0.0016  -2.0951e-03      0.072 
 354   12   10  1    -0.1359    -0.1421    -0.1388  -3.3516e-03      0.071 
 241   54   55  1    -0.0067    -0.0117    -0.0090  -2.7028e-03      0.071 
 451   29   28  4    -0.0735    -0.0733    -0.0704  -2.8840e-03      0.071 
 223   36   40  1    -0.0005    +0.0012    -0.0013  +2.5118e-03      0.071 
 116    0    2  5    -0.4780    -0.4866    -0.4832  -3.4231e-03      0.070 
 341   11    9  1    -0.5549    -0.5608    -0.5559  -4.8956e-03      0.070 
 392   48   47  1    +0.0055    +0.0106    +0.0081  +2.4950e-03      0.070 
 372   29    7  1    -0.4064    -0.4148    -0.4107  -4.1345e-03      0.070 
 170    0   56  5    -0.0080    -0.0133    -0.0114  -1.9263e-03      0.070 
 335    5    4  1    +0.2846    +0.2804    +0.2843  -3.9771e-03      0.069 
 340   10    9  1    -0.3736    -0.3669    -0.3712  +4.3262e-03      0.069 
 308   38   44  4    +0.0318    +0.0322    +0.0296  +2.6393e-03      0.069 
 456   33   32  4    -0.0070    -0.0092    -0.0068  -2.4737e-03      0.069 
 408   56   57  1    +0.0188    +0.0144    +0.0170  -2.5754e-03      0.068 
 280   18   19  4    +0.0110    +0.0072    +0.0099  -2.6776e-03      0.068 
 445   24   23  4    -0.0650    -0.0630    -0.0658  +2.8706e-03      0.067 
  37    0   37  6    +1.0657    +1.0692    +1.0643  +4.8583e-03      0.067 
 468   44   38  4    -0.0334    -0.0286    -0.0312  +2.5768e-03      0.067 
 161    0   47  5    -0.0410    -0.0451    -0.0430  -2.1637e-03      0.067 
  50    0   50  6    +1.0806    +1.0848    +1.0800  +4.8342e-03      0.066 
 140    0   26  5    -0.0000    +0.0012    -0.0008  +1.9964e-03      0.066 
 332    2    1  1    +1.5903    +1.6016    +1.5947  +6.8474e-03      0.066 
  12    0   12  6    +1.0150    +1.0095    +1.0141  -4.6495e-03      0.066 
  52    0   52  6    +1.0449    +1.0485    +1.0438  +4.6955e-03      0.066 
 442   20   21  4    +0.0052    +0.0069    +0.0044  +2.5037e-03      0.065 
 485   41   56  4    -0.0281    -0.0236    -0.0263  +2.7435e-03      0.064 
 247   39   57  1    +0.0043    +0.0008    +0.0034  -2.6139e-03      0.064 
 130    0   16  5    -0.0100    -0.0118    -0.0136  +1.7989e-03      0.064 
 331    9   55  4    +0.0419    +0.0376    +0.0400  -2.3788e-03      0.063 
 307   41   43  4    +0.0198    +0.0200    +0.0176  +2.4518e-03      0.062 
 117    0    3  5    -0.1729    -0.1774    -0.1752  -2.2140e-03      0.062 
 425   15   13  4    +0.2416    +0.2453    +0.2419  +3.4475e-03      0.061 
 281   19   20  4    +0.0084    +0.0072    +0.0048  +2.3547e-03      0.061 
  91    0   34  2    -0.0000    +0.0043    +0.0023  +1.9790e-03      0.061 
  90    0   33  2    -0.0130    -0.0157    -0.0135  -2.2080e-03      0.061 
 194   10   12  1    +0.1367    +0.1425    +0.1396  +2.8437e-03      0.061 
 462   39   37  4    -0.0253    -0.0216    -0.0239  +2.2407e-03      0.060 
 183    9   13  1    +0.5160    +0.5121    +0.5163  -4.2366e-03      0.060 
 234   49   50  1    -0.0238    -0.0209    -0.0232  +2.3083e-03      0.060 
 457   32   34  4    -0.0093    -0.0086    -0.0109  +2.3050e-03      0.060 
 327   39   57  4    +0.0253    +0.0238    +0.0263  -2.5232e-03      0.060 
 393   49   48  1    +0.0492    +0.0486    +0.0511  -2.5338e-03      0.059 
  47    0   47  6    +1.0873    +1.0818    +1.0861  -4.3042e-03      0.059 
 266    1   15  4    +0.6922    +0.6919    +0.6964  -4.4125e-03      0.059 
 459   36   35  4    +0.0141    +0.0136    +0.0157  -2.0877e-03      0.058 
  70    0   13  2    -0.0630    -0.0642    -0.0654  +1.2728e-03      0.058 
 217   34   32  1    +0.0114    +0.0159    +0.0137  +2.1953e-03      0.057 
 389   45   15  1    +0.0704    +0.0664    +0.0688  -2.3767e-03      0.057 
 398   52   29  1    -0.0950    -0.0993    -0.0968  -2.4488e-03      0.056 
 452   29    7  4    +0.1117    +0.1107    +0.1131  -2.4057e-03      0.056 
 321   54   55  4    -0.0295    -0.0295    -0.0318  +2.2519e-03      0.056 
 127    0   13  5    -0.0080    -0.0067    -0.0078  +1.1539e-03      0.056 
 405   41   56  1    +0.0280    +0.0297    +0.0274  +2.3670e-03      0.056 
 188    1   17  1    -0.5450    -0.5400    -0.5437  +3.7574e-03      0.056 
 215   31   32  1    +0.0077    +0.0064    +0.0085  -2.1188e-03      0.055 
 364   23   22  1    +0.1007    +0.1033    +0.1010  +2.3290e-03      0.055 
 474   50   49  4    -0.0889    -0.0836    -0.0860  +2.4226e-03      0.055 
 187    1   16  1    -0.5951    -0.5976    -0.5936  -3.9955e-03      0.055 
 342   12    9  1    -0.2711    -0.2742    -0.2710  -3.2096e-03      0.055 
 422   12    9  4    +0.0939    +0.0960    +0.0934  +2.6061e-03      0.054 
 279   14   15  4    -0.3057    -0.3099    -0.3067  -3.1590e-03      0.054 
   5    0    5  6    +1.0148    +1.0102    +1.0140  -3.8060e-03      0.054 
  19    0   19  6    +1.0451    +1.0454    +1.0416  +3.7948e-03      0.054 
 346   15    1  1    +1.6293    +1.6234    +1.6292  -5.7650e-03      0.054 
 288   24   26  4    +0.1056    +0.1033    +0.1056  -2.3270e-03      0.054 
 253    2    3  4    +0.6099    +0.6169    +0.6131  +3.7727e-03      0.053 
 224   22   38  1    +0.1093    +0.1110    +0.1088  +2.2006e-03      0.053 
 230   14   46  1    +0.0996    +0.1057    +0.1034  +2.2945e-03      0.053 
 478   52   29  4    +0.0492    +0.0463    +0.0484  -2.1047e-03      0.053 
 302   37   39  4    +0.0253    +0.0220    +0.0239  -1.9405e-03      0.052 
 250   38   48  1    -0.0428    -0.0388    -0.0408  +2.0375e-03      0.052 
 284   22   23  4    +0.0667    +0.0638    +0.0659  -2.0770e-03      0.052 
 283   21   22  4    +0.0052    +0.0086    +0.0067  +1.8236e-03      0.051 
 176    4    6  1    -0.4517    -0.4558    -0.4524  -3.4074e-03      0.051 
 165    0   51  5    -0.0190    -0.0157    -0.0173  +1.6661e-03      0.051 
   3    0    3  6    +1.0274    +1.0300    +1.0264  +3.5813e-03      0.050 
  99    0   42  2    -0.0250    -0.0260    -0.0276  +1.6370e-03      0.050 
 105    0   48  2    +0.0000    +0.0001    -0.0013  +1.4049e-03      0.050 
 476   51   10  4    +0.0306    +0.0356    +0.0337  +1.9069e-03      0.050 
 232   47   48  1    -0.0052    -0.0060    -0.0078  +1.7675e-03      0.050 
 324   40   56  4    +0.0493    +0.0524    +0.0502  +2.1975e-03      0.050 
 220   36   37  1    -0.0319    -0.0343    -0.0325  -1.7969e-03      0.049 
 228   38   44  1    +0.1130    +0.1110    +0.1132  -2.1326e-03      0.049 
   7    0    7  6    +1.0084    +1.0112    +1.0077  +3.4112e-03      0.048 
  54    0   54  6    +1.0487    +1.0438    +1.0473  -3.4475e-03      0.048 
 259    8    9  4    -0.2007    -0.2004    -0.2026  +2.2367e-03      0.048 
  44    0   44  6    +1.0714    +1.0670    +1.0704  -3.4486e-03      0.048 
 237   13   49  1    +0.1359    +0.1382    +0.1358  +2.3372e-03      0.047 
 214   30   31  1    +0.0279    +0.0264    +0.0282  -1.8436e-03      0.047 
 254    3    4  4    +0.3019    +0.3024    +0.3049  -2.5236e-03      0.047 
 366   25   24  1    -0.0322    -0.0303    -0.0323  +1.9740e-03      0.047 
 479   53   52  4    +0.0581    +0.0522    +0.0540  -1.8950e-03      0.047 
 404   56   40  1    +0.0005    -0.0011    +0.0007  -1.8525e-03      0.046 
 486   42   56  4    -0.0270    -0.0232    -0.0251  +1.8355e-03      0.045 
 168    0   54  5    -0.0050    -0.0050    -0.0064  +1.3961e-03      0.044 
 488   56   57  4    -0.0173    -0.0144    -0.0161  +1.6708e-03      0.044 
 337    7    6  1    +0.4509    +0.4452    +0.4480  -2.8493e-03      0.044 
  10    0   10  6    +1.0053    +1.0015    +1.0046  -3.0596e-03      0.044 
 177    6    7  1    -0.4466    -0.4410    -0.4438  +2.7946e-03      0.043 
 289   26   27  4    +0.1035    +0.1047    +0.1028  +1.9672e-03      0.043 
 301   37   38  4    -0.0890    -0.0904    -0.0921  +1.7431e-03      0.043 
 315   50   51  4    +0.0519    +0.0552    +0.0534  +1.8105e-03      0.042 
 255    4    5  4    +0.1886    +0.1848    +0.1870  -2.2060e-03      0.042 
 269    3   15  4    -0.0212    -0.0257    -0.0241  -1.5869e-03      0.042 
 209   26   27  1    -0.1886    -0.1894    -0.1916  +2.1615e-03      0.042 
 391   47   46  1    -0.0988    -0.0974    -0.0991  +1.7483e-03      0.040 
 205   23   24  1    -0.1227    -0.1187    -0.1206  +1.8375e-03      0.040 
 166    0   52  5    -0.0080    -0.0060    -0.0048  -1.2215e-03      0.039 
 246   56   42  1    -0.0192    -0.0186    -0.0170  -1.5494e-03      0.039 
 146    0   32  5    -0.0030    -0.0077    -0.0066  -1.1639e-03      0.039 
  98    0   41  2    -0.0220    -0.0235    -0.0246  +1.0696e-03      0.038 
 365   24   23  1    +0.1255    +0.1250    +0.1233  +1.7079e-03      0.037 
 287   24   25  4    -0.0199    -0.0215    -0.0199  -1.5423e-03      0.037 
 436   13   12  4    -0.2127    -0.2102    -0.2121  +1.8983e-03      0.037 
 449   27   26  4    -0.0925    -0.0898    -0.0915  +1.6554e-03      0.037 
 334    4    3  1    +0.6051    +0.6137    +0.6113  +2.4056e-03      0.036 
 371   29   28  1    +0.2509    +0.2467    +0.2486  -1.8612e-03      0.036 
 238   29   52  1    +0.0965    +0.0999    +0.0984  +1.5382e-03      0.035 
 356   13   12  1    -0.0904    -0.0906    -0.0920  +1.4506e-03      0.035 
 481   55   54  4    +0.0296    +0.0306    +0.0320  -1.3871e-03      0.035 
 271    4   18  4    -0.0451    -0.0406    -0.0391  -1.4707e-03      0.034 
 450   28   27  4    -0.0851    -0.0828    -0.0843  +1.4678e-03      0.034 
 473   49   48  4    +0.0079    +0.0070    +0.0083  -1.3507e-03      0.034 
 239   52   53  1    +0.0780    +0.0798    +0.0813  -1.4190e-03      0.034 
 167    0   53  5    -0.0350    -0.0409    -0.0397  -1.1543e-03      0.034 
 480   54   53  4    +0.0244    +0.0241    +0.0254  -1.3358e-03      0.033 
  64    0    7  2    +0.0000    +0.0022    +0.0016  +6.4562e-04      0.033 
 355   13   11  1    -0.4479    -0.4494    -0.4473  -2.1421e-03      0.033 
  92    0   35  2    -0.0210    -0.0225    -0.0214  -1.0905e-03      0.033 
 175    4    5  1    -0.2775    -0.2792    -0.2773  -1.8927e-03      0.033 
  62    0    5  2    -0.0450    -0.0489    -0.0479  -9.6435e-04      0.033 
 260    9   10  4    -0.1389    -0.1402    -0.1386  -1.5916e-03      0.032 
 206   24   25  1    +0.0322    +0.0337    +0.0323  +1.3560e-03      0.032 
 328   57   56  4    +0.0175    +0.0174    +0.0162  +1.2105e-03      0.032 
  38    0   38  6    +1.0762    +1.0728    +1.0751  -2.3293e-03      0.032 
 491   55    9  4    -0.0416    -0.0409    -0.0397  -1.2170e-03      0.032 
  25    0   25  6    +1.1040    +1.1049    +1.1026  +2.2957e-03      0.032 
 249   38   49  1    -0.0471    -0.0466    -0.0480  +1.3712e-03      0.031 
 169    0   55  5    -0.0120    -0.0067    -0.0077  +9.7588e-04      0.031 
 458   35   34  4    +0.0059    +0.0072    +0.0062  +1.0813e-03      0.030 
 189    3   15  1    +0.9569    +0.9584    +0.9609  -2.4566e-03      0.030 
 314   49   50  4    +0.0898    +0.0856    +0.0869  -1.2961e-03      0.030 
 390   46   14  1    -0.0996    -0.1021    -0.1034  +1.2855e-03      0.029 
 262    9   12  4    -0.1459    -0.1437    -0.1453  +1.5045e-03      0.029 
 131    0   17  5    -0.0280    -0.0230    -0.0222  -8.1410e-04      0.029 
 387   43   41  1    +0.0531    +0.0559    +0.0547  +1.2283e-03      0.029 
 411   55    9  1    -0.0309    -0.0351    -0.0341  -1.0648e-03      0.029 
 305   11   41  4    -0.0085    -0.0058    -0.0070  +1.1859e-03      0.029 
 235   50   51  1    -0.0974    -0.0992    -0.1004  +1.2645e-03      0.027 
 429   15    3  4    +0.0106    +0.0150    +0.0140  +1.0040e-03      0.027 
 322   11   43  4    -0.0150    -0.0147    -0.0137  -1.0143e-03      0.027 
 128    0   14  5    -0.0190    -0.0203    -0.0195  -7.1520e-04      0.027 
 153    0   39  5    -0.0000    +0.0015    +0.0024  -8.7256e-04      0.026 
  86    0   29  2    -0.0590    -0.0645    -0.0637  -7.2755e-04      0.026 
 110    0   53  2    -0.0700    -0.0739    -0.0730  -9.2007e-04      0.025 
 107    0   50  2    -0.0730    -0.0758    -0.0767  +9.0954e-04      0.025 
 455   32   31  4    -0.0007    -0.0033    -0.0024  -9.3552e-04      0.025 
 181    9   11  1    +0.5640    +0.5668    +0.5651  +1.6964e-03      0.024 
 363   22   21  1    -0.0087    -0.0080    -0.0072  -8.6401e-04      0.024 
 489   49   38  4    +0.0483    +0.0476    +0.0486  -1.0564e-03      0.024 
 125    0   11  5    -0.0000    +0.0000    +0.0006  -5.7480e-04      0.024 
 403   45   44  1    -0.0704    -0.0684    -0.0695  +1.0169e-03      0.023 
  84    0   27  2    -0.0330    -0.0312    -0.0305  -7.0146e-04      0.022 
 141    0   27  5    -0.0020    -0.0025    -0.0018  -6.8437e-04      0.022 
 300   36   37  4    -0.0635    -0.0699    -0.0690  -8.6735e-04      0.022 
 231   46   47  1    +0.0996    +0.0990    +0.1000  -9.6618e-04      0.022 
 330   38   48  4    -0.1540    -0.1549    -0.1538  -1.0292e-03      0.022 
 424   14   13  4    +0.1022    +0.1023    +0.1014  +9.4448e-04      0.021 
 222   37   39  1    +0.0043    +0.0055    +0.0048  +7.4144e-04      0.021 
  63    0    6  2    -0.2630    -0.2558    -0.2551  -7.3938e-04      0.021 
 109    0   52  2    -0.0170    -0.0162    -0.0156  -6.1772e-04      0.020 
 453   30   25  4    -0.0171    -0.0184    -0.0177  -7.4003e-04      0.020 
 460   37   36  4    +0.0637    +0.0684    +0.0692  -7.6177e-04      0.019 
 199   14   15  1    +0.2952    +0.2937    +0.2948  -1.1046e-03      0.019 
 412    2    1  4    -1.0879    -1.0979    -1.0963  -1.6458e-03      0.019 
 319   52   53  4    -0.0572    -0.0524    -0.0532  +7.6314e-04      0.019 
  23    0   23  6    +1.0765    +1.0741    +1.0754  -1.3168e-03      0.018 
 101    0   44  2    -0.0420    -0.0424    -0.0430  +5.9214e-04      0.018 
 394   50   49  1    +0.0244    +0.0244    +0.0237  +6.8501e-04      0.018 
 373   30   25  1    -0.0409    -0.0397    -0.0404  +6.5512e-04      0.017 
 159    0   45  5    +0.0000    +0.0014    +0.0019  -5.1169e-04      0.017 
 113    0   56  2    -0.0270    -0.0264    -0.0260  -4.8638e-04      0.017 
 163    0   49  5    -0.0300    -0.0312    -0.0316  +4.2021e-04      0.015 
  82    0   25  2    -0.0220    -0.0258    -0.0253  -4.6357e-04      0.015 
 369   27   26  1    +0.1958    +0.1997    +0.1989  +7.3662e-04      0.014 
 376   33   32  1    -0.0130    -0.0140    -0.0135  -5.0800e-04      0.014 
 329   38   49  4    -0.0512    -0.0508    -0.0514  +5.9736e-04      0.014 
 303   36   40  4    +0.0494    +0.0505    +0.0500  +5.0902e-04      0.013 
 410   48   38  1    +0.0435    +0.0420    +0.0415  +5.0878e-04      0.013 
 292    7   29  4    -0.1013    -0.1030    -0.1024  -5.3288e-04      0.013 
  31    0   31  6    +1.0824    +1.0799    +1.0808  -8.6535e-04      0.012 
  76    0   19  2    -0.0120    -0.0147    -0.0150  +3.7575e-04      0.012 
 102    0   45  2    -0.0000    -0.0003    -0.0007  +3.2022e-04      0.011 
 192    5    6  1    -0.3296    -0.3329    -0.3322  -6.2728e-04      0.011 
 123    0    9  5    -0.1700    -0.1647    -0.1644  -3.3480e-04      0.011 
 487   57   39  4    -0.0245    -0.0259    -0.0255  -4.5572e-04      0.011 
 204   22   23  1    -0.1006    -0.1013    -0.1008  -4.4317e-04      0.011 
 490   48   38  4    +0.1551    +0.1554    +0.1549  +4.9292e-04      0.010 
 138    0   24  5    +0.0000    -0.0006    -0.0009  +2.7894e-04      0.010 
  61    0    4  2    -0.0000    +0.0012    +0.0014  -2.0499e-04      0.010 
  85    0   28  2    -0.0160    -0.0128    -0.0131  +2.8655e-04      0.010 
 278   12   17  4    -0.1898    -0.1924    -0.1929  +5.1157e-04      0.010 
  94    0   37  2    +0.0000    +0.0016    +0.0018  -2.5913e-04      0.009 
 361   20   19  1    -0.0167    -0.0155    -0.0151  -3.4521e-04      0.009 
  16    0   16  6    +1.0179    +1.0162    +1.0168  -6.1814e-04      0.009 
   1    0    1  6    +1.0400    +1.0401    +1.0395  +6.1483e-04      0.009 
 134    0   20  5    -0.0030    -0.0006    -0.0004  -2.7255e-04      0.008 
 229   15   45  1    -0.0704    -0.0692    -0.0688  -3.5333e-04      0.008 
 297   34   32  4    +0.0095    +0.0109    +0.0112  -3.1835e-04      0.008 
 236   10   51  1    +0.1619    +0.1611    +0.1615  -3.6685e-04      0.008 
 124    0   10  5    -0.0300    -0.0329    -0.0327  -2.2013e-04      0.008 
 200   18   19  1    +0.0292    +0.0303    +0.0307  -3.1149e-04      0.008 
 154    0   40  5    -0.0000    +0.0001    +0.0003  -2.4500e-04      0.007 
  13    0   13  6    +1.0029    +1.0014    +1.0019  -5.0998e-04      0.007 
 264   13   14  4    -0.1047    -0.1035    -0.1039  +3.1066e-04      0.007 
 379   36   35  1    +0.0324    +0.0326    +0.0328  -2.5387e-04      0.007 
 201   19   20  1    +0.0168    +0.0149    +0.0152  -2.5105e-04      0.006 
  89    0   32  2    -0.0060    -0.0089    -0.0087  -1.8006e-04      0.006 
 443   22   21  4    -0.0052    -0.0069    -0.0067  -2.1338e-04      0.006 
 218   34   35  1    -0.0114    -0.0116    -0.0114  -2.0631e-04      0.006 
 191    4   18  1    +0.0697    +0.0675    +0.0673  +2.3351e-04      0.005 
  67    0   10  2    -0.0750    -0.0700    -0.0701  +1.4307e-04      0.005 
 440   19   18  4    -0.0104    -0.0091    -0.0093  +1.8651e-04      0.005 
 198   12   17  1    +0.7215    +0.7231    +0.7228  +3.1755e-04      0.004 
 290   27   28  4    +0.0905    +0.0898    +0.0897  +1.7026e-04      0.004 
 139    0   25  5    -0.0110    -0.0100    -0.0099  -9.9236e-05      0.003 
 137    0   23  5    -0.0070    -0.0055    -0.0054  -9.0686e-05      0.003 
 106    0   49  2    -0.0630    -0.0594    -0.0594  +7.1790e-05      0.002 
 427   16    1  4    -0.2303    -0.2328    -0.2327  -9.7067e-05      0.002 
 401   55   54  1    +0.0069    +0.0092    +0.0092  +5.0571e-05      0.001 
 120    0    6  5    -0.0870    -0.0835    -0.0835  +2.7529e-05      0.001 
   2    0    2  6    +1.0237    +1.0230    +1.0230  +5.6473e-05      0.001 
 293   25   30  4    +0.0175    +0.0180    +0.0180  -2.7895e-05      0.001 
 469   45   15  4    +0.0313    +0.0322    +0.0322  -2.1411e-05      0.001 
 381   38   37  1    +0.0368    +0.0361    +0.0362  -1.1196e-05      0.000 
 432    6    5  4    -0.1902    -0.1892    -0.1892  -1.2450e-05      0.000 
----------------------------------------------------------------------------------
Não foram identificados erros grosseiros.
Não foram identificadas medidas críticas.
Possíveis conjuntos críticos:
Conjunto 1: 379 264
Conjunto 2: 200 124
Conjunto 3: 229 134
Conjunto 4: 61 138
Conjunto 5: 490 204
Conjunto 6: 487 123 192
Conjunto 7: 123 192 102
Conjunto 8: 192 102
Conjunto 9: 410 303
Conjunto 10: 113 159 373
Conjunto 11: 159 373
Conjunto 12: 394 101
Conjunto 13: 101 23
Conjunto 14: 199 460
Conjunto 15: 453 109
Conjunto 16: 63 222
Conjunto 17: 231 300 141
Conjunto 18: 300 141
Conjunto 19: 141 84
Conjunto 20: 489 363 181
Conjunto 21: 363 181
Conjunto 22: 107 110
Conjunto 23: 86 153
Conjunto 24: 128 322 429 235
Conjunto 25: 322 429 235
Conjunto 26: 429 235
Conjunto 27: 305 411 387
Conjunto 28: 411 387 131 262
Conjunto 29: 387 131 262
Conjunto 30: 131 262 390
Conjunto 31: 262 390
Conjunto 32: 390 314
Conjunto 33: 314 189
Conjunto 34: 189 458
Conjunto 35: 25 491 38 328
Conjunto 36: 491 38 328 206
Conjunto 37: 38 328 206
Conjunto 38: 328 206
Conjunto 39: 206 260
Conjunto 40: 62 175 92
Conjunto 41: 175 92 355 64
Conjunto 42: 92 355 64 480
Conjunto 43: 355 64 480
Conjunto 44: 64 480 167 239
Conjunto 45: 480 167 239
Conjunto 46: 167 239 473
Conjunto 47: 239 473
Conjunto 48: 450 271 481
Conjunto 49: 271 481
Conjunto 50: 356 238
Conjunto 51: 371 334
Conjunto 52: 334 449 436
Conjunto 53: 449 436
Conjunto 54: 287 365
Conjunto 55: 146 246 166
Conjunto 56: 246 166
Conjunto 57: 205 391
Conjunto 58: 209 269 255 315
Conjunto 59: 269 255 315
Conjunto 60: 255 315
Conjunto 61: 301 289 177
Conjunto 62: 289 177
Conjunto 63: 177 10
Conjunto 64: 337 488 168
Conjunto 65: 488 168
Conjunto 66: 479 366 254
Conjunto 67: 366 254
Conjunto 68: 254 214 237
Conjunto 69: 214 237 44
Conjunto 70: 237 44
Conjunto 71: 259 54 7
Conjunto 72: 54 7 228
Conjunto 73: 7 228 220
Conjunto 74: 228 220
Conjunto 75: 324 232 476 105 99
Conjunto 76: 232 476 105 99
Conjunto 77: 476 105 99 3
Conjunto 78: 105 99 3 165
Conjunto 79: 99 3 165
Conjunto 80: 3 165
Conjunto 81: 176 283
Conjunto 82: 284 250 302
Conjunto 83: 250 302
Conjunto 84: 302 478 230
Conjunto 85: 478 230 224 253
Conjunto 86: 230 224 253
Conjunto 87: 224 253
Conjunto 88: 288 346 19 5
Conjunto 89: 346 19 5 279
Conjunto 90: 19 5 279 422
Conjunto 91: 5 279 422
Conjunto 92: 279 422 342 187
Conjunto 93: 422 342 187
Conjunto 94: 342 187
Conjunto 95: 474 364 215 188 405
Conjunto 96: 364 215 188 405
Conjunto 97: 215 188 405
Conjunto 98: 188 405 127 321 452
Conjunto 99: 405 127 321 452 398
Conjunto 100: 127 321 452 398
Conjunto 101: 321 452 398 389
Conjunto 102: 452 398 389
Conjunto 103: 398 389
Conjunto 104: 217 70
Conjunto 105: 70 459
Conjunto 106: 459 266 47
Conjunto 107: 266 47 393
Conjunto 108: 47 393
Conjunto 109: 393 327
Conjunto 110: 327 457 234
Conjunto 111: 457 234 183 462
Conjunto 112: 234 183 462 194
Conjunto 113: 183 462 194
Conjunto 114: 462 194
Conjunto 115: 194 90 91
Conjunto 116: 90 91 281 425
Conjunto 117: 91 281 425 117 307
Conjunto 118: 281 425 117 307
Conjunto 119: 425 117 307
Conjunto 120: 117 307
Conjunto 121: 130 247
Conjunto 122: 247 485
Conjunto 123: 442 52 12
Conjunto 124: 52 12 332 140
Conjunto 125: 12 332 140 50
Conjunto 126: 332 140 50
Conjunto 127: 140 50
Conjunto 128: 50 161 468
Conjunto 129: 161 468 37 445
Conjunto 130: 468 37 445
Conjunto 131: 37 445
Conjunto 132: 280 408
Conjunto 133: 456 308 340 335 170
Conjunto 134: 308 340 335 170
Conjunto 135: 340 335 170
Conjunto 136: 335 170 372
Conjunto 137: 170 372 392 341
Conjunto 138: 372 392 341 116
Conjunto 139: 392 341 116
Conjunto 140: 341 116
Conjunto 141: 116 223 451
Conjunto 142: 223 451 241 354 83 406
Conjunto 143: 451 241 354 83 406
Conjunto 144: 241 354 83 406 352
Conjunto 145: 354 83 406 352 483 112
Conjunto 146: 83 406 352 483 112
Conjunto 147: 406 352 483 112 362
Conjunto 148: 352 483 112 362 173
Conjunto 149: 483 112 362 173 216
Conjunto 150: 112 362 173 216
Conjunto 151: 362 173 216 421
Conjunto 152: 173 216 421
Conjunto 153: 216 421 240 326
Conjunto 154: 421 240 326 309 399
Conjunto 155: 240 326 309 399 156 313 465
Conjunto 156: 326 309 399 156 313 465
Conjunto 157: 309 399 156 313 465 438
Conjunto 158: 399 156 313 465 438 71
Conjunto 159: 156 313 465 438 71
Conjunto 160: 313 465 438 71 437 407
Conjunto 161: 465 438 71 437 407
Conjunto 162: 438 71 437 407
Conjunto 163: 71 437 407 148 268
Conjunto 164: 437 407 148 268
Conjunto 165: 407 148 268
Conjunto 166: 148 268 433 145
Conjunto 167: 268 433 145
Conjunto 168: 433 145 59 282
Conjunto 169: 145 59 282
Conjunto 170: 59 282 291 434
Conjunto 171: 282 291 434 461 419
Conjunto 172: 291 434 461 419
Conjunto 173: 434 461 419
Conjunto 174: 461 419
Conjunto 175: 435 245 202 378
Conjunto 176: 245 202 378 171
Conjunto 177: 202 378 171 26
Conjunto 178: 378 171 26
Conjunto 179: 171 26 203
Conjunto 180: 26 203
Conjunto 181: 395 402 73 248 196
Conjunto 182: 402 73 248 196
Conjunto 183: 73 248 196 343 274 439
Conjunto 184: 248 196 343 274 439 420
Conjunto 185: 196 343 274 439 420
Conjunto 186: 343 274 439 420
Conjunto 187: 274 439 420 142
Conjunto 188: 439 420 142
Conjunto 189: 420 142
Conjunto 190: 142 74 108 80 428
Conjunto 191: 74 108 80 428 275 258 51
Conjunto 192: 108 80 428 275 258 51
Conjunto 193: 80 428 275 258 51 338
Conjunto 194: 428 275 258 51 338 244
Conjunto 195: 275 258 51 338 244
Conjunto 196: 258 51 338 244
Conjunto 197: 51 338 244
Conjunto 198: 338 244 463
Conjunto 199: 244 463 225 475
Conjunto 200: 463 225 475 158 18
Conjunto 201: 225 475 158 18
Conjunto 202: 475 158 18
Conjunto 203: 158 18
Conjunto 204: 18 396
Conjunto 205: 221 471 96 104
Conjunto 206: 471 96 104 386 296
Conjunto 207: 96 104 386 296 277 178 447 133
Conjunto 208: 104 386 296 277 178 447 133
Conjunto 209: 386 296 277 178 447 133 17
Conjunto 210: 296 277 178 447 133 17
Conjunto 211: 277 178 447 133 17 219
Conjunto 212: 178 447 133 17 219
Conjunto 213: 447 133 17 219 285
Conjunto 214: 133 17 219 285 144
Conjunto 215: 17 219 285 144 388 374
Conjunto 216: 219 285 144 388 374 233
Conjunto 217: 285 144 388 374 233
Conjunto 218: 144 388 374 233
Conjunto 219: 388 374 233 400 316
Conjunto 220: 374 233 400 316
Conjunto 221: 233 400 316
Conjunto 222: 400 316
Conjunto 223: 100 360 182
Conjunto 224: 360 182
Conjunto 225: 182 185 375 210 306
Conjunto 226: 185 375 210 306
Conjunto 227: 375 210 306
Conjunto 228: 210 306
Conjunto 229: 6 164 211
Conjunto 230: 164 211
Conjunto 231: 211 35
Conjunto 232: 35 111
Conjunto 233: 111 126
Conjunto 234: 126 304
Conjunto 235: 304 467 312 77 382
Conjunto 236: 467 312 77 382 272 212
Conjunto 237: 312 77 382 272 212
Conjunto 238: 77 382 272 212
Conjunto 239: 382 272 212 377
Conjunto 240: 272 212 377 298
Conjunto 241: 212 377 298
Conjunto 242: 377 298 286
Conjunto 243: 298 286
Conjunto 244: 226 150
Conjunto 245: 160 484 370 418 368 385
Conjunto 246: 484 370 418 368 385 267 119
Conjunto 247: 370 418 368 385 267 119
Conjunto 248: 418 368 385 267 119 299
Conjunto 249: 368 385 267 119 299 482
Conjunto 250: 385 267 119 299 482
Conjunto 251: 267 119 299 482 454
Conjunto 252: 119 299 482 454
Conjunto 253: 299 482 454
Conjunto 254: 482 454
Conjunto 255: 143 409 36 95 55 310
Conjunto 256: 409 36 95 55 310
Conjunto 257: 36 95 55 310
Conjunto 258: 95 55 310 257
Conjunto 259: 55 310 257
Conjunto 260: 310 257
Conjunto 261: 257 135
Conjunto 262: 135 323 227
Conjunto 263: 323 227 136 265
Conjunto 264: 227 136 265
Conjunto 265: 136 265 426
Conjunto 266: 265 426
Conjunto 267: 426 180
Conjunto 268: 384 151 87 325
Conjunto 269: 151 87 325
Conjunto 270: 87 325
Conjunto 271: 464 347 423 157
Conjunto 272: 347 423 157
Conjunto 273: 423 157 69
Conjunto 274: 157 69 121 8 448 367
Conjunto 275: 69 121 8 448 367
Conjunto 276: 121 8 448 367 243
Conjunto 277: 8 448 367 243 39
Conjunto 278: 448 367 243 39 318 22
Conjunto 279: 367 243 39 318 22
Conjunto 280: 243 39 318 22 197 242 129
Conjunto 281: 39 318 22 197 242 129
Conjunto 282: 318 22 197 242 129 184
Conjunto 283: 22 197 242 129 184
Conjunto 284: 197 242 129 184
Conjunto 285: 242 129 184
Conjunto 286: 129 184
Conjunto 287: 184 336
Conjunto 288: 336 383
Conjunto 289: 383 466 213 333 295
Conjunto 290: 466 213 333 295
Conjunto 291: 213 333 295
Conjunto 292: 333 295
Conjunto 293: 256 33 24
Conjunto 294: 33 24
Conjunto 295: 24 147
Conjunto 296: 147 417
Conjunto 297: 27 311 320
Conjunto 298: 311 320 349 294
Conjunto 299: 320 349 294
Conjunto 300: 349 294 14
Conjunto 301: 294 14
Conjunto 302: 14 353
Conjunto 303: 193 477 470
Conjunto 304: 477 470 155
Conjunto 305: 470 155 103 415
Conjunto 306: 155 103 415 93
Conjunto 307: 103 415 93
Conjunto 308: 415 93
Conjunto 309: 93 446
Conjunto 310: 446 41
Conjunto 311: 41 152
Conjunto 312: 152 66 122
Conjunto 313: 66 122 359
Conjunto 314: 122 359
Conjunto 315: 359 45 351
Conjunto 316: 45 351 263 174
Conjunto 317: 351 263 174
Conjunto 318: 263 174 276 46
Conjunto 319: 174 276 46 444
Conjunto 320: 276 46 444 251 348
Conjunto 321: 46 444 251 348
Conjunto 322: 444 251 348
Conjunto 323: 251 348
Conjunto 324: 357 149 208
Conjunto 325: 149 208
Conjunto 326: 208 345
Conjunto 327: 345 472 42 416 32
Conjunto 328: 472 42 416 32 397 162
Conjunto 329: 42 416 32 397 162
Conjunto 330: 416 32 397 162
Conjunto 331: 32 397 162
Conjunto 332: 397 162
Conjunto 333: 317 34 65
Conjunto 334: 34 65 58
Conjunto 335: 65 58 29
Conjunto 336: 58 29 49
Conjunto 337: 29 49 380
Conjunto 338: 49 380 21 72 79
Conjunto 339: 380 21 72 79
Conjunto 340: 21 72 79
Conjunto 341: 72 79 441
Conjunto 342: 79 441
Conjunto 343: 441 11
Conjunto 344: 11 414
Conjunto 345: 414 339
Conjunto 346: 9 97
Conjunto 347: 207 190
Conjunto 348: 15 43 261
Conjunto 349: 43 261
Conjunto 350: 81 88
Conjunto 351: 20 179
Conjunto 352: 30 68
Conjunto 353: 28 344
Conjunto 354: 413 48
Conjunto 355: 48 431
Conjunto 356: 57 114 4
Conjunto 357: 114 4
Conjunto 358: 273 358
Conjunto 359: 358 75
Conjunto 360: 53 186 172
Conjunto 361: 186 172
