================================================================================= 
=== UFF - Doutorado em Computação - Aplicaçoes em Sistemas de Potencia        === 
=== ESTIMADOR DE ESTADO MÍNIMOS QUADRADOS PONDERADOS INCLUINDO MEDIDAS DE PMU === 
=== Desenvolvido por: Rui Menezes de Moraes - 2009                            === 
================================================================================= 
Arquivo de medidores:          F:\Documents\Uff\Artigos\SimSEP\VERSAO WELDAN V2\Codigos\Med\ieee57_15_1500.med
Arquivo do sistema:            F:\Documents\Uff\Artigos\SimSEP\VERSAO WELDAN V2\Codigos\Carga\ieee57_15_1500.txt
Tolerância entre iteraçoes:     1.00e-04
Limite de iteraçoes:           100

--- DADOS DA REDE --------------------------------------------------------------- 
Data do caso:                  08/25/93
Origem:                        UW ARCHIVE          
MVA base:                      100
Ano:                           1961
Estação:                       W
Identificação:                 IEEE 57 Bus Test Case
Número de barras:              57 
Número de ramos:               80 
Referência na barra:           1

--- TELEMEDIDAS ------------------------------------------------------------------
    Tipo 1 = Fluxo de potencia ativa        Tipo  6 = Módulo da tensão            
    Tipo 2 = Injeção de potencia ativa      Tipo  7 = Corrente de ramo (real)     
    Tipo 3 = Ângulo de fase da tensão       Tipo  8 = Corrente de ramo (imag)     
    Tipo 4 = Fluxo de potencia reativa      Tipo  9 = Injeção de corrente (real)  
    Tipo 5 = Injeção de potencia reativa    Tipo 10 = Injeção de corrente (imag)  
----------------------------------------------------------------------------------
   N    D    P TP  PN ST   Exa   FS       DP      V_Ref      V_Med          E(%) 
----------------------------------------------------------------------------------
   1    0    1  6   0  0 0.015 01.1  0.00520   +1.04000   +1.03664     -0.323077 
   2    0    2  6   0  0 0.015 01.1  0.00505   +1.01000   +1.02511     +1.496040 
   3    0    3  6   0  0 0.015 01.1  0.00504   +1.00838   +1.00365     -0.469069 
   4    0    4  6   0  0 0.015 01.1  0.00496   +0.99267   +1.00484     +1.225986 
   5    0    5  6   0  0 0.015 01.1  0.00489   +0.97759   +0.98338     +0.592273 
   6    0    6  6   0  0 0.015 01.1  0.00490   +0.98000   +0.96618     -1.410204 
   7    0    7  6   0  0 0.015 01.1  0.00489   +0.97787   +0.97732     -0.056245 
   8    0    8  6   0  0 0.015 01.1  0.00502   +1.00500   +1.01033     +0.530348 
   9    0    9  6   0  0 0.015 01.1  0.00492   +0.98322   +0.98035     -0.291898 
  10    0   10  6   0  0 0.015 01.1  0.00489   +0.97791   +0.96776     -1.037928 
  11    0   11  6   0  0 0.015 01.1  0.00484   +0.96839   +0.97016     +0.182778 
  12    0   12  6   0  0 0.015 01.1  0.00507   +1.01500   +1.02868     +1.347783 
  13    0   13  6   0  0 0.015 01.1  0.00486   +0.97284   +0.98624     +1.377410 
  14    0   14  6   0  0 0.015 01.1  0.00481   +0.96201   +0.97615     +1.469839 
  15    0   15  6   0  0 0.015 01.1  0.00494   +0.98701   +0.99695     +1.007082 
  16    0   16  6   0  0 0.015 01.1  0.00507   +1.01396   +1.01865     +0.462543 
  17    0   17  6   0  0 0.015 01.1  0.00509   +1.01708   +1.02834     +1.107091 
  18    0   18  6   0  0 0.015 01.1  0.00500   +1.00043   +1.01135     +1.091531 
  19    0   19  6   0  0 0.015 01.1  0.00475   +0.94910   +0.95656     +0.786008 
  20    0   20  6   0  0 0.015 01.1  0.00468   +0.93492   +0.92553     -1.004364 
  21    0   21  6   0  0 0.015 01.1  0.00490   +0.97903   +0.96668     -1.261453 
  22    0   22  6   0  0 0.015 01.1  0.00490   +0.97938   +0.97964     +0.026547 
  23    0   23  6   0  0 0.015 01.1  0.00488   +0.97693   +0.96501     -1.220149 
  24    0   24  6   0  0 0.015 01.1  0.00479   +0.95698   +0.95520     -0.186002 
  25    0   25  6   0  0 0.015 01.1  0.00456   +0.91302   +0.90787     -0.564062 
  26    0   26  6   0  0 0.015 01.1  0.00461   +0.92152   +0.91818     -0.362445 
  27    0   27  6   0  0 0.015 01.1  0.00477   +0.95486   +0.96905     +1.486082 
  28    0   28  6   0  0 0.015 01.1  0.00488   +0.97619   +0.98701     +1.108391 
  29    0   29  6   0  0 0.015 01.1  0.00497   +0.99465   +1.00801     +1.343186 
  30    0   30  6   0  0 0.015 01.1  0.00443   +0.88541   +0.87889     -0.736382 
  31    0   31  6   0  0 0.015 01.1  0.00425   +0.84957   +0.83806     -1.354803 
  32    0   32  6   0  0 0.015 01.1  0.00438   +0.87566   +0.88438     +0.995820 
  33    0   33  6   0  0 0.015 01.1  0.00436   +0.87233   +0.87727     +0.566299 
  34    0   34  6   0  0 0.015 01.1  0.00454   +0.90733   +0.90994     +0.287657 
  35    0   35  6   0  0 0.015 01.1  0.00459   +0.91852   +0.91066     -0.855724 
  36    0   36  6   0  0 0.015 01.1  0.00466   +0.93306   +0.93404     +0.105031 
  37    0   37  6   0  0 0.015 01.1  0.00473   +0.94578   +0.93317     -1.333291 
  38    0   38  6   0  0 0.015 01.1  0.00492   +0.98423   +0.98220     -0.206253 
  39    0   39  6   0  0 0.015 01.1  0.00472   +0.94318   +0.93443     -0.927713 
  40    0   40  6   0  0 0.015 01.1  0.00465   +0.92973   +0.92493     -0.516279 
  41    0   41  6   0  0 0.015 01.1  0.00486   +0.97242   +0.98519     +1.313219 
  42    0   42  6   0  0 0.015 01.1  0.00463   +0.92662   +0.93628     +1.042499 
  43    0   43  6   0  0 0.015 01.1  0.00499   +0.99810   +0.99082     -0.729386 
  44    0   44  6   0  0 0.015 01.1  0.00497   +0.99334   +0.98968     -0.368454 
  45    0   45  6   0  0 0.015 01.1  0.00514   +1.02795   +1.03515     +0.700423 
  46    0   46  6   0  0 0.015 01.1  0.00523   +1.04520   +1.05405     +0.846728 
  47    0   47  6   0  0 0.015 01.1  0.00505   +1.01041   +0.99561     -1.464752 
  48    0   48  6   0  0 0.015 01.1  0.00501   +1.00284   +0.99447     -0.834630 
  49    0   49  6   0  0 0.015 01.1  0.00507   +1.01463   +1.00145     -1.298996 
  50    0   50  6   0  0 0.015 01.1  0.00499   +0.99837   +1.00453     +0.617006 
  51    0   51  6   0  0 0.015 01.1  0.00520   +1.04033   +1.05207     +1.128488 
  52    0   52  6   0  0 0.015 01.1  0.00476   +0.95287   +0.94651     -0.667457 
  53    0   53  6   0  0 0.015 01.1  0.00470   +0.93924   +0.94467     +0.578127 
  54    0   54  6   0  0 0.015 01.1  0.00490   +0.97890   +0.96830     -1.082848 
  55    0   55  6   0  0 0.015 01.1  0.00516   +1.03121   +1.02733     -0.376257 
  56    0   56  6   0  0 0.015 01.1  0.00462   +0.92473   +0.93405     +1.007862 
  57    0   57  6   0  0 0.015 01.1  0.00459   +0.91752   +0.92291     +0.587453 
  58    0    1  2   0  0 0.020 01.0  0.00743   +0.85501   +0.86370     +1.016362 
  59    0    2  2   0  0 0.020 01.0  0.00200   -0.03999   -0.03575    -10.602651 
  60    0    3  2   0  0 0.020 01.0  0.02894   +4.08100   +4.04534     -0.873805 
  61    0    4  2   0  0 0.020 01.0  0.00173   +0.00000   +0.00157     +0.000000 
  62    0    5  2   0  0 0.020 01.0  0.00289   -0.17296   -0.17645     +2.017808 
  63    0    6  2   0  0 0.020 01.0  0.00839   -0.99801   -0.97563     -2.242463 
  64    0    7  2   0  0 0.020 01.0  0.00173   +0.00000   +0.00292     +0.000000 
  65    0    8  2   0  0 0.020 01.0  0.00859   +1.02800   +1.04474     +1.628405 
  66    0    9  2   0  0 0.020 01.0  0.00383   -0.31500   -0.30957     -1.723810 
  67    0   10  2   0  0 0.020 01.0  0.00259   -0.12800   -0.12344     -3.562500 
  68    0   11  2   0  0 0.020 01.0  0.00173   -0.00000   -0.00099     +0.000000 
  69    0   12  2   0  0 0.020 01.0  0.01171   +1.49600   +1.47005     -1.734626 
  70    0   13  2   0  0 0.020 01.0  0.00333   -0.23900   -0.24580     +2.845188 
  71    0   14  2   0  0 0.020 01.0  0.00267   -0.14000   -0.13493     -3.621429 
  72    0   15  2   0  0 0.020 01.0  0.00369   -0.29300   -0.30338     +3.542662 
  73    0   16  2   0  0 0.020 01.0  0.00555   -0.57200   -0.57054     -0.255245 
  74    0   17  2   0  0 0.020 01.0  0.00546   -0.55900   -0.54840     -1.896243 
  75    0   18  2   0  0 0.020 01.0  0.00415   -0.36200   -0.35084     -3.082873 
  76    0   19  2   0  0 0.020 01.0  0.00203   -0.04400   -0.04448     +1.090909 
  77    0   20  2   0  0 0.020 01.0  0.00194   -0.03100   -0.03601    +16.161290 
  78    0   21  2   0  0 0.020 01.0  0.00173   -0.00000   +0.00023     +0.000000 
  79    0   22  2   0  0 0.020 01.0  0.00173   +0.00000   -0.00316     +0.000000 
  80    0   23  2   0  0 0.020 01.0  0.00229   -0.08400   -0.08677     +3.297619 
  81    0   24  2   0  0 0.020 01.0  0.00173   +0.00000   +0.00495     +0.000000 
  82    0   25  2   0  0 0.020 01.0  0.00229   -0.08400   -0.08861     +5.488095 
  83    0   26  2   0  0 0.020 01.0  0.00173   -0.00000   +0.00288     +0.000000 
  84    0   27  2   0  0 0.020 01.0  0.00256   -0.12400   -0.12644     +1.967742 
  85    0   28  2   0  0 0.020 01.0  0.00214   -0.06100   -0.06133     +0.540984 
  86    0   29  2   0  0 0.020 01.0  0.00324   -0.22600   -0.23377     +3.438053 
  87    0   30  2   0  0 0.020 01.0  0.00205   -0.04800   -0.05342    +11.291667 
  88    0   31  2   0  0 0.020 01.0  0.00225   -0.07700   -0.07212     -6.337662 
  89    0   32  2   0  0 0.020 01.0  0.00187   -0.02100   -0.02582    +22.952381 
  90    0   33  2   0  0 0.020 01.0  0.00207   -0.05100   -0.04624     -9.333333 
  91    0   34  2   0  0 0.020 01.0  0.00173   -0.00000   -0.00110     +0.000000 
  92    0   35  2   0  0 0.020 01.0  0.00227   -0.08000   -0.08082     +1.025000 
  93    0   36  2   0  0 0.020 01.0  0.00173   +0.00000   -0.00155     +0.000000 
  94    0   37  2   0  0 0.020 01.0  0.00173   +0.00000   -0.00486     +0.000000 
  95    0   38  2   0  0 0.020 01.0  0.00297   -0.18600   -0.18198     -2.161290 
  96    0   39  2   0  0 0.020 01.0  0.00173   +0.00000   -0.00152     +0.000000 
  97    0   40  2   0  0 0.020 01.0  0.00173   +0.00000   +0.00147     +0.000000 
  98    0   41  2   0  0 0.020 01.0  0.00229   -0.08400   -0.08026     -4.452381 
  99    0   42  2   0  0 0.020 01.0  0.00236   -0.09400   -0.09149     -2.670213 
 100    0   43  2   0  0 0.020 01.0  0.00191   -0.02700   -0.02716     +0.592593 
 101    0   44  2   0  0 0.020 01.0  0.00280   -0.16000   -0.15476     -3.275000 
 102    0   45  2   0  0 0.020 01.0  0.00173   -0.00000   -0.00441     +0.000000 
 103    0   46  2   0  0 0.020 01.0  0.00173   +0.00000   -0.00491     +0.000000 
 104    0   47  2   0  0 0.020 01.0  0.00437   -0.39500   -0.39674     +0.440506 
 105    0   48  2   0  0 0.020 01.0  0.00173   +0.00000   -0.00371     +0.000000 
 106    0   49  2   0  0 0.020 01.0  0.00333   -0.23900   -0.23285     -2.573222 
 107    0   50  2   0  0 0.020 01.0  0.00359   -0.27900   -0.28974     +3.849462 
 108    0   51  2   0  0 0.020 01.0  0.00333   -0.23900   -0.24706     +3.372385 
 109    0   52  2   0  0 0.020 01.0  0.00217   -0.06500   -0.06602     +1.569231 
 110    0   53  2   0  0 0.020 01.0  0.00351   -0.26600   -0.27157     +2.093985 
 111    0   54  2   0  0 0.020 01.0  0.00210   -0.05500   -0.04925    -10.454545 
 112    0   55  2   0  0 0.020 01.0  0.00233   -0.09000   -0.09180     +2.000000 
 113    0   56  2   0  0 0.020 01.0  0.00241   -0.10100   -0.10113     +0.128713 
 114    0   57  2   0  0 0.020 01.0  0.00233   -0.08900   -0.09225     +3.651685 
 115    0    1  5   0  0 0.020 01.0  0.01374   +1.80034   +1.80663     +0.349378 
 116    0    2  5   0  0 0.020 01.0  0.00911   -1.10640   -1.10530     -0.099422 
 117    0    3  5   0  0 0.020 01.0  0.00426   -0.37900   -0.36676     -3.229551 
 118    0    4  5   0  0 0.020 01.0  0.00173   +0.00003   +0.00170  +5566.666667 
 119    0    5  5   0  0 0.020 01.0  0.00209   -0.05291   -0.04857     -8.202608 
 120    0    6  5   0  0 0.020 01.0  0.00292   +0.17855   +0.17131     -4.054887 
 121    0    7  5   0  0 0.020 01.0  0.00173   +0.00000   -0.00080     +0.000000 
 122    0    8  5   0  0 0.020 01.0  0.00647   +0.71056   +0.69275     -2.506474 
 123    0    9  5   0  0 0.020 01.0  0.00239   -0.09800   -0.09654     -1.489796 
 124    0   10  5   0  0 0.020 01.0  0.00207   -0.05100   -0.04812     -5.647059 
 125    0   11  5   0  0 0.020 01.0  0.00173   +0.00000   +0.00190     +0.000000 
 126    0   12  5   0  0 0.020 01.0  0.00619   +0.66824   +0.65194     -2.439243 
 127    0   13  5   0  0 0.020 01.0  0.00194   -0.03100   -0.02895     -6.612903 
 128    0   14  5   0  0 0.020 01.0  0.00220   -0.07000   -0.07255     +3.642857 
 129    0   15  5   0  0 0.020 01.0  0.00218   -0.06700   -0.06898     +2.955224 
 130    0   16  5   0  0 0.020 01.0  0.00200   -0.04000   -0.03728     -6.800000 
 131    0   17  5   0  0 0.020 01.0  0.00244   -0.10600   -0.11175     +5.424528 
 132    0   18  5   0  0 0.020 01.0  0.00260   -0.13000   -0.13386     +2.969231 
 133    0   19  5   0  0 0.020 01.0  0.00179   -0.00800   -0.00865     +8.125000 
 134    0   20  5   0  0 0.020 01.0  0.00182   -0.01300   -0.01205     -7.307692 
 135    0   21  5   0  0 0.020 01.0  0.00173   +0.00000   -0.00201     +0.000000 
 136    0   22  5   0  0 0.020 01.0  0.00173   +0.00000   -0.00067     +0.000000 
 137    0   23  5   0  0 0.020 01.0  0.00192   -0.02800   -0.03018     +7.785714 
 138    0   24  5   0  0 0.020 01.0  0.00173   +0.00000   +0.00433     +0.000000 
 139    0   25  5   0  0 0.020 01.0  0.00202   -0.04300   -0.04108     -4.465116 
 140    0   26  5   0  0 0.020 01.0  0.00173   +0.00000   -0.00336     +0.000000 
 141    0   27  5   0  0 0.020 01.0  0.00178   -0.00700   -0.00545    -22.142857 
 142    0   28  5   0  0 0.020 01.0  0.00194   -0.03100   -0.03641    +17.451613 
 143    0   29  5   0  0 0.020 01.0  0.00197   -0.03500   -0.03167     -9.514286 
 144    0   30  5   0  0 0.020 01.0  0.00189   -0.02400   -0.02966    +23.583333 
 145    0   31  5   0  0 0.020 01.0  0.00199   -0.03900   -0.04038     +3.538462 
 146    0   32  5   0  0 0.020 01.0  0.00181   -0.01100   -0.00913    -17.000000 
 147    0   33  5   0  0 0.020 01.0  0.00190   -0.02500   -0.03025    +21.000000 
 148    0   34  5   0  0 0.020 01.0  0.00173   +0.00000   -0.00068     +0.000000 
 149    0   35  5   0  0 0.020 01.0  0.00200   -0.04000   -0.04391     +9.775000 
 150    0   36  5   0  0 0.020 01.0  0.00173   -0.00000   +0.00087     +0.000000 
 151    0   37  5   0  0 0.020 01.0  0.00173   -0.00000   -0.00321     +0.000000 
 152    0   38  5   0  0 0.020 01.0  0.00235   -0.09300   -0.09464     +1.763441 
 153    0   39  5   0  0 0.020 01.0  0.00173   -0.00000   +0.00397     +0.000000 
 154    0   40  5   0  0 0.020 01.0  0.00173   -0.00000   -0.00518     +0.000000 
 155    0   41  5   0  0 0.020 01.0  0.00200   -0.04000   -0.03784     -5.400000 
 156    0   42  5   0  0 0.020 01.0  0.00213   -0.05900   -0.06178     +4.711864 
 157    0   43  5   0  0 0.020 01.0  0.00182   -0.01300   -0.00949    -27.000000 
 158    0   44  5   0  0 0.020 01.0  0.00189   -0.02400   -0.02634     +9.750000 
 159    0   45  5   0  0 0.020 01.0  0.00173   -0.00000   -0.00114     +0.000000 
 160    0   46  5   0  0 0.020 01.0  0.00173   +0.00000   +0.00469     +0.000000 
 161    0   47  5   0  0 0.020 01.0  0.00276   -0.15400   -0.14845     -3.603896 
 162    0   48  5   0  0 0.020 01.0  0.00173   +0.00000   +0.00406     +0.000000 
 163    0   49  5   0  0 0.020 01.0  0.00249   -0.11300   -0.10655     -5.707965 
 164    0   50  5   0  0 0.020 01.0  0.00267   -0.14000   -0.14593     +4.235714 
 165    0   51  5   0  0 0.020 01.0  0.00220   -0.07000   -0.07200     +2.857143 
 166    0   52  5   0  0 0.020 01.0  0.00193   -0.02900   -0.02653     -8.517241 
 167    0   53  5   0  0 0.020 01.0  0.00262   -0.13300   -0.13103     -1.481203 
 168    0   54  5   0  0 0.020 01.0  0.00186   -0.01900   -0.01528    -19.578947 
 169    0   55  5   0  0 0.020 01.0  0.00203   -0.04500   -0.04841     +7.577778 
 170    0   56  5   0  0 0.020 01.0  0.00193   -0.02900   -0.03109     +7.206897 
 171    0   57  5   0  0 0.020 01.0  0.00191   -0.02700   -0.03022    +11.925926 
 172    1    2  1   0  0 0.020 01.0  0.00483   -0.46441   -0.47809     +2.945673 
 173    2    3  1   0  0 0.020 01.0  0.00519   -0.51827   -0.51266     -1.082447 
 174    3    4  1   0  0 0.020 01.0  0.01325   +1.72775   +1.71074     -0.984517 
 175    4    5  1   0  0 0.020 01.0  0.00536   +0.54388   +0.52879     -2.774509 
 176    4    6  1   0  0 0.020 01.0  0.00645   +0.70781   +0.69947     -1.178282 
 177    6    7  1   0  0 0.020 01.0  0.00277   +0.15563   +0.14920     -4.131594 
 178    6    8  1   0  0 0.020 01.0  0.00255   -0.12183   -0.12837     +5.368136 
 179    8    9  1   0  0 0.020 01.0  0.00425   +0.37801   +0.38008     +0.547605 
 180    9   10  1   0  0 0.020 01.0  0.00207   +0.05011   +0.04404    -12.113351 
 181    9   11  1   0  0 0.020 01.0  0.00185   +0.01761   +0.02142    +21.635434 
 182    9   12  1   0  0 0.020 01.0  0.00296   -0.18396   -0.19167     +4.191129 
 183    9   13  1   0  0 0.020 01.0  0.00259   -0.12872   -0.12897     +0.194220 
 184   13   14  1   0  0 0.020 01.0  0.00190   -0.02447   -0.02831    +15.692685 
 185   13   15  1   0  0 0.020 01.0  0.00526   -0.52966   -0.53213     +0.466337 
 186    1   15  1   0  0 0.020 01.0  0.00441   +0.40204   +0.41166     +2.392797 
 187    1   16  1   0  0 0.020 01.0  0.00416   +0.36454   +0.36845     +1.072585 
 188    1   17  1   0  0 0.020 01.0  0.00542   +0.55283   +0.56786     +2.718738 
 189    3   15  1   0  0 0.020 01.0  0.01391   +1.82579   +1.81709     -0.476506 
 190    4   18  1   0  0 0.020 01.0  0.00303   +0.19436   +0.19276     -0.823215 
 191    4   18  1   0  0 0.020 01.0  0.00339   +0.24881   +0.25449     +2.282866 
 192    5    6  1   0  0 0.020 01.0  0.00407   +0.35125   +0.36108     +2.798577 
 193    7    8  1   0  0 0.020 01.0  0.00522   -0.52219   -0.51690     -1.013041 
 194   10   12  1   0  0 0.020 01.0  0.00504   -0.49532   -0.50525     +2.004765 
 195   11   13  1   0  0 0.020 01.0  0.00369   -0.29384   -0.29784     +1.361285 
 196   12   13  1   0  0 0.020 01.0  0.00559   +0.57909   +0.57141     -1.326219 
 197   12   16  1   0  0 0.020 01.0  0.00316   +0.21402   +0.20892     -2.382955 
 198   12   17  1   0  0 0.020 01.0  0.00182   +0.01319   +0.01541    +16.830933 
 199   14   15  1   0  0 0.020 01.0  0.00715   -0.81286   -0.82104     +1.006323 
 200   18   19  1   0  0 0.020 01.0  0.00227   +0.08117   +0.08763     +7.958605 
 201   19   20  1   0  0 0.020 01.0  0.00196   +0.03391   +0.03817    +12.562666 
 202   21   20  1   0  0 0.020 01.0  0.00175   -0.00252   -0.00126    -50.000000 
 203   21   22  1   0  0 0.020 01.0  0.00175   +0.00252   +0.00651   +158.333333 
 204   22   23  1   0  0 0.020 01.0  0.00306   +0.19966   +0.19611     -1.778023 
 205   23   24  1   0  0 0.020 01.0  0.00250   +0.11524   +0.11713     +1.640056 
 206   24   25  1   0  0 0.020 01.0  0.00234   +0.09126   +0.09314     +2.060048 
 207   24   25  1   0  0 0.020 01.0  0.00232   +0.08770   +0.08493     -3.158495 
 208   24   26  1   0  0 0.020 01.0  0.00217   -0.06603   -0.06495     -1.635620 
 209   26   27  1   0  0 0.020 01.0  0.00217   -0.06603   -0.07115     +7.754051 
 210   27   28  1   0  0 0.020 01.0  0.00301   -0.19206   -0.18666     -2.811621 
 211   28   29  1   0  0 0.020 01.0  0.00344   -0.25609   -0.24834     -3.026280 
 212    7   29  1   0  0 0.020 01.0  0.00625   +0.67732   +0.68285     +0.816453 
 213   25   30  1   0  0 0.020 01.0  0.00237   +0.09496   +0.08864     -6.655434 
 214   30   31  1   0  0 0.020 01.0  0.00203   +0.04488   +0.05023    +11.920677 
 215   31   32  1   0  0 0.020 01.0  0.00196   -0.03345   -0.03864    +15.515695 
 216   32   33  1   0  0 0.020 01.0  0.00207   +0.05117   +0.04804     -6.116865 
 217   34   32  1   0  0 0.020 01.0  0.00244   +0.10643   +0.10460     -1.719440 
 218   34   35  1   0  0 0.020 01.0  0.00244   -0.10643   -0.10770     +1.193273 
 219   35   36  1   0  0 0.020 01.0  0.00298   -0.18737   -0.19336     +3.196883 
 220   36   37  1   0  0 0.020 01.0  0.00329   -0.23313   -0.22442     -3.736113 
 221   37   38  1   0  0 0.020 01.0  0.00363   -0.28469   -0.29280     +2.848713 
 222   37   39  1   0  0 0.020 01.0  0.00206   +0.04910   +0.05226     +6.435845 
 223   36   40  1   0  0 0.020 01.0  0.00202   +0.04348   +0.04518     +3.909844 
 224   22   38  1   0  0 0.020 01.0  0.00305   -0.19714   -0.20067     +1.790606 
 225   11   41  1   0  0 0.020 01.0  0.00257   +0.12537   +0.11944     -4.729999 
 226   41   42  1   0  0 0.020 01.0  0.00253   +0.12009   +0.12702     +5.770672 
 227   41   43  1   0  0 0.020 01.0  0.00279   -0.15833   -0.15291     -3.423230 
 228   38   44  1   0  0 0.020 01.0  0.00395   -0.33228   -0.34052     +2.479836 
 229   15   45  1   0  0 0.020 01.0  0.00514   +0.51112   +0.50782     -0.645641 
 230   14   46  1   0  0 0.020 01.0  0.00605   +0.64751   +0.64616     -0.208491 
 231   46   47  1   0  0 0.020 01.0  0.00605   +0.64751   +0.65615     +1.334342 
 232   47   48  1   0  0 0.020 01.0  0.00334   +0.24146   +0.24900     +3.122670 
 233   48   49  1   0  0 0.020 01.0  0.00188   -0.02172   -0.01638    -24.585635 
 234   49   50  1   0  0 0.020 01.0  0.00245   +0.10693   +0.11022     +3.076779 
 235   50   51  1   0  0 0.020 01.0  0.00289   -0.17326   -0.17113     -1.229366 
 236   10   51  1   0  0 0.020 01.0  0.00451   +0.41731   +0.42658     +2.221370 
 237   13   49  1   0  0 0.020 01.0  0.00478   +0.45688   +0.45338     -0.766065 
 238   29   52  1   0  0 0.020 01.0  0.00301   +0.19168   +0.19888     +3.756260 
 239   52   53  1   0  0 0.020 01.0  0.00254   +0.12048   +0.12487     +3.643758 
 240   53   54  1   0  0 0.020 01.0  0.00271   -0.14687   -0.14021     -4.534622 
 241   54   55  1   0  0 0.020 01.0  0.00311   -0.20680   -0.20827     +0.710832 
 242   11   43  1   0  0 0.020 01.0  0.00297   +0.18533   +0.17768     -4.127772 
 243   44   45  1   0  0 0.020 01.0  0.00504   -0.49558   -0.48326     -2.485976 
 244   40   56  1   0  0 0.020 01.0  0.00202   +0.04337   +0.04473     +3.135808 
 245   56   41  1   0  0 0.020 01.0  0.00224   -0.07588   -0.07252     -4.428044 
 246   56   42  1   0  0 0.020 01.0  0.00188   -0.02208   -0.02117     -4.121377 
 247   39   57  1   0  0 0.020 01.0  0.00206   +0.04901   +0.05512    +12.466844 
 248   57   56  1   0  0 0.020 01.0  0.00200   -0.03999   -0.04400    +10.027507 
 249   38   49  1   0  0 0.020 01.0  0.00231   -0.08629   -0.08340     -3.349171 
 250   38   48  1   0  0 0.020 01.0  0.00346   -0.25819   -0.26510     +2.676324 
 251    9   55  1   0  0 0.020 01.0  0.00377   +0.30530   +0.29578     -3.118244 
 252    1    2  4   0  0 0.020 01.0  0.00968   +1.19155   +1.19934     +0.653770 
 253    2    3  4   0  0 0.020 01.0  0.00289   +0.17395   +0.17484     +0.511641 
 254    3    4  4   0  0 0.020 01.0  0.00213   -0.05974   -0.05626     -5.825243 
 255    4    5  4   0  0 0.020 01.0  0.00262   -0.13224   -0.13922     +5.278282 
 256    4    6  4   0  0 0.020 01.0  0.00238   -0.09704   -0.10352     +6.677659 
 257    6    7  4   0  0 0.020 01.0  0.00188   -0.02200   -0.02106     -4.272727 
 258    6    8  4   0  0 0.020 01.0  0.00266   -0.13946   -0.13527     -3.004446 
 259    8    9  4   0  0 0.020 01.0  0.00396   +0.33401   +0.32654     -2.236460 
 260    9   10  4   0  0 0.020 01.0  0.00174   -0.00098   -0.00060    -38.775510 
 261    9   11  4   0  0 0.020 01.0  0.00278   +0.15619   +0.15742     +0.787502 
 262    9   12  4   0  0 0.020 01.0  0.00239   -0.09852   -0.09701     -1.532684 
 263    9   13  4   0  0 0.020 01.0  0.00231   +0.08632   +0.07996     -7.367933 
 264   13   14  4   0  0 0.020 01.0  0.00337   +0.24529   +0.24065     -1.891638 
 265   13   15  4   0  0 0.020 01.0  0.00178   +0.00746   +0.00402    -46.112601 
 266    1   15  4   0  0 0.020 01.0  0.00492   +0.47752   +0.47834     +0.171721 
 267    1   16  4   0  0 0.020 01.0  0.00196   +0.03359   +0.03635     +8.216731 
 268    1   17  4   0  0 0.020 01.0  0.00238   +0.09767   +0.10365     +6.122658 
 269    3   15  4   0  0 0.020 01.0  0.00232   -0.08826   -0.09480     +7.409925 
 270    4   18  4   0  0 0.020 01.0  0.00208   +0.05257   +0.05662     +7.704014 
 271    4   18  4   0  0 0.020 01.0  0.00205   +0.04754   +0.05181     +8.981910 
 272    5    6  4   0  0 0.020 01.0  0.00308   -0.20165   -0.20221     +0.277709 
 273    7    8  4   0  0 0.020 01.0  0.00355   -0.27189   -0.27465     +1.015116 
 274   10   12  4   0  0 0.020 01.0  0.00294   -0.18097   -0.18846     +4.138808 
 275   11   13  4   0  0 0.020 01.0  0.00190   +0.02539   +0.02162    -14.848365 
 276   12   13  4   0  0 0.020 01.0  0.00529   +0.53382   +0.53928     +1.022817 
 277   12   16  4   0  0 0.020 01.0  0.00202   -0.04365   -0.04256     -2.497136 
 278   12   17  4   0  0 0.020 01.0  0.00199   -0.03921   -0.03720     -5.126243 
 279   14   15  4   0  0 0.020 01.0  0.00291   -0.17575   -0.17662     +0.495021 
 280   18   19  4   0  0 0.020 01.0  0.00188   +0.02193   +0.02522    +15.002280 
 281   19   20  4   0  0 0.020 01.0  0.00179   +0.00909   +0.00861     -5.280528 
 282   21   20  4   0  0 0.020 01.0  0.00176   +0.00453   +0.00870    +92.052980 
 283   21   22  4   0  0 0.020 01.0  0.00176   -0.00453   -0.00905    +99.779249 
 284   22   23  4   0  0 0.020 01.0  0.00192   +0.02781   +0.02937     +5.609493 
 285   23   24  4   0  0 0.020 01.0  0.00174   -0.00083   +0.00239   -387.951807 
 286   24   25  4   0  0 0.020 01.0  0.00201   +0.04125   +0.03909     -5.236364 
 287   24   25  4   0  0 0.020 01.0  0.00200   +0.03964   +0.04007     +1.084763 
 288   24   26  4   0  0 0.020 01.0  0.00225   -0.07742   -0.07248     -6.380780 
 289   26   27  4   0  0 0.020 01.0  0.00225   -0.07800   -0.07754     -0.589744 
 290   27   28  4   0  0 0.020 01.0  0.00232   -0.08813   -0.08404     -4.640871 
 291   28   29  4   0  0 0.020 01.0  0.00256   -0.12380   -0.12248     -1.066236 
 292    7   29  4   0  0 0.020 01.0  0.00356   +0.27376   +0.28191     +2.977060 
 293   25   30  4   0  0 0.020 01.0  0.00215   +0.06168   +0.06095     -1.183528 
 294   30   31  4   0  0 0.020 01.0  0.00196   +0.03457   +0.02978    -13.855944 
 295   31   32  4   0  0 0.020 01.0  0.00178   -0.00646   -0.00188    -70.897833 
 296   32   33  4   0  0 0.020 01.0  0.00190   +0.02515   +0.02422     -3.697813 
 297   34   32  4   0  0 0.020 01.0  0.00214   +0.06029   +0.06064     +0.580527 
 298   34   35  4   0  0 0.020 01.0  0.00214   -0.06029   -0.05785     -4.047106 
 299   35   36  4   0  0 0.020 01.0  0.00239   -0.09903   -0.10543     +6.462688 
 300   36   37  4   0  0 0.020 01.0  0.00266   -0.13911   -0.14166     +1.833082 
 301   37   38  4   0  0 0.020 01.0  0.00291   -0.17610   -0.17099     -2.901760 
 302   37   39  4   0  0 0.020 01.0  0.00196   +0.03389   +0.02809    -17.114193 
 303   36   40  4   0  0 0.020 01.0  0.00199   +0.03860   +0.03328    -13.782383 
 304   22   38  4   0  0 0.020 01.0  0.00195   -0.03234   -0.03499     +8.194187 
 305   11   41  4   0  0 0.020 01.0  0.00215   +0.06230   +0.06046     -2.953451 
 306   41   42  4   0  0 0.020 01.0  0.00212   +0.05736   +0.06092     +6.206416 
 307   41   43  4   0  0 0.020 01.0  0.00210   -0.05528   -0.05920     +7.091172 
 308   38   44  4   0  0 0.020 01.0  0.00182   +0.01348   +0.01245     -7.640950 
 309   15   45  4   0  0 0.020 01.0  0.00219   +0.06803   +0.07058     +3.748346 
 310   14   46  4   0  0 0.020 01.0  0.00412   +0.35844   +0.36659     +2.273742 
 311   46   47  4   0  0 0.020 01.0  0.00389   +0.32320   +0.32428     +0.334158 
 312   47   48  4   0  0 0.020 01.0  0.00267   +0.13991   +0.14651     +4.717318 
 313   48   49  4   0  0 0.020 01.0  0.00227   -0.07994   -0.07426     -7.105329 
 314   49   50  4   0  0 0.020 01.0  0.00215   +0.06223   +0.06376     +2.458621 
 315   50   51  4   0  0 0.020 01.0  0.00226   -0.07967   -0.07409     -7.003891 
 316   10   51  4   0  0 0.020 01.0  0.00287   +0.17079   +0.17758     +3.975643 
 317   13   49  4   0  0 0.020 01.0  0.00460   +0.42980   +0.42554     -0.991159 
 318   29   52  4   0  0 0.020 01.0  0.00224   +0.07616   +0.08283     +8.757878 
 319   52   53  4   0  0 0.020 01.0  0.00199   +0.03912   +0.04379    +11.937628 
 320   53   54  4   0  0 0.020 01.0  0.00200   -0.04004   -0.04168     +4.095904 
 321   54   55  4   0  0 0.020 01.0  0.00217   -0.06514   -0.06146     -5.649371 
 322   11   43  4   0  0 0.020 01.0  0.00231   +0.08680   +0.08442     -2.741935 
 323   44   45  4   0  0 0.020 01.0  0.00184   -0.01525   -0.01903    +24.786885 
 324   40   56  4   0  0 0.020 01.0  0.00199   +0.03842   +0.04128     +7.444040 
 325   56   41  4   0  0 0.020 01.0  0.00175   -0.00224   -0.00086    -61.607143 
 326   56   42  4   0  0 0.020 01.0  0.00179   +0.00847   +0.00954    +12.632822 
 327   39   57  4   0  0 0.020 01.0  0.00196   +0.03374   +0.03069     -9.039715 
 328   57   56  4   0  0 0.020 01.0  0.00174   +0.00156   -0.00071   -145.512821 
 329   38   49  4   0  0 0.020 01.0  0.00250   -0.11438   -0.10991     -3.908026 
 330   38   48  4   0  0 0.020 01.0  0.00315   -0.21251   -0.21086     -0.776434 
 331    9   55  4   0  0 0.020 01.0  0.00262   +0.13348   +0.13036     -2.337429 
 332    2    1  1   0  0 0.020 01.0  0.00492   +0.47827   +0.47225     -1.258703 
 333    3    2  1   0  0 0.020 01.0  0.00525   +0.52747   +0.51882     -1.639904 
 334    4    3  1   0  0 0.020 01.0  0.01303   -1.69485   -1.69442     -0.025371 
 335    5    4  1   0  0 0.020 01.0  0.00523   -0.52421   -0.52217     -0.389157 
 336    6    4  1   0  0 0.020 01.0  0.00630   -0.68567   -0.70198     +2.378695 
 337    7    6  1   0  0 0.020 01.0  0.00277   -0.15512   -0.16070     +3.597215 
 338    8    6  1   0  0 0.020 01.0  0.00255   +0.12283   +0.12299     +0.130261 
 339    9    8  1   0  0 0.020 01.0  0.00424   -0.37533   -0.37427     -0.282418 
 340   10    9  1   0  0 0.020 01.0  0.00207   -0.04999   -0.04987     -0.240048 
 341   11    9  1   0  0 0.020 01.0  0.00185   -0.01686   -0.02104    +24.792408 
 342   12    9  1   0  0 0.020 01.0  0.00298   +0.18648   +0.18033     -3.297941 
 343   13    9  1   0  0 0.020 01.0  0.00260   +0.13010   +0.12869     -1.083782 
 344   14   13  1   0  0 0.020 01.0  0.00190   +0.02535   +0.02756     +8.717949 
 345   15   13  1   0  0 0.020 01.0  0.00532   +0.53764   +0.54660     +1.666543 
 346   15    1  1   0  0 0.020 01.0  0.00436   -0.39474   -0.39117     -0.904393 
 347   16    1  1   0  0 0.020 01.0  0.00413   -0.35880   -0.35677     -0.565775 
 348   17    1  1   0  0 0.020 01.0  0.00537   -0.54582   -0.53052     -2.803122 
 349   15    3  1   0  0 0.020 01.0  0.01355   -1.77262   -1.77021     -0.135957 
 350   18    4  1   0  0 0.020 01.0  0.00303   -0.19436   -0.19820     +1.975715 
 351   18    4  1   0  0 0.020 01.0  0.00339   -0.24881   -0.25499     +2.483823 
 352    6    5  1   0  0 0.020 01.0  0.00404   -0.34614   -0.35304     +1.993413 
 353    8    7  1   0  0 0.020 01.0  0.00525   +0.52716   +0.52520     -0.371804 
 354   12   10  1   0  0 0.020 01.0  0.00509   +0.50322   +0.50526     +0.405389 
 355   13   11  1   0  0 0.020 01.0  0.00371   +0.29593   +0.30517     +3.122360 
 356   13   12  1   0  0 0.020 01.0  0.00552   -0.56778   -0.57387     +1.072599 
 357   16   12  1   0  0 0.020 01.0  0.00315   -0.21320   -0.21735     +1.946529 
 358   17   12  1   0  0 0.020 01.0  0.00182   -0.01318   -0.01188     -9.863429 
 359   15   14  1   0  0 0.020 01.0  0.00724   +0.82560   +0.81346     -1.470446 
 360   19   18  1   0  0 0.020 01.0  0.00225   -0.07791   -0.08234     +5.686048 
 361   20   19  1   0  0 0.020 01.0  0.00196   -0.03352   -0.03920    +16.945107 
 362   20   21  1   0  0 0.020 01.0  0.00175   +0.00252   +0.00269     +6.746032 
 363   22   21  1   0  0 0.020 01.0  0.00175   -0.00252   -0.00775   +207.539683 
 364   23   22  1   0  0 0.020 01.0  0.00306   -0.19924   -0.19821     -0.516964 
 365   24   23  1   0  0 0.020 01.0  0.00249   -0.11293   -0.11210     -0.734969 
 366   25   24  1   0  0 0.020 01.0  0.00234   -0.09126   -0.09725     +6.563664 
 367   25   24  1   0  0 0.020 01.0  0.00232   -0.08770   -0.08913     +1.630559 
 368   26   24  1   0  0 0.020 01.0  0.00217   +0.06603   +0.06958     +5.376344 
 369   27   26  1   0  0 0.020 01.0  0.00219   +0.06806   +0.06901     +1.395827 
 370   28   27  1   0  0 0.020 01.0  0.00303   +0.19509   +0.19332     -0.907274 
 371   29   28  1   0  0 0.020 01.0  0.00346   +0.25964   +0.26012     +0.184871 
 372   29    7  1   0  0 0.020 01.0  0.00625   -0.67732   -0.68135     +0.594992 
 373   30   25  1   0  0 0.020 01.0  0.00235   -0.09288   -0.09899     +6.578381 
 374   31   30  1   0  0 0.020 01.0  0.00202   -0.04355   -0.04017     -7.761194 
 375   32   31  1   0  0 0.020 01.0  0.00196   +0.03427   +0.03738     +9.074993 
 376   33   32  1   0  0 0.020 01.0  0.00207   -0.05100   -0.05015     -1.666667 
 377   32   34  1   0  0 0.020 01.0  0.00244   -0.10643   -0.10476     -1.569106 
 378   35   34  1   0  0 0.020 01.0  0.00245   +0.10737   +0.10868     +1.220080 
 379   36   35  1   0  0 0.020 01.0  0.00300   +0.18965   +0.19175     +1.107303 
 380   37   36  1   0  0 0.020 01.0  0.00330   +0.23559   +0.23043     -2.190246 
 381   38   37  1   0  0 0.020 01.0  0.00369   +0.29283   +0.29926     +2.195813 
 382   39   37  1   0  0 0.020 01.0  0.00206   -0.04901   -0.04647     -5.182616 
 383   40   36  1   0  0 0.020 01.0  0.00202   -0.04337   -0.04048     -6.663592 
 384   38   22  1   0  0 0.020 01.0  0.00305   +0.19794   +0.19131     -3.349500 
 385   41   11  1   0  0 0.020 01.0  0.00257   -0.12537   -0.13299     +6.078009 
 386   42   41  1   0  0 0.020 01.0  0.00251   -0.11622   -0.11263     -3.088969 
 387   43   41  1   0  0 0.020 01.0  0.00279   +0.15833   +0.16353     +3.284280 
 388   44   38  1   0  0 0.020 01.0  0.00397   +0.33558   +0.33712     +0.458907 
 389   45   15  1   0  0 0.020 01.0  0.00514   -0.51112   -0.52483     +2.682345 
 390   46   14  1   0  0 0.020 01.0  0.00605   -0.64751   -0.65393     +0.991490 
 391   47   46  1   0  0 0.020 01.0  0.00598   -0.63646   -0.62091     -2.443201 
 392   48   47  1   0  0 0.020 01.0  0.00333   -0.24007   -0.23302     -2.936643 
 393   49   48  1   0  0 0.020 01.0  0.00188   +0.02226   +0.02436     +9.433962 
 394   50   49  1   0  0 0.020 01.0  0.00244   -0.10574   -0.11061     +4.605636 
 395   51   50  1   0  0 0.020 01.0  0.00292   +0.17831   +0.18146     +1.766586 
 396   51   10  1   0  0 0.020 01.0  0.00451   -0.41731   -0.42870     +2.729386 
 397   49   13  1   0  0 0.020 01.0  0.00478   -0.45688   -0.45513     -0.383033 
 398   52   29  1   0  0 0.020 01.0  0.00297   -0.18548   -0.18621     +0.393573 
 399   53   52  1   0  0 0.020 01.0  0.00253   -0.11913   -0.11663     -2.098548 
 400   54   53  1   0  0 0.020 01.0  0.00275   +0.15180   +0.15071     -0.718050 
 401   55   54  1   0  0 0.020 01.0  0.00317   +0.21530   +0.20637     -4.147701 
 402   43   11  1   0  0 0.020 01.0  0.00297   -0.18533   -0.18636     +0.555765 
 403   45   44  1   0  0 0.020 01.0  0.00514   +0.51112   +0.51011     -0.197605 
 404   56   40  1   0  0 0.020 01.0  0.00202   -0.04337   -0.04931    +13.696103 
 405   41   56  1   0  0 0.020 01.0  0.00226   +0.07961   +0.08088     +1.595277 
 406   42   56  1   0  0 0.020 01.0  0.00188   +0.02222   +0.01998    -10.081008 
 407   57   39  1   0  0 0.020 01.0  0.00206   -0.04901   -0.04498     -8.222812 
 408   56   57  1   0  0 0.020 01.0  0.00200   +0.04032   +0.04532    +12.400794 
 409   49   38  1   0  0 0.020 01.0  0.00232   +0.08869   +0.08545     -3.653174 
 410   48   38  1   0  0 0.020 01.0  0.00348   +0.26179   +0.25753     -1.627258 
 411   55    9  1   0  0 0.020 01.0  0.00377   -0.30530   -0.31451     +3.016705 
 412    2    1  4   0  0 0.020 01.0  0.01027   -1.28035   -1.26643     -1.087203 
 413    3    2  4   0  0 0.020 01.0  0.00327   -0.23100   -0.22673     -1.848485 
 414    4    3  4   0  0 0.020 01.0  0.00260   +0.12920   +0.13109     +1.462848 
 415    5    4  4   0  0 0.020 01.0  0.00272   +0.14874   +0.14671     -1.364798 
 416    6    4  4   0  0 0.020 01.0  0.00266   +0.13939   +0.14148     +1.499390 
 417    7    6  4   0  0 0.020 01.0  0.00175   -0.00187   -0.00169     -9.625668 
 418    8    6  4   0  0 0.020 01.0  0.00239   +0.09829   +0.10044     +2.187405 
 419    9    8  4   0  0 0.020 01.0  0.00423   -0.37449   -0.36507     -2.515421 
 420   10    9  4   0  0 0.020 01.0  0.00200   -0.04082   -0.04285     +4.973052 
 421   11    9  4   0  0 0.020 01.0  0.00290   -0.17448   -0.17348     -0.573132 
 422   12    9  4   0  0 0.020 01.0  0.00195   +0.03291   +0.02738    -16.803403 
 423   13    9  4   0  0 0.020 01.0  0.00254   -0.12062   -0.12487     +3.523462 
 424   14   13  4   0  0 0.020 01.0  0.00342   -0.25269   -0.24683     -2.319047 
 425   15   13  4   0  0 0.020 01.0  0.00176   -0.00375   -0.00596    +58.933333 
 426   15    1  4   0  0 0.020 01.0  0.00534   -0.54176   -0.55596     +2.621087 
 427   16    1  4   0  0 0.020 01.0  0.00217   -0.06512   -0.06253     -3.977273 
 428   17    1  4   0  0 0.020 01.0  0.00237   -0.09614   -0.09416     -2.059497 
 429   15    3  4   0  0 0.020 01.0  0.00312   +0.20804   +0.21081     +1.331475 
 430   18    4  4   0  0 0.020 01.0  0.00194   -0.03109   -0.02663    -14.345449 
 431   18    4  4   0  0 0.020 01.0  0.00187   -0.02076   -0.02453    +18.159923 
 432    6    5  4   0  0 0.020 01.0  0.00307   +0.20061   +0.20368     +1.530332 
 433    8    7  4   0  0 0.020 01.0  0.00359   +0.27826   +0.27574     -0.905628 
 434   12   10  4   0  0 0.020 01.0  0.00296   +0.18437   +0.18781     +1.865813 
 435   13   11  4   0  0 0.020 01.0  0.00198   -0.03627   -0.03859     +6.396471 
 436   13   12  4   0  0 0.020 01.0  0.00544   -0.55667   -0.55178     -0.878438 
 437   16   12  4   0  0 0.020 01.0  0.00190   +0.02512   +0.02352     -6.369427 
 438   17   12  4   0  0 0.020 01.0  0.00180   -0.00986   -0.00541    -45.131846 
 439   15   14  4   0  0 0.020 01.0  0.00308   +0.20243   +0.20038     -1.012696 
 440   19   18  4   0  0 0.020 01.0  0.00185   -0.01709   -0.01512    -11.527209 
 441   20   19  4   0  0 0.020 01.0  0.00179   -0.00850   -0.00578    -32.000000 
 442   20   21  4   0  0 0.020 01.0  0.00176   -0.00450   -0.00768    +70.666667 
 443   22   21  4   0  0 0.020 01.0  0.00176   +0.00453   +0.00642    +41.721854 
 444   23   22  4   0  0 0.020 01.0  0.00191   -0.02717   -0.02383    -12.292970 
 445   24   23  4   0  0 0.020 01.0  0.00176   -0.00346   -0.00108    -68.786127 
 446   25   24  4   0  0 0.020 01.0  0.00192   -0.02830   -0.03205    +13.250883 
 447   25   24  4   0  0 0.020 01.0  0.00192   -0.02720   -0.03176    +16.764706 
 448   26   24  4   0  0 0.020 01.0  0.00225   +0.07801   +0.08230     +5.499295 
 449   27   26  4   0  0 0.020 01.0  0.00227   +0.08113   +0.08768     +8.073462 
 450   28   27  4   0  0 0.020 01.0  0.00235   +0.09280   +0.09635     +3.825431 
 451   29   28  4   0  0 0.020 01.0  0.00259   +0.12879   +0.13516     +4.946036 
 452   29    7  4   0  0 0.020 01.0  0.00333   -0.23995   -0.23778     -0.904355 
 453   30   25  4   0  0 0.020 01.0  0.00212   -0.05857   -0.05909     +0.887827 
 454   31   30  4   0  0 0.020 01.0  0.00195   -0.03254   -0.03785    +16.318377 
 455   32   31  4   0  0 0.020 01.0  0.00178   +0.00767   +0.00874    +13.950456 
 456   33   32  4   0  0 0.020 01.0  0.00190   -0.02500   -0.02179    -12.840000 
 457   32   34  4   0  0 0.020 01.0  0.00203   -0.04383   -0.03996     -8.829569 
 458   35   34  4   0  0 0.020 01.0  0.00213   +0.05903   +0.05550     -5.980010 
 459   36   35  4   0  0 0.020 01.0  0.00240   +0.10051   +0.10387     +3.342951 
 460   37   36  4   0  0 0.020 01.0  0.00268   +0.14221   +0.14506     +2.004078 
 461   38   37  4   0  0 0.020 01.0  0.00298   +0.18684   +0.19528     +4.517234 
 462   39   37  4   0  0 0.020 01.0  0.00196   -0.03374   -0.03478     +3.082395 
 463   40   36  4   0  0 0.020 01.0  0.00199   -0.03842   -0.04378    +13.951067 
 464   38   22  4   0  0 0.020 01.0  0.00196   +0.03357   +0.03140     -6.464105 
 465   41   11  4   0  0 0.020 01.0  0.00205   -0.04802   -0.05030     +4.748022 
 466   42   41  4   0  0 0.020 01.0  0.00207   -0.05076   -0.05085     +0.177305 
 467   43   41  4   0  0 0.020 01.0  0.00218   +0.06753   +0.06171     -8.618392 
 468   44   38  4   0  0 0.020 01.0  0.00179   -0.00875   -0.01311    +49.828571 
 469   45   15  4   0  0 0.020 01.0  0.00201   -0.04210   -0.04525     +7.482185 
 470   46   14  4   0  0 0.020 01.0  0.00389   -0.32320   -0.31661     -2.038985 
 471   47   46  4   0  0 0.020 01.0  0.00369   -0.29391   -0.28574     -2.779763 
 472   48   47  4   0  0 0.020 01.0  0.00265   -0.13813   -0.13616     -1.426193 
 473   49   48  4   0  0 0.020 01.0  0.00224   +0.07589   +0.07364     -2.964817 
 474   50   49  4   0  0 0.020 01.0  0.00214   -0.06033   -0.06326     +4.856622 
 475   51   50  4   0  0 0.020 01.0  0.00232   +0.08770   +0.08119     -7.423033 
 476   51   10  4   0  0 0.020 01.0  0.00279   -0.15770   -0.15153     -3.912492 
 477   49   13  4   0  0 0.020 01.0  0.00417   -0.36620   -0.37252     +1.725833 
 478   52   29  4   0  0 0.020 01.0  0.00219   -0.06812   -0.06175     -9.351145 
 479   53   52  4   0  0 0.020 01.0  0.00198   -0.03738   -0.04181    +11.851257 
 480   54   53  4   0  0 0.020 01.0  0.00204   +0.04614   +0.04654     +0.866927 
 481   55   54  4   0  0 0.020 01.0  0.00224   +0.07625   +0.07462     -2.137705 
 482   43   11  4   0  0 0.020 01.0  0.00227   -0.08053   -0.07666     -4.805662 
 483   45   44  4   0  0 0.020 01.0  0.00201   +0.04210   +0.04710    +11.876485 
 484   56   40  4   0  0 0.020 01.0  0.00196   -0.03416   -0.03579     +4.771663 
 485   41   56  4   0  0 0.020 01.0  0.00177   +0.00594   +0.01031    +73.569024 
 486   42   56  4   0  0 0.020 01.0  0.00179   -0.00824   -0.01232    +49.514563 
 487   57   39  4   0  0 0.020 01.0  0.00192   -0.02856   -0.03393    +18.802521 
 488   56   57  4   0  0 0.020 01.0  0.00174   -0.00107   +0.00316   -395.327103 
 489   49   38  4   0  0 0.020 01.0  0.00250   +0.11508   +0.12154     +5.613486 
 490   48   38  4   0  0 0.020 01.0  0.00319   +0.21807   +0.21979     +0.788738 
 491   55    9  4   0  0 0.020 01.0  0.00254   -0.12125   -0.12801     +5.575258 
----------------------------------------------------------------------------------
Número de medidores SCADA:     491
Número de PMUs:                0
Número de medidas das PMUs:    0
----------------------------------------------------------------------------------

Não há medidas de ângulo.
Não há medidores desabilitados.
============================== Estado Estimado ===================================
                 Barra     Mod(pu)    Ang(graus)              
----------------------------------------------------------------------------------
                    1            1.0409              0.00        
                    2            1.0110              1.28        
                    3            1.0092              4.09        
                    4            0.9936              0.49        
                    5            0.9785             -4.20        
                    6            0.9807             -5.90        
                    7            0.9785             -6.87        
                    8            1.0054             -4.91        
                    9            0.9839             -5.82        
                   10            0.9783             -6.28        
                   11            0.9692             -5.67        
                   12            1.0155             -2.94        
                   13            0.9736             -4.31        
                   14            0.9629             -4.04        
                   15            0.9878             -1.54        
                   16            1.0146             -3.93        
                   17            1.0178             -3.08        
                   18            0.9997             -5.19        
                   19            0.9473             -8.04        
                   20            0.9328             -9.00        
                   21            0.9796             -9.18        
                   22            0.9802             -9.26        
                   23            0.9777             -9.42        
                   24            0.9577            -11.18        
                   25            0.9114            -18.52        
                   26            0.9221            -10.96        
                   27            0.9559            -10.73        
                   28            0.9769             -9.95        
                   29            0.9954             -9.38        
                   30            0.8830            -19.29        
                   31            0.8485            -20.05        
                   32            0.8769            -18.25        
                   33            0.8738            -18.30        
                   34            0.9072            -11.08        
                   35            0.9183            -10.71        
                   36            0.9332            -10.33        
                   37            0.9459            -10.04        
                   38            0.9850             -8.95        
                   39            0.9434            -10.12        
                   40            0.9298            -10.37        
                   41            0.9738            -11.13        
                   42            0.9272            -13.06        
                   43            0.9993             -7.28        
                   44            0.9941             -7.78        
                   45            1.0286             -4.41        
                   46            1.0463             -6.48        
                   47            1.0115             -8.46        
                   48            1.0039             -8.63        
                   49            1.0155             -8.84        
                   50            0.9985             -9.36        
                   51            1.0406             -7.86        
                   52            0.9536            -10.91        
                   53            0.9397            -11.47        
                   54            0.9800             -9.80        
                   55            1.0317             -7.78        
                   56            0.9253            -13.72        
                   57            0.9169            -14.48        
----------------------------------------------------------------------------------
Convergiu em:    3 iteraçoes. 
----------------------------------------------------------------------------------
--- RESIDUOS NORMALIZADOS --------------------------------------------------------
   N    D    P  TP      Real     Medido   Estimado      Med-Est        rn 
----------------------------------------------------------------------------------
 190    4   18  1    +0.1944    +0.1928    +0.2339  -4.1148e-02      0.800 
 350   18    4  1    -0.1944    -0.1982    -0.2339  +3.5708e-02      0.694 
 351   18    4  1    -0.2488    -0.2550    -0.2339  -2.1082e-02      0.384 
 191    4   18  1    +0.2488    +0.2545    +0.2339  +2.0582e-02      0.375 
  75    0   18  2    -0.3620    -0.3508    -0.3331  -1.7737e-02      0.354 
  63    0    6  2    -0.9980    -0.9756    -0.9985  +2.2876e-02      0.314 
  61    0    4  2    +0.0000    +0.0016    -0.0023  +3.8273e-03      0.246 
 175    4    5  1    +0.5439    +0.5288    +0.5455  -1.6748e-02      0.238 
 188    1   17  1    +0.5528    +0.5679    +0.5523  +1.5537e-02      0.231 
  47    0   47  6    +1.0104    +0.9956    +1.0115  -1.5907e-02      0.226 
 348   17    1  1    -0.5458    -0.5305    -0.5453  +1.4807e-02      0.220 
 172    1    2  1    -0.4644    -0.4781    -0.4649  -1.3208e-02      0.212 
  69    0   12  2    +1.4960    +1.4701    +1.4882  -1.8144e-02      0.210 
   6    0    6  6    +0.9800    +0.9662    +0.9807  -1.4548e-02      0.209 
 117    0    3  5    -0.3790    -0.3668    -0.3768  +1.0003e-02      0.204 
 214   30   31  1    +0.0449    +0.0502    +0.0423  +7.9610e-03      0.201 
   2    0    2  6    +1.0100    +1.0251    +1.0110  +1.4157e-02      0.201 
  49    0   49  6    +1.0146    +1.0014    +1.0155  -1.4088e-02      0.200 
 251    9   55  1    +0.3053    +0.2958    +0.3063  -1.0541e-02      0.196 
 391   47   46  1    -0.6365    -0.6209    -0.6350  +1.4057e-02      0.195 
 389   45   15  1    -0.5111    -0.5248    -0.5119  -1.2980e-02      0.194 
  14    0   14  6    +0.9620    +0.9761    +0.9629  +1.3292e-02      0.193 
  27    0   27  6    +0.9549    +0.9690    +0.9559  +1.3159e-02      0.193 
 334    4    3  1    -1.6948    -1.6944    -1.6742  -2.0239e-02      0.192 
 426   15    1  4    -0.5418    -0.5560    -0.5428  -1.3203e-02      0.189 
  37    0   37  6    +0.9458    +0.9332    +0.9459  -1.2742e-02      0.188 
  21    0   21  6    +0.9790    +0.9667    +0.9796  -1.2960e-02      0.187 
 336    6    4  1    -0.6857    -0.7020    -0.6875  -1.4434e-02      0.187 
  12    0   12  6    +1.0150    +1.0287    +1.0155  +1.3226e-02      0.187 
  23    0   23  6    +0.9769    +0.9650    +0.9777  -1.2711e-02      0.184 
 476   51   10  4    -0.1577    -0.1515    -0.1601  +8.5780e-03      0.183 
  13    0   13  6    +0.9728    +0.9862    +0.9736  +1.2664e-02      0.183 
 240   53   54  1    -0.1469    -0.1402    -0.1490  +8.7732e-03      0.182 
  29    0   29  6    +0.9947    +1.0080    +0.9954  +1.2602e-02      0.180 
  65    0    8  2    +1.0280    +1.0447    +1.0313  +1.3477e-02      0.179 
 213   25   30  1    +0.0950    +0.0886    +0.0960  -7.3814e-03      0.176 
 292    7   29  4    +0.2738    +0.2819    +0.2727  +9.2444e-03      0.176 
 303   36   40  4    +0.0386    +0.0333    +0.0400  -6.7028e-03      0.175 
 177    6    7  1    +0.1556    +0.1492    +0.1575  -8.2890e-03      0.175 
 318   29   52  4    +0.0762    +0.0828    +0.0756  +7.2483e-03      0.174 
  31    0   31  6    +0.8496    +0.8381    +0.8485  -1.0463e-02      0.171 
 269    3   15  4    -0.0883    -0.0948    -0.0877  -7.0985e-03      0.170 
  54    0   54  6    +0.9789    +0.9683    +0.9800  -1.1652e-02      0.169 
  18    0   18  6    +1.0004    +1.0113    +0.9997  +1.1617e-02      0.166 
  41    0   41  6    +0.9724    +0.9852    +0.9738  +1.1391e-02      0.166 
 392   48   47  1    -0.2401    -0.2330    -0.2413  +8.2491e-03      0.165 
 242   11   43  1    +0.1853    +0.1777    +0.1857  -7.9852e-03      0.164 
 126    0   12  5    +0.6682    +0.6519    +0.6615  -9.5141e-03      0.164 
 194   10   12  1    -0.4953    -0.5052    -0.4943  -1.0955e-02      0.164 
 310   14   46  4    +0.3584    +0.3666    +0.3570  +9.6219e-03      0.163 
 301   37   38  4    -0.1761    -0.1710    -0.1785  +7.4851e-03      0.162 
 412    2    1  4    -1.2804    -1.2664    -1.2811  +1.4656e-02      0.161 
  51    0   51  6    +1.0403    +1.0521    +1.0406  +1.1499e-02      0.161 
   4    0    4  6    +0.9927    +1.0048    +0.9936  +1.1235e-02      0.161 
 256    4    6  4    -0.0970    -0.1035    -0.0960  -7.4759e-03      0.161 
 471   47   46  4    -0.2939    -0.2857    -0.2946  +8.8571e-03      0.158 
 180    9   10  1    +0.0501    +0.0440    +0.0506  -6.6095e-03      0.158 
 182    9   12  1    -0.1840    -0.1917    -0.1833  -8.4113e-03      0.157 
 270    4   18  4    +0.0526    +0.0566    +0.0499  +6.6781e-03      0.156 
 120    0    6  5    +0.1785    +0.1713    +0.1770  -5.7044e-03      0.156 
 178    6    8  1    -0.1218    -0.1284    -0.1210  -7.3791e-03      0.155 
 411   55    9  1    -0.3053    -0.3145    -0.3063  -8.1888e-03      0.153 
  10    0   10  6    +0.9779    +0.9678    +0.9783  -1.0533e-02      0.152 
 454   31   30  4    -0.0325    -0.0379    -0.0318  -6.0099e-03      0.152 
 385   41   11  1    -0.1254    -0.1330    -0.1256  -7.4305e-03      0.151 
 414    4    3  4    +0.1292    +0.1311    +0.1245  +6.5454e-03      0.151 
 276   12   13  4    +0.5338    +0.5393    +0.5292  +1.0043e-02      0.150 
 401   55   54  1    +0.2153    +0.2064    +0.2141  -7.7354e-03      0.150 
  17    0   17  6    +1.0171    +1.0283    +1.0178  +1.0590e-02      0.150 
 192    5    6  1    +0.3513    +0.3611    +0.3526  +8.5245e-03      0.149 
  72    0   15  2    -0.2930    -0.3034    -0.2990  -4.3837e-03      0.149 
 475   51   50  4    +0.0877    +0.0812    +0.0878  -6.6438e-03      0.148 
 250   38   48  1    -0.2582    -0.2651    -0.2574  -7.7459e-03      0.148 
 346   15    1  1    -0.3947    -0.3912    -0.4002  +9.0011e-03      0.146 
  28    0   28  6    +0.9762    +0.9870    +0.9769  +1.0067e-02      0.145 
 357   16   12  1    -0.2132    -0.2173    -0.2105  -6.8999e-03      0.145 
 355   13   11  1    +0.2959    +0.3052    +0.2972  +7.9546e-03      0.142 
 366   25   24  1    -0.0913    -0.0973    -0.0907  -6.5881e-03      0.142 
 231   46   47  1    +0.6475    +0.6562    +0.6460  +1.0191e-02      0.141 
 198   12   17  1    +0.0132    +0.0154    +0.0101  +5.3238e-03      0.141 
 295   31   32  4    -0.0065    -0.0019    -0.0073  +5.4101e-03      0.140 
 170    0   56  5    -0.0290    -0.0311    -0.0270  -4.1377e-03      0.139 
 330   38   48  4    -0.2125    -0.2109    -0.2179  +6.9903e-03      0.138 
  19    0   19  6    +0.9491    +0.9566    +0.9473  +9.2206e-03      0.138 
 478   52   29  4    -0.0681    -0.0617    -0.0675  +5.7053e-03      0.138 
  42    0   42  6    +0.9266    +0.9363    +0.9272  +9.1106e-03      0.137 
 147    0   33  5    -0.0250    -0.0302    -0.0252  -5.0810e-03      0.137 
 132    0   18  5    -0.1300    -0.1339    -0.1393  +5.4802e-03      0.135 
  48    0   48  6    +1.0028    +0.9945    +1.0039  -9.3859e-03      0.134 
 176    4    6  1    +0.7078    +0.6995    +0.7098  -1.0288e-02      0.132 
  39    0   39  6    +0.9432    +0.9344    +0.9434  -8.9640e-03      0.132 
  56    0   56  6    +0.9247    +0.9341    +0.9253  +8.7569e-03      0.132 
  68    0   11  2    -0.0000    -0.0010    -0.0041  +3.0936e-03      0.131 
  15    0   15  6    +0.9870    +0.9970    +0.9878  +9.1595e-03      0.131 
  93    0   36  2    +0.0000    -0.0015    +0.0018  -3.3576e-03      0.131 
 255    4    5  4    -0.1322    -0.1392    -0.1329  -6.3494e-03      0.131 
 220   36   37  1    -0.2331    -0.2244    -0.2308  +6.4290e-03      0.129 
  88    0   31  2    -0.0770    -0.0721    -0.0770  +4.8353e-03      0.129 
 274   10   12  4    -0.1810    -0.1885    -0.1820  -6.5097e-03      0.129 
 467   43   41  4    +0.0675    +0.0617    +0.0672  -5.5159e-03      0.128 
 315   50   51  4    -0.0797    -0.0741    -0.0798  +5.6730e-03      0.127 
 122    0    8  5    +0.7106    +0.6927    +0.7009  -8.1476e-03      0.127 
 247   39   57  1    +0.0490    +0.0551    +0.0495  +5.5894e-03      0.127 
 232   47   48  1    +0.2415    +0.2490    +0.2427  +6.3185e-03      0.126 
 226   41   42  1    +0.1201    +0.1270    +0.1212  +5.7851e-03      0.126 
 359   15   14  1    +0.8256    +0.8135    +0.8236  -1.0161e-02      0.125 
 448   26   24  4    +0.0780    +0.0823    +0.0771  +5.1672e-03      0.125 
 199   14   15  1    -0.8129    -0.8210    -0.8110  -1.0075e-02      0.124 
 225   11   41  1    +0.1254    +0.1194    +0.1256  -6.1195e-03      0.124 
 404   56   40  1    -0.0434    -0.0493    -0.0439  -5.4166e-03      0.124 
 207   24   25  1    +0.0877    +0.0849    +0.0907  -5.7319e-03      0.124 
 373   30   25  1    -0.0929    -0.0990    -0.0939  -5.1350e-03      0.122 
  43    0   43  6    +0.9981    +0.9908    +0.9993  -8.4970e-03      0.121 
 123    0    9  5    -0.0980    -0.0965    -0.0933  -3.1985e-03      0.121 
 461   38   37  4    +0.1868    +0.1953    +0.1897  +5.5950e-03      0.121 
 275   11   13  4    +0.0254    +0.0216    +0.0263  -4.6748e-03      0.121 
 345   15   13  1    +0.5376    +0.5466    +0.5380  +8.5538e-03      0.121 
 384   38   22  1    +0.1979    +0.1913    +0.1969  -5.5833e-03      0.120 
  84    0   27  2    -0.1240    -0.1264    -0.1218  -4.6793e-03      0.120 
 209   26   27  1    -0.0660    -0.0712    -0.0661  -5.0969e-03      0.119 
  32    0   32  6    +0.8757    +0.8844    +0.8769  +7.4811e-03      0.119 
 233   48   49  1    -0.0217    -0.0164    -0.0212  +4.7719e-03      0.119 
 313   48   49  4    -0.0799    -0.0743    -0.0796  +5.3416e-03      0.118 
 167    0   53  5    -0.1330    -0.1310    -0.1359  +4.8873e-03      0.117 
 329   38   49  4    -0.1144    -0.1099    -0.1156  +5.6801e-03      0.117 
 472   48   47  4    -0.1381    -0.1362    -0.1414  +5.2392e-03      0.117 
  74    0   17  2    -0.5590    -0.5484    -0.5554  +7.0007e-03      0.117 
 238   29   52  1    +0.1917    +0.1989    +0.1933  +5.6289e-03      0.117 
 243   44   45  1    -0.4956    -0.4833    -0.4912  +7.9003e-03      0.116 
 227   41   43  1    -0.1583    -0.1529    -0.1586  +5.7066e-03      0.116 
 422   12    9  4    +0.0329    +0.0274    +0.0324  -5.0405e-03      0.116 
  35    0   35  6    +0.9185    +0.9107    +0.9183  -7.6722e-03      0.115 
 491   55    9  4    -0.1212    -0.1280    -0.1230  -4.9745e-03      0.114 
 487   57   39  4    -0.0286    -0.0339    -0.0290  -4.8870e-03      0.114 
 331    9   55  4    +0.1335    +0.1304    +0.1354  -5.0126e-03      0.114 
 263    9   13  4    +0.0863    +0.0800    +0.0853  -5.3328e-03      0.114 
 432    6    5  4    +0.2006    +0.2037    +0.1980  +5.7154e-03      0.113 
 196   12   13  1    +0.5791    +0.5714    +0.5789  -7.5271e-03      0.111 
 428   17    1  4    -0.0961    -0.0942    -0.0990  +4.8351e-03      0.111 
 450   28   27  4    +0.0928    +0.0964    +0.0916  +4.7812e-03      0.111 
 449   27   26  4    +0.0811    +0.0877    +0.0828  +4.9098e-03      0.111 
  20    0   20  6    +0.9349    +0.9255    +0.9328  -7.2546e-03      0.110 
  46    0   46  6    +1.0452    +1.0540    +1.0463  +7.7806e-03      0.109 
 489   49   38  4    +0.1151    +0.1215    +0.1163  +5.2379e-03      0.108 
 462   39   37  4    -0.0337    -0.0348    -0.0307  -4.0443e-03      0.107 
 382   39   37  1    -0.0490    -0.0465    -0.0506  +4.1393e-03      0.107 
 273    7    8  4    -0.2719    -0.2747    -0.2688  -5.8132e-03      0.106 
 423   13    9  4    -0.1206    -0.1249    -0.1197  -5.1380e-03      0.104 
 463   40   36  4    -0.0384    -0.0438    -0.0398  -3.9745e-03      0.104 
 154    0   40  5    -0.0000    -0.0052    -0.0017  -3.4477e-03      0.103 
  52    0   52  6    +0.9529    +0.9465    +0.9536  -7.0408e-03      0.103 
 407   57   39  1    -0.0490    -0.0450    -0.0495  +4.5506e-03      0.103 
 332    2    1  1    +0.4783    +0.4723    +0.4787  -6.4848e-03      0.103 
  67    0   10  2    -0.1280    -0.1234    -0.1202  -3.2012e-03      0.103 
 160    0   46  5    +0.0000    +0.0047    +0.0020  +2.6768e-03      0.102 
 464   38   22  4    +0.0336    +0.0314    +0.0351  -3.6908e-03      0.102 
 342   12    9  1    +0.1865    +0.1803    +0.1858  -5.4249e-03      0.101 
 477   49   13  4    -0.3662    -0.3725    -0.3662  -6.3504e-03      0.101 
  89    0   32  2    -0.0210    -0.0258    -0.0229  -2.9686e-03      0.101 
 386   42   41  1    -0.1162    -0.1126    -0.1173  +4.6325e-03      0.100 
 438   17   12  4    -0.0099    -0.0054    -0.0093  +3.9368e-03      0.100 
 387   43   41  1    +0.1583    +0.1635    +0.1586  +4.9134e-03      0.100 
 294   30   31  4    +0.0346    +0.0298    +0.0337  -3.9229e-03      0.100 
 307   41   43  4    -0.0553    -0.0592    -0.0550  -4.2184e-03      0.099 
 228   38   44  1    -0.3323    -0.3405    -0.3350  -5.5378e-03      0.099 
 163    0   49  5    -0.1130    -0.1066    -0.1097  +3.1114e-03      0.098 
 224   22   38  1    -0.1971    -0.2007    -0.1961  -4.5682e-03      0.098 
 223   36   40  1    +0.0435    +0.0452    +0.0414  +3.7726e-03      0.098 
 288   24   26  4    -0.0774    -0.0725    -0.0765  +4.0659e-03      0.098 
 486   42   56  4    -0.0082    -0.0123    -0.0085  -3.7788e-03      0.098 
 352    6    5  1    -0.3461    -0.3530    -0.3475  -5.5810e-03      0.098 
 121    0    7  5    +0.0000    -0.0008    +0.0015  -2.3182e-03      0.095 
 105    0   48  2    +0.0000    -0.0037    -0.0014  -2.2989e-03      0.095 
 219   35   36  1    -0.1874    -0.1934    -0.1889  -4.4589e-03      0.095 
 485   41   56  4    +0.0059    +0.0103    +0.0065  +3.8357e-03      0.094 
 245   56   41  1    -0.0759    -0.0725    -0.0768  +4.3141e-03      0.094 
 200   18   19  1    +0.0812    +0.0876    +0.0835  +4.1045e-03      0.094 
 137    0   23  5    -0.0280    -0.0302    -0.0270  -3.2195e-03      0.094 
 131    0   17  5    -0.1060    -0.1118    -0.1083  -3.4081e-03      0.092 
 291   28   29  4    -0.1238    -0.1225    -0.1265  +4.0310e-03      0.092 
  45    0   45  6    +1.0279    +1.0352    +1.0286  +6.5201e-03      0.092 
 437   16   12  4    +0.0251    +0.0235    +0.0270  -3.4586e-03      0.091 
 356   13   12  1    -0.5678    -0.5739    -0.5677  -6.1395e-03      0.091 
  57    0   57  6    +0.9175    +0.9229    +0.9169  +5.9675e-03      0.091 
 456   33   32  4    -0.0250    -0.0218    -0.0252  +3.3790e-03      0.091 
  76    0   19  2    -0.0440    -0.0445    -0.0414  -3.0430e-03      0.089 
 193    7    8  1    -0.5222    -0.5169    -0.5228  +5.8787e-03      0.088 
 164    0   50  5    -0.1400    -0.1459    -0.1423  -3.5933e-03      0.088 
 470   46   14  4    -0.3232    -0.3166    -0.3217  +5.0850e-03      0.088 
 107    0   50  2    -0.2790    -0.2897    -0.2855  -4.2095e-03      0.087 
 211   28   29  1    -0.2561    -0.2483    -0.2528  +4.4463e-03      0.087 
 483   45   44  4    +0.0421    +0.0471    +0.0435  +3.5901e-03      0.087 
  62    0    5  2    -0.1730    -0.1764    -0.1732  -3.2217e-03      0.087 
 128    0   14  5    -0.0700    -0.0726    -0.0701  -2.4645e-03      0.086 
  50    0   50  6    +0.9984    +1.0045    +0.9985  +6.0168e-03      0.086 
 239   52   53  1    +0.1205    +0.1249    +0.1211  +3.7590e-03      0.086 
 252    1    2  4    +1.1916    +1.1993    +1.1920  +7.3302e-03      0.085 
 327   39   57  4    +0.0337    +0.0307    +0.0344  -3.6660e-03      0.085 
 451   29   28  4    +0.1288    +0.1352    +0.1314  +3.7345e-03      0.085 
 104    0   47  2    -0.3950    -0.3967    -0.3923  -4.4547e-03      0.085 
 413    3    2  4    -0.2310    -0.2267    -0.2311  +4.3502e-03      0.084 
 446   25   24  4    -0.0283    -0.0321    -0.0285  -3.5560e-03      0.084 
 427   16    1  4    -0.0651    -0.0625    -0.0663  +3.7272e-03      0.084 
 339    9    8  1    -0.3753    -0.3743    -0.3789  +4.6202e-03      0.084 
 424   14   13  4    -0.2527    -0.2468    -0.2514  +4.5380e-03      0.083 
 316   10   51  4    +0.1708    +0.1776    +0.1736  +3.9321e-03      0.083 
  99    0   42  2    -0.0940    -0.0915    -0.0946  +3.0917e-03      0.083 
 376   33   32  1    -0.0510    -0.0502    -0.0470  -3.1821e-03      0.082 
 445   24   23  4    -0.0035    -0.0011    -0.0041  +3.0604e-03      0.082 
 280   18   19  4    +0.0219    +0.0252    +0.0220  +3.2559e-03      0.081 
 124    0   10  5    -0.0510    -0.0481    -0.0505  +2.3728e-03      0.081 
 419    9    8  4    -0.3745    -0.3651    -0.3697  +4.6739e-03      0.081 
 136    0   22  5    +0.0000    -0.0007    +0.0016  -2.2589e-03      0.081 
 468   44   38  4    -0.0088    -0.0131    -0.0102  -2.9267e-03      0.081 
 418    8    6  4    +0.0983    +0.1004    +0.0967  +3.7773e-03      0.080 
 444   23   22  4    -0.0272    -0.0238    -0.0268  +2.9383e-03      0.079 
  80    0   23  2    -0.0840    -0.0868    -0.0839  -2.8592e-03      0.079 
 337    7    6  1    -0.1551    -0.1607    -0.1570  -3.7281e-03      0.079 
   3    0    3  6    +1.0084    +1.0036    +1.0092  -5.5345e-03      0.078 
 261    9   11  4    +0.1562    +0.1574    +0.1536  +3.8263e-03      0.078 
 293   25   30  4    +0.0617    +0.0609    +0.0641  -3.1494e-03      0.078 
 277   12   16  4    -0.0437    -0.0426    -0.0456  +3.0608e-03      0.078 
 447   25   24  4    -0.0272    -0.0318    -0.0285  -3.2660e-03      0.077 
  59    0    2  2    -0.0400    -0.0357    -0.0338  -1.9790e-03      0.077 
 144    0   30  5    -0.0240    -0.0297    -0.0272  -2.5051e-03      0.076 
  70    0   13  2    -0.2390    -0.2458    -0.2434  -2.4228e-03      0.076 
 189    3   15  1    +1.8258    +1.8171    +1.8254  -8.3114e-03      0.075 
 429   15    3  4    +0.2080    +0.2108    +0.2070  +3.7620e-03      0.075 
 371   29   28  1    +0.2596    +0.2601    +0.2563  +3.8341e-03      0.075 
 111    0   54  2    -0.0550    -0.0493    -0.0517  +2.4300e-03      0.075 
 268    1   17  4    +0.0977    +0.1037    +0.1004  +3.2162e-03      0.074 
  53    0   53  6    +0.9392    +0.9447    +0.9397  +5.0028e-03      0.074 
 302   37   39  4    +0.0339    +0.0281    +0.0309  -2.7950e-03      0.074 
 324   40   56  4    +0.0384    +0.0413    +0.0381  +3.2068e-03      0.074 
 312   47   48  4    +0.1399    +0.1465    +0.1432  +3.3026e-03      0.074 
 161    0   47  5    -0.1540    -0.1484    -0.1514  +2.9397e-03      0.073 
 125    0   11  5    +0.0000    +0.0019    +0.0001  +1.8246e-03      0.073 
 490   48   38  4    +0.2181    +0.2198    +0.2235  -3.7080e-03      0.073 
  40    0   40  6    +0.9297    +0.9249    +0.9298  -4.8949e-03      0.073 
 265   13   15  4    +0.0075    +0.0040    +0.0069  -2.8781e-03      0.072 
 208   24   26  1    -0.0660    -0.0649    -0.0678  +2.8873e-03      0.071 
 399   53   52  1    -0.1191    -0.1166    -0.1197  +3.1095e-03      0.071 
 299   35   36  4    -0.0990    -0.1054    -0.1025  -2.9346e-03      0.070 
  78    0   21  2    -0.0000    +0.0002    +0.0025  -2.2505e-03      0.070 
 400   54   53  1    +0.1518    +0.1507    +0.1541  -3.3494e-03      0.070 
   5    0    5  6    +0.9776    +0.9834    +0.9785  +4.8520e-03      0.070 
   8    0    8  6    +1.0050    +1.0103    +1.0054  +4.9156e-03      0.070 
 308   38   44  4    +0.0135    +0.0124    +0.0150  -2.5557e-03      0.070 
 290   27   28  4    -0.0881    -0.0840    -0.0870  +2.9735e-03      0.069 
 285   23   24  4    -0.0008    +0.0024    -0.0002  +2.5822e-03      0.069 
 406   42   56  1    +0.0222    +0.0200    +0.0227  -2.7008e-03      0.069 
 118    0    4  5    +0.0000    +0.0017    +0.0000  +1.6505e-03      0.069 
 425   15   13  4    -0.0037    -0.0060    -0.0032  -2.7292e-03      0.069 
 396   51   10  1    -0.4173    -0.4287    -0.4246  -4.1103e-03      0.068 
  94    0   37  2    +0.0000    -0.0049    -0.0065  +1.6735e-03      0.068 
 215   31   32  1    -0.0335    -0.0386    -0.0359  -2.7318e-03      0.068 
 319   52   53  4    +0.0391    +0.0438    +0.0412  +2.6007e-03      0.067 
 393   49   48  1    +0.0223    +0.0244    +0.0217  +2.6781e-03      0.067 
 488   56   57  4    -0.0011    +0.0032    +0.0007  +2.4208e-03      0.067 
 465   41   11  4    -0.0480    -0.0503    -0.0474  -2.9402e-03      0.067 
  71    0   14  2    -0.1400    -0.1349    -0.1328  -2.1435e-03      0.066 
 410   48   38  1    +0.2618    +0.2575    +0.2610  -3.4799e-03      0.066 
 186    1   15  1    +0.4020    +0.4117    +0.4076  +4.1057e-03      0.066 
 210   27   28  1    -0.1921    -0.1867    -0.1899  +3.2290e-03      0.066 
  98    0   41  2    -0.0840    -0.0803    -0.0823  +2.0294e-03      0.066 
  30    0   30  6    +0.8854    +0.8789    +0.8830  -4.1312e-03      0.065 
 234   49   50  1    +0.1069    +0.1102    +0.1130  -2.8051e-03      0.065 
 286   24   25  4    +0.0413    +0.0391    +0.0419  -2.7783e-03      0.065 
 129    0   15  5    -0.0670    -0.0690    -0.0674  -1.6040e-03      0.064 
  44    0   44  6    +0.9933    +0.9897    +0.9941  -4.4361e-03      0.064 
 457   32   34  4    -0.0438    -0.0400    -0.0426  +2.6507e-03      0.063 
 204   22   23  1    +0.1997    +0.1961    +0.1991  -3.0348e-03      0.063 
 272    5    6  4    -0.2016    -0.2022    -0.1990  -3.1628e-03      0.062 
 278   12   17  4    -0.0392    -0.0372    -0.0398  +2.5889e-03      0.062 
 479   53   52  4    -0.0374    -0.0418    -0.0394  -2.3917e-03      0.062 
 162    0   48  5    +0.0000    +0.0041    +0.0025  +1.5627e-03      0.061 
  55    0   55  6    +1.0312    +1.0273    +1.0317  -4.3447e-03      0.061 
 390   46   14  1    -0.6475    -0.6539    -0.6495  -4.4263e-03      0.061 
 264   13   14  4    +0.2453    +0.2407    +0.2439  -3.2834e-03      0.061 
 317   13   49  4    +0.4298    +0.4255    +0.4295  -3.9913e-03      0.061 
 229   15   45  1    +0.5111    +0.5078    +0.5119  -4.0301e-03      0.060 
 130    0   16  5    -0.0400    -0.0373    -0.0393  +1.9986e-03      0.060 
   1    0    1  6    +1.0400    +1.0366    +1.0409  -4.2979e-03      0.060 
  26    0   26  6    +0.9215    +0.9182    +0.9221  -3.9652e-03      0.059 
 103    0   46  2    +0.0000    -0.0049    -0.0035  -1.3656e-03      0.059 
 202   21   20  1    -0.0025    -0.0013    -0.0035  +2.2184e-03      0.059 
 416    6    4  4    +0.1394    +0.1415    +0.1386  +2.8988e-03      0.059 
 110    0   53  2    -0.2660    -0.2716    -0.2687  -2.8472e-03      0.058 
 139    0   25  5    -0.0430    -0.0411    -0.0431  +1.9713e-03      0.058 
 380   37   36  1    +0.2356    +0.2304    +0.2333  -2.8663e-03      0.058 
  66    0    9  2    -0.3150    -0.3096    -0.3118  +2.2132e-03      0.058 
  16    0   16  6    +1.0140    +1.0187    +1.0146  +4.0283e-03      0.057 
 415    5    4  4    +0.1487    +0.1467    +0.1495  -2.7948e-03      0.057 
 409   49   38  1    +0.0887    +0.0854    +0.0881  -2.6095e-03      0.056 
  33    0   33  6    +0.8723    +0.8773    +0.8738  +3.5157e-03      0.056 
 135    0   21  5    +0.0000    -0.0020    -0.0002  -1.7923e-03      0.055 
 347   16    1  1    -0.3588    -0.3568    -0.3602  +3.4171e-03      0.055 
 134    0   20  5    -0.0130    -0.0120    -0.0139  +1.8223e-03      0.055 
 258    6    8  4    -0.1395    -0.1353    -0.1380  +2.7229e-03      0.054 
 403   45   44  1    +0.5111    +0.5101    +0.5064  +3.7030e-03      0.054 
  25    0   25  6    +0.9130    +0.9079    +0.9114  -3.5032e-03      0.054 
  87    0   30  2    -0.0480    -0.0534    -0.0516  -1.8340e-03      0.054 
 235   50   51  1    -0.1733    -0.1711    -0.1738  +2.6925e-03      0.054 
 206   24   25  1    +0.0913    +0.0931    +0.0907  +2.4781e-03      0.053 
 284   22   23  4    +0.0278    +0.0294    +0.0274  +1.9624e-03      0.053 
  60    0    3  2    +4.0810    +4.0453    +4.0531  -7.7873e-03      0.053 
 321   54   55  4    -0.0651    -0.0615    -0.0637  +2.2316e-03      0.052 
 335    5    4  1    -0.5242    -0.5222    -0.5258  +3.6138e-03      0.052 
 434   12   10  4    +0.1844    +0.1878    +0.1852  +2.6038e-03      0.052 
 363   22   21  1    -0.0025    -0.0077    -0.0060  -1.7988e-03      0.051 
 101    0   44  2    -0.1600    -0.1548    -0.1528  -1.9317e-03      0.051 
 205   23   24  1    +0.1152    +0.1171    +0.1148  +2.3125e-03      0.051 
 360   19   18  1    -0.0779    -0.0823    -0.0801  -2.2549e-03      0.051 
 395   51   50  1    +0.1783    +0.1815    +0.1789  +2.5529e-03      0.051 
   9    0    9  6    +0.9832    +0.9804    +0.9839  -3.5076e-03      0.050 
 197   12   16  1    +0.2140    +0.2089    +0.2112  -2.3298e-03      0.049 
 217   34   32  1    +0.1064    +0.1046    +0.1068  -2.2186e-03      0.049 
 241   54   55  1    -0.2068    -0.2083    -0.2057  -2.5306e-03      0.049 
 249   38   49  1    -0.0863    -0.0834    -0.0856  +2.2462e-03      0.049 
 195   11   13  1    -0.2938    -0.2978    -0.2951  -2.7217e-03      0.049 
 259    8    9  4    +0.3340    +0.3265    +0.3292  -2.6191e-03      0.048 
 358   17   12  1    -0.0132    -0.0119    -0.0101  -1.8067e-03      0.048 
 458   35   34  4    +0.0590    +0.0555    +0.0574  -1.8603e-03      0.047 
 113    0   56  2    -0.1010    -0.1011    -0.0995  -1.5972e-03      0.047 
 484   56   40  4    -0.0342    -0.0358    -0.0338  -1.9996e-03      0.046 
 354   12   10  1    +0.5032    +0.5053    +0.5022  +3.0938e-03      0.046 
 230   14   46  1    +0.6475    +0.6462    +0.6495  -3.3437e-03      0.046 
 443   22   21  4    +0.0045    +0.0064    +0.0081  -1.6359e-03      0.046 
 289   26   27  4    -0.0780    -0.0775    -0.0796  +2.0355e-03      0.046 
 142    0   28  5    -0.0310    -0.0364    -0.0349  -1.4677e-03      0.046 
 281   19   20  4    +0.0091    +0.0086    +0.0069  +1.7540e-03      0.046 
 377   32   34  1    -0.1064    -0.1048    -0.1068  +2.0586e-03      0.046 
 254    3    4  4    -0.0597    -0.0563    -0.0580  +1.7215e-03      0.046 
 323   44   45  4    -0.0152    -0.0190    -0.0173  -1.7743e-03      0.045 
 325   56   41  4    -0.0022    -0.0009    -0.0027  +1.8241e-03      0.045 
 469   45   15  4    -0.0421    -0.0452    -0.0435  -1.7625e-03      0.044 
 271    4   18  4    +0.0475    +0.0518    +0.0499  +1.8681e-03      0.044 
 453   30   25  4    -0.0586    -0.0591    -0.0609  +1.7678e-03      0.044 
 102    0   45  2    -0.0000    -0.0044    -0.0054  +1.0331e-03      0.044 
 221   37   38  1    -0.2847    -0.2928    -0.2905  -2.2667e-03      0.044 
 440   19   18  4    -0.0171    -0.0151    -0.0169  +1.7320e-03      0.044 
  58    0    1  2    +0.8550    +0.8637    +0.8610  +2.7314e-03      0.043 
  85    0   28  2    -0.0610    -0.0613    -0.0599  -1.3836e-03      0.043 
 368   26   24  1    +0.0660    +0.0696    +0.0678  +1.7427e-03      0.043 
 174    3    4  1    +1.7277    +1.7107    +1.7062  +4.5279e-03      0.043 
 473   49   48  4    +0.0759    +0.0736    +0.0755  -1.8878e-03      0.042 
 287   24   25  4    +0.0396    +0.0401    +0.0419  -1.7983e-03      0.042 
 133    0   19  5    -0.0080    -0.0086    -0.0100  +1.3460e-03      0.042 
 306   41   42  4    +0.0574    +0.0609    +0.0592  +1.7569e-03      0.042 
 237   13   49  1    +0.4569    +0.4534    +0.4561  -2.7402e-03      0.041 
 408   56   57  1    +0.0403    +0.0453    +0.0437  +1.5897e-03      0.041 
  34    0   34  6    +0.9073    +0.9099    +0.9072  +2.7242e-03      0.041 
  38    0   38  6    +0.9842    +0.9822    +0.9850  -2.8282e-03      0.041 
 333    3    2  1    +0.5275    +0.5188    +0.5215  -2.6937e-03      0.040 
 222   37   39  1    +0.0491    +0.0523    +0.0507  +1.5565e-03      0.040 
 157    0   43  5    -0.0130    -0.0095    -0.0107  +1.2526e-03      0.040 
 187    1   16  1    +0.3645    +0.3684    +0.3660  +2.4773e-03      0.040 
 168    0   54  5    -0.0190    -0.0153    -0.0165  +1.2691e-03      0.040 
 150    0   36  5    -0.0000    +0.0009    +0.0019  -1.0619e-03      0.040 
 431   18    4  4    -0.0208    -0.0245    -0.0261  +1.5796e-03      0.039 
 141    0   27  5    -0.0070    -0.0054    -0.0042  -1.2066e-03      0.039 
  77    0   20  2    -0.0310    -0.0360    -0.0347  -1.3262e-03      0.039 
 159    0   45  5    -0.0000    -0.0011    +0.0000  -1.1624e-03      0.039 
 297   34   32  4    +0.0603    +0.0606    +0.0590  +1.6378e-03      0.039 
 155    0   41  5    -0.0400    -0.0378    -0.0367  -1.1359e-03      0.038 
 353    8    7  1    +0.5272    +0.5252    +0.5277  -2.5241e-03      0.038 
 466   42   41  4    -0.0508    -0.0508    -0.0524  +1.5580e-03      0.037 
 149    0   35  5    -0.0400    -0.0439    -0.0451  +1.2251e-03      0.037 
 267    1   16  4    +0.0336    +0.0364    +0.0348  +1.5260e-03      0.036 
 435   13   11  4    -0.0363    -0.0386    -0.0372  -1.4398e-03      0.036 
  24    0   24  6    +0.9570    +0.9552    +0.9577  -2.4778e-03      0.036 
  83    0   26  2    -0.0000    +0.0029    +0.0018  +1.0958e-03      0.036 
 145    0   31  5    -0.0390    -0.0404    -0.0391  -1.2499e-03      0.036 
 246   56   42  1    -0.0221    -0.0212    -0.0225  +1.3656e-03      0.035 
  97    0   40  2    +0.0000    +0.0015    +0.0026  -1.1302e-03      0.034 
 148    0   34  5    +0.0000    -0.0007    +0.0004  -1.0653e-03      0.034 
 152    0   38  5    -0.0930    -0.0946    -0.0937  -9.8109e-04      0.033 
 158    0   44  5    -0.0240    -0.0263    -0.0274  +1.0990e-03      0.033 
 367   25   24  1    -0.0877    -0.0891    -0.0907  +1.5319e-03      0.033 
 236   10   51  1    +0.4173    +0.4266    +0.4246  +1.9903e-03      0.033 
 439   15   14  4    +0.2024    +0.2004    +0.2021  -1.7095e-03      0.033 
 253    2    3  4    +0.1739    +0.1748    +0.1733  +1.5215e-03      0.032 
 116    0    2  5    -1.1064    -1.1053    -1.1078  +2.4676e-03      0.032 
 108    0   51  2    -0.2390    -0.2471    -0.2457  -1.3774e-03      0.032 
 151    0   37  5    -0.0000    -0.0032    -0.0024  -8.1594e-04      0.031 
 482   43   11  4    -0.0805    -0.0767    -0.0780  +1.3085e-03      0.031 
 304   22   38  4    -0.0323    -0.0350    -0.0339  -1.1153e-03      0.031 
 119    0    5  5    -0.0529    -0.0486    -0.0495  +9.7239e-04      0.030 
 421   11    9  4    -0.1745    -0.1735    -0.1720  -1.4959e-03      0.030 
 140    0   26  5    +0.0000    -0.0034    -0.0024  -9.1732e-04      0.030 
 344   14   13  1    +0.0254    +0.0276    +0.0287  -1.1144e-03      0.029 
 185   13   15  1    -0.5297    -0.5321    -0.5301  -2.0666e-03      0.029 
 183    9   13  1    -0.1287    -0.1290    -0.1275  -1.4451e-03      0.029 
 296   32   33  4    +0.0251    +0.0242    +0.0253  -1.0829e-03      0.029 
 171    0   57  5    -0.0270    -0.0302    -0.0292  -1.0187e-03      0.029 
 283   21   22  4    -0.0045    -0.0091    -0.0080  -1.0063e-03      0.028 
 179    8    9  1    +0.3780    +0.3801    +0.3816  -1.4833e-03      0.027 
 309   15   45  4    +0.0680    +0.0706    +0.0695  +1.1053e-03      0.026 
 361   20   19  1    -0.0335    -0.0392    -0.0382  -1.0378e-03      0.026 
 394   50   49  1    -0.1057    -0.1106    -0.1117  +1.0980e-03      0.025 
 262    9   12  4    -0.0985    -0.0970    -0.0982  +1.2129e-03      0.025 
 260    9   10  4    -0.0010    -0.0006    +0.0004  -9.6613e-04      0.025 
 305   11   41  4    +0.0623    +0.0605    +0.0616  -1.1235e-03      0.025 
 216   32   33  1    +0.0512    +0.0480    +0.0471  +9.2634e-04      0.024 
 156    0   42  5    -0.0590    -0.0618    -0.0609  -8.3088e-04      0.023 
 282   21   20  4    +0.0045    +0.0087    +0.0078  +8.7403e-04      0.023 
 314   49   50  4    +0.0622    +0.0638    +0.0647  -9.1838e-04      0.022 
 341   11    9  1    -0.0169    -0.0210    -0.0202  -8.4996e-04      0.022 
 374   31   30  1    -0.0435    -0.0402    -0.0410  +8.7709e-04      0.022 
 388   44   38  1    +0.3356    +0.3371    +0.3383  -1.2120e-03      0.022 
 338    8    6  1    +0.1228    +0.1230    +0.1220  +1.0139e-03      0.021 
 383   40   36  1    -0.0434    -0.0405    -0.0413  +8.1327e-04      0.021 
 362   20   21  1    +0.0025    +0.0027    +0.0035  -7.8843e-04      0.021 
 369   27   26  1    +0.0681    +0.0690    +0.0681  +8.8162e-04      0.021 
 320   53   54  4    -0.0400    -0.0417    -0.0409  -8.0837e-04      0.020 
 326   56   42  4    +0.0085    +0.0095    +0.0088  +7.5695e-04      0.020 
 349   15    3  1    -1.7726    -1.7702    -1.7723  +2.1324e-03      0.019 
 298   34   35  4    -0.0603    -0.0578    -0.0586  +7.6697e-04      0.019 
 244   40   56  1    +0.0434    +0.0447    +0.0439  +8.3657e-04      0.019 
  90    0   33  2    -0.0510    -0.0462    -0.0470  +7.2786e-04      0.019 
  86    0   29  2    -0.2260    -0.2338    -0.2331  -7.1163e-04      0.019 
 279   14   15  4    -0.1757    -0.1766    -0.1757  -9.3442e-04      0.019 
 372   29    7  1    -0.6773    -0.6814    -0.6826  +1.2453e-03      0.018 
   7    0    7  6    +0.9779    +0.9773    +0.9785  -1.1956e-03      0.017 
 146    0   32  5    -0.0110    -0.0091    -0.0086  -5.2007e-04      0.017 
 248   57   56  1    -0.0400    -0.0440    -0.0433  -6.5845e-04      0.017 
 474   50   49  4    -0.0603    -0.0633    -0.0626  -6.8633e-04      0.017 
 417    7    6  4    -0.0019    -0.0017    -0.0023  +6.2065e-04      0.016 
 398   52   29  1    -0.1855    -0.1862    -0.1870  +7.7463e-04      0.016 
 114    0   57  2    -0.0890    -0.0922    -0.0929  +6.2211e-04      0.016 
 340   10    9  1    -0.0500    -0.0499    -0.0505  +6.6382e-04      0.016 
 203   21   22  1    +0.0025    +0.0065    +0.0060  +5.5112e-04      0.016 
 420   10    9  4    -0.0408    -0.0428    -0.0422  -6.5953e-04      0.016 
 138    0   24  5    +0.0000    +0.0043    +0.0048  -4.2062e-04      0.016 
 328   57   56  4    +0.0016    -0.0007    -0.0002  -5.5166e-04      0.015 
 397   49   13  1    -0.4569    -0.4551    -0.4561  +9.9024e-04      0.015 
 480   54   53  4    +0.0461    +0.0465    +0.0471  -6.0251e-04      0.015 
  92    0   35  2    -0.0800    -0.0808    -0.0803  -5.1246e-04      0.014 
  11    0   11  6    +0.9684    +0.9702    +0.9692  +9.9565e-04      0.014 
 402   43   11  1    -0.1853    -0.1864    -0.1857  -6.9479e-04      0.014 
 452   29    7  4    -0.2399    -0.2378    -0.2385  +6.9447e-04      0.014 
 184   13   14  1    -0.0245    -0.0283    -0.0278  -5.1081e-04      0.013 
  96    0   39  2    +0.0000    -0.0015    -0.0011  -4.4122e-04      0.013 
 375   32   31  1    +0.0343    +0.0374    +0.0369  +5.2643e-04      0.013 
  36    0   36  6    +0.9331    +0.9340    +0.9332  +8.8753e-04      0.013 
 181    9   11  1    +0.0176    +0.0214    +0.0209  +5.0016e-04      0.013 
 106    0   49  2    -0.2390    -0.2329    -0.2334  +5.0373e-04      0.013 
 430   18    4  4    -0.0311    -0.0266    -0.0261  -5.2043e-04      0.013 
 112    0   55  2    -0.0900    -0.0918    -0.0922  +4.1581e-04      0.012 
 433    8    7  4    +0.2783    +0.2757    +0.2751  +6.6421e-04      0.012 
 257    6    7  4    -0.0220    -0.0211    -0.0215  +4.7842e-04      0.012 
 201   19   20  1    +0.0339    +0.0382    +0.0386  -4.7806e-04      0.012 
  81    0   24  2    +0.0000    +0.0050    +0.0046  +3.0760e-04      0.012 
  82    0   25  2    -0.0840    -0.0886    -0.0890  +3.7399e-04      0.011 
 364   23   22  1    -0.1992    -0.1982    -0.1987  +5.1839e-04      0.011 
 379   36   35  1    +0.1897    +0.1918    +0.1912  +5.0088e-04      0.011 
 153    0   39  5    -0.0000    +0.0040    +0.0036  +3.4969e-04      0.010 
 436   13   12  4    -0.5567    -0.5518    -0.5525  +7.0715e-04      0.010 
 300   36   37  4    -0.1391    -0.1417    -0.1421  +4.4728e-04      0.010 
 311   46   47  4    +0.3232    +0.3243    +0.3237  +5.7180e-04      0.010 
  79    0   22  2    +0.0000    -0.0032    -0.0029  -2.5181e-04      0.010 
 370   28   27  1    +0.1951    +0.1933    +0.1928  +4.8011e-04      0.010 
 365   24   23  1    -0.1129    -0.1121    -0.1125  +4.2574e-04      0.009 
 441   20   19  4    -0.0085    -0.0058    -0.0061  +3.3094e-04      0.009 
  91    0   34  2    -0.0000    -0.0011    -0.0008  -2.6477e-04      0.009 
 166    0   52  5    -0.0290    -0.0265    -0.0263  -2.6398e-04      0.008 
 165    0   51  5    -0.0700    -0.0720    -0.0723  +2.7424e-04      0.008 
  22    0   22  6    +0.9794    +0.9796    +0.9802  -5.1337e-04      0.007 
 143    0   29  5    -0.0350    -0.0317    -0.0315  -2.0278e-04      0.007 
 266    1   15  4    +0.4775    +0.4783    +0.4788  -4.3469e-04      0.007 
 115    0    1  5    +1.8003    +1.8066    +1.8060  +5.8778e-04      0.006 
 322   11   43  4    +0.0868    +0.0844    +0.0842  +2.3881e-04      0.006 
 381   38   37  1    +0.2928    +0.2993    +0.2990  +2.9083e-04      0.006 
 405   41   56  1    +0.0796    +0.0809    +0.0807  +2.2817e-04      0.005 
 459   36   35  4    +0.1005    +0.1039    +0.1041  -1.8643e-04      0.004 
 109    0   52  2    -0.0650    -0.0660    -0.0659  -1.4633e-04      0.004 
  95    0   38  2    -0.1860    -0.1820    -0.1821  +1.4003e-04      0.004 
 343   13    9  1    +0.1301    +0.1287    +0.1289  -1.9022e-04      0.004 
  64    0    7  2    +0.0000    +0.0029    +0.0028  +7.5235e-05      0.004 
 100    0   43  2    -0.0270    -0.0272    -0.0270  -1.1141e-04      0.004 
 212    7   29  1    +0.6773    +0.6828    +0.6826  +2.5468e-04      0.004 
 460   37   36  4    +0.1422    +0.1451    +0.1452  -1.3600e-04      0.003 
 127    0   13  5    -0.0310    -0.0290    -0.0290  +5.6538e-05      0.003 
 173    2    3  1    -0.5183    -0.5127    -0.5125  -1.5422e-04      0.002 
 442   20   21  4    -0.0045    -0.0077    -0.0078  +8.1393e-05      0.002 
 378   35   34  1    +0.1074    +0.1087    +0.1086  +8.6472e-05      0.002 
  73    0   16  2    -0.5720    -0.5705    -0.5706  +9.7183e-05      0.002 
 455   32   31  4    +0.0077    +0.0087    +0.0087  +4.2122e-05      0.001 
 218   34   35  1    -0.1064    -0.1077    -0.1077  -4.6132e-05      0.001 
 481   55   54  4    +0.0762    +0.0746    +0.0746  -1.2130e-05      0.000 
 169    0   55  5    -0.0450    -0.0484    -0.0484  -6.5860e-06      0.000 
----------------------------------------------------------------------------------
Não foram identificados erros grosseiros.
Não foram identificadas medidas críticas.
Possíveis conjuntos críticos:
Conjunto 1: 100 64
Conjunto 2: 381 322
Conjunto 3: 91 441
Conjunto 4: 370 79
Conjunto 5: 79 311
Conjunto 6: 364 82
Conjunto 7: 257 433
Conjunto 8: 181 36 375
Conjunto 9: 36 375
Conjunto 10: 96 184
Conjunto 11: 402 11
Conjunto 12: 11 92
Conjunto 13: 92 480
Conjunto 14: 138 420 203
Conjunto 15: 420 203
Conjunto 16: 203 340
Conjunto 17: 340 114 398
Conjunto 18: 114 398
Conjunto 19: 248 146
Conjunto 20: 146 7
Conjunto 21: 279 86 90
Conjunto 22: 86 90
Conjunto 23: 244 298
Conjunto 24: 349 326
Conjunto 25: 326 320
Conjunto 26: 369 362
Conjunto 27: 383 338
Conjunto 28: 341 314
Conjunto 29: 305 260 262
Conjunto 30: 260 262
Conjunto 31: 262 394
Conjunto 32: 171 296
Conjunto 33: 296 183 185 344
Conjunto 34: 183 185 344
Conjunto 35: 185 344
Conjunto 36: 140 421
Conjunto 37: 304 482
Conjunto 38: 151 108
Conjunto 39: 108 116
Conjunto 40: 116 253
Conjunto 41: 439 236 367
Conjunto 42: 236 367 158
Conjunto 43: 367 158 152
Conjunto 44: 158 152 148
Conjunto 45: 152 148
Conjunto 46: 145 83
Conjunto 47: 83 24
Conjunto 48: 24 435 267
Conjunto 49: 435 267
Conjunto 50: 267 149
Conjunto 51: 155 297
Conjunto 52: 297 159 77 141 431
Conjunto 53: 159 77 141 431
Conjunto 54: 77 141 431
Conjunto 55: 141 431
Conjunto 56: 150 168 187 157
Conjunto 57: 168 187 157 222 333
Conjunto 58: 187 157 222 333
Conjunto 59: 157 222 333
Conjunto 60: 222 333
Conjunto 61: 38 34 408
Conjunto 62: 34 408 237
Conjunto 63: 408 237
Conjunto 64: 306 133 287 473
Conjunto 65: 133 287 473
Conjunto 66: 287 473
Conjunto 67: 174 368
Conjunto 68: 368 85 58
Conjunto 69: 85 58 440 221 102 453
Conjunto 70: 58 440 221 102 453
Conjunto 71: 440 221 102 453 271
Conjunto 72: 221 102 453 271
Conjunto 73: 102 453 271
Conjunto 74: 453 271
Conjunto 75: 271 469
Conjunto 76: 325 323 254
Conjunto 77: 323 254 377 281 142
Conjunto 78: 254 377 281 142 289
Conjunto 79: 377 281 142 289 443 230
Conjunto 80: 281 142 289 443 230 354
Conjunto 81: 142 289 443 230 354 484
Conjunto 82: 289 443 230 354 484
Conjunto 83: 443 230 354 484
Conjunto 84: 230 354 484
Conjunto 85: 354 484
Conjunto 86: 113 458
Conjunto 87: 358 259
Conjunto 88: 195 249 241
Conjunto 89: 249 241
Conjunto 90: 241 217 197
Conjunto 91: 217 197
Conjunto 92: 9 395
Conjunto 93: 395 360 205 101 363
Conjunto 94: 360 205 101 363
Conjunto 95: 205 101 363
Conjunto 96: 101 363 434
Conjunto 97: 363 434
Conjunto 98: 434 335
Conjunto 99: 321 60
Conjunto 100: 60 284
Conjunto 101: 284 206
Conjunto 102: 206 235
Conjunto 103: 235 87 25
Conjunto 104: 87 25 403 258
Conjunto 105: 25 403 258
Conjunto 106: 403 258
Conjunto 107: 258 134
Conjunto 108: 134 347 135
Conjunto 109: 347 135
Conjunto 110: 33 409 415
Conjunto 111: 409 415
Conjunto 112: 415 16
Conjunto 113: 66 380
Conjunto 114: 380 139
Conjunto 115: 139 110 416 202
Conjunto 116: 110 416 202 103
Conjunto 117: 416 202 103 26
Conjunto 118: 202 103 26
Conjunto 119: 103 26
Conjunto 120: 1 130 229
Conjunto 121: 130 229
Conjunto 122: 317 264 390 55 162
Conjunto 123: 264 390 55 162
Conjunto 124: 390 55 162
Conjunto 125: 55 162 479
Conjunto 126: 162 479 278
Conjunto 127: 479 278 272
Conjunto 128: 278 272
Conjunto 129: 204 457 44 129
Conjunto 130: 457 44 129
Conjunto 131: 44 129
Conjunto 132: 286 234
Conjunto 133: 234 30
Conjunto 134: 98 210 186 410 71 465 488 393
Conjunto 135: 210 186 410 71 465 488 393
Conjunto 136: 186 410 71 465 488 393
Conjunto 137: 410 71 465 488 393
Conjunto 138: 71 465 488 393 319
Conjunto 139: 465 488 393 319
Conjunto 140: 488 393 319
Conjunto 141: 393 319
Conjunto 142: 215 94 396
Conjunto 143: 94 396 425
Conjunto 144: 396 425 118 406
Conjunto 145: 425 118 406 285
Conjunto 146: 118 406 285 290
Conjunto 147: 406 285 290 308
Conjunto 148: 285 290 308 8
Conjunto 149: 290 308 8 5 400 78
Conjunto 150: 308 8 5 400 78 299
Conjunto 151: 8 5 400 78 299
Conjunto 152: 5 400 78 299
Conjunto 153: 400 78 299
Conjunto 154: 78 299
Conjunto 155: 299 399
Conjunto 156: 399 208
Conjunto 157: 208 265
Conjunto 158: 40 490 125 161
Conjunto 159: 490 125 161 312
Conjunto 160: 125 161 312 324
Conjunto 161: 161 312 324 302
Conjunto 162: 312 324 302 53 268
Conjunto 163: 324 302 53 268
Conjunto 164: 302 53 268
Conjunto 165: 53 268
Conjunto 166: 268 111
Conjunto 167: 111 371 429 189
Conjunto 168: 371 429 189
Conjunto 169: 429 189 70
Conjunto 170: 189 70
Conjunto 171: 70 144 59
Conjunto 172: 144 59
Conjunto 173: 59 447
Conjunto 174: 447 277
Conjunto 175: 277 293
Conjunto 176: 293 261 3 337 80
Conjunto 177: 261 3 337 80
Conjunto 178: 3 337 80
Conjunto 179: 337 80 444
Conjunto 180: 80 444
Conjunto 181: 444 418
Conjunto 182: 418 468
Conjunto 183: 468 136 419 124
Conjunto 184: 136 419 124 280 445
Conjunto 185: 419 124 280 445
Conjunto 186: 124 280 445 376
Conjunto 187: 280 445 376
Conjunto 188: 445 376
Conjunto 189: 376 99
Conjunto 190: 99 316 424
Conjunto 191: 316 424 339
Conjunto 192: 424 339 427 446 413
Conjunto 193: 339 427 446 413
Conjunto 194: 427 446 413 104
Conjunto 195: 446 413 104
Conjunto 196: 413 104 451
Conjunto 197: 104 451 327 252
Conjunto 198: 451 327 252
Conjunto 199: 327 252 239 50
Conjunto 200: 252 239 50
Conjunto 201: 239 50 128
Conjunto 202: 50 128 62
Conjunto 203: 128 62 483 211
Conjunto 204: 62 483 211 107
Conjunto 205: 483 211 107
Conjunto 206: 211 107
Conjunto 207: 470 164 193
Conjunto 208: 164 193
Conjunto 209: 456 57 356 437 45
Conjunto 210: 57 356 437 45 291
Conjunto 211: 356 437 45 291
Conjunto 212: 437 45 291
Conjunto 213: 45 291 131
Conjunto 214: 291 131
Conjunto 215: 137 200 245 485 219
Conjunto 216: 200 245 485 219
Conjunto 217: 245 485 219
Conjunto 218: 485 219 105
Conjunto 219: 219 105 121
Conjunto 220: 105 121
Conjunto 221: 352 486 288 223 224 163
Conjunto 222: 486 288 223 224 163
Conjunto 223: 288 223 224 163
Conjunto 224: 223 224 163 228 307
Conjunto 225: 224 163 228 307
Conjunto 226: 163 228 307
Conjunto 227: 228 307 294 387
Conjunto 228: 307 294 387 438
Conjunto 229: 294 387 438 386
Conjunto 230: 387 438 386 89
Conjunto 231: 438 386 89
Conjunto 232: 386 89 477 342
Conjunto 233: 89 477 342 464
Conjunto 234: 477 342 464 160
Conjunto 235: 342 464 160
Conjunto 236: 464 160
Conjunto 237: 160 67
Conjunto 238: 67 332 407 52 154
Conjunto 239: 332 407 52 154 463
Conjunto 240: 407 52 154 463
Conjunto 241: 52 154 463 423
Conjunto 242: 154 463 423
Conjunto 243: 463 423
Conjunto 244: 273 382 462
Conjunto 245: 382 462
Conjunto 246: 489 46
Conjunto 247: 46 20
Conjunto 248: 449 450 428 196
Conjunto 249: 450 428 196
Conjunto 250: 428 196
Conjunto 251: 432 263 331
Conjunto 252: 263 331 487 491 35
Conjunto 253: 331 487 491 35
Conjunto 254: 487 491 35
Conjunto 255: 491 35
Conjunto 256: 35 422
Conjunto 257: 422 227 243 238 74
Conjunto 258: 227 243 238 74 472
Conjunto 259: 243 238 74 472 329 167
Conjunto 260: 238 74 472 329 167
Conjunto 261: 74 472 329 167
Conjunto 262: 472 329 167
Conjunto 263: 329 167
Conjunto 264: 313 233 32 209
Conjunto 265: 233 32 209 84
Conjunto 266: 32 209 84 384
Conjunto 267: 209 84 384
Conjunto 268: 84 384 345 275
Conjunto 269: 384 345 275 461 123
Conjunto 270: 345 275 461 123 43 373
Conjunto 271: 275 461 123 43 373
Conjunto 272: 461 123 43 373
Conjunto 273: 123 43 373
Conjunto 274: 43 373
Conjunto 275: 207 404 225 199 448 359
Conjunto 276: 404 225 199 448 359
Conjunto 277: 225 199 448 359
Conjunto 278: 199 448 359
Conjunto 279: 448 359 226
Conjunto 280: 359 226 232
Conjunto 281: 226 232 247
Conjunto 282: 232 247 122 315
Conjunto 283: 247 122 315 467
Conjunto 284: 122 315 467
Conjunto 285: 315 467
Conjunto 286: 467 274
Conjunto 287: 274 88 220
Conjunto 288: 88 220
Conjunto 289: 220 255
Conjunto 290: 255 93 15 68
Conjunto 291: 93 15 68 56 39 176
Conjunto 292: 15 68 56 39 176
Conjunto 293: 68 56 39 176
Conjunto 294: 56 39 176
Conjunto 295: 39 176
Conjunto 296: 132 147
Conjunto 297: 147 42 478
Conjunto 298: 42 478 19 330
Conjunto 299: 478 19 330
Conjunto 300: 19 330 170
Conjunto 301: 330 170
Conjunto 302: 170 295 198
Conjunto 303: 295 198 231
Conjunto 304: 198 231 366 355
Conjunto 305: 231 366 355
Conjunto 306: 366 355
Conjunto 307: 357 28 346
Conjunto 308: 28 346
Conjunto 309: 250 475 72
Conjunto 310: 475 72 192
Conjunto 311: 72 192 17 401 276
Conjunto 312: 192 17 401 276
Conjunto 313: 17 401 276 414 385
Conjunto 314: 401 276 414 385
Conjunto 315: 276 414 385
Conjunto 316: 414 385 454 10
Conjunto 317: 385 454 10
Conjunto 318: 454 10 411
Conjunto 319: 10 411
Conjunto 320: 178 120 270
Conjunto 321: 120 270 182
Conjunto 322: 270 182
Conjunto 323: 182 180 471
Conjunto 324: 180 471
Conjunto 325: 256 4 51 412
Conjunto 326: 4 51 412
Conjunto 327: 51 412 301
Conjunto 328: 412 301 310
Conjunto 329: 301 310 194 126
Conjunto 330: 310 194 126 242
Conjunto 331: 194 126 242 392
Conjunto 332: 126 242 392
Conjunto 333: 242 392
Conjunto 334: 392 41 18
Conjunto 335: 41 18
Conjunto 336: 54 269
Conjunto 337: 269 31
Conjunto 338: 318 177 303
Conjunto 339: 177 303 292 213
Conjunto 340: 303 292 213
Conjunto 341: 292 213
Conjunto 342: 65 29
Conjunto 343: 240 13 476 23
Conjunto 344: 13 476 23
Conjunto 345: 476 23
Conjunto 346: 12 336 21 37
Conjunto 347: 336 21 37
Conjunto 348: 21 37
Conjunto 349: 37 426
Conjunto 350: 334 27 14 389
Conjunto 351: 27 14 389
Conjunto 352: 14 389 391
Conjunto 353: 389 391
Conjunto 354: 391 251
Conjunto 355: 49 2 214
Conjunto 356: 2 214
Conjunto 357: 6 69
Conjunto 358: 69 172
