================================================================================= 
=== UFF - Doutorado em Computação - Aplicaçoes em Sistemas de Potencia        === 
=== ESTIMADOR DE ESTADO MÍNIMOS QUADRADOS PONDERADOS INCLUINDO MEDIDAS DE PMU === 
=== Desenvolvido por: Rui Menezes de Moraes - 2009                            === 
================================================================================= 
Arquivo de medidores:          F:\Documents\Uff\Artigos\SimSEP\VERSAO WELDAN V2\Codigos\Med\ieee57_2_0200.med
Arquivo do sistema:            F:\Documents\Uff\Artigos\SimSEP\VERSAO WELDAN V2\Codigos\Carga\ieee57_2_0200.txt
Tolerância entre iteraçoes:     1.00e-04
Limite de iteraçoes:           100

--- DADOS DA REDE --------------------------------------------------------------- 
Data do caso:                  08/25/93
Origem:                        UW ARCHIVE          
MVA base:                      100
Ano:                           1961
Estação:                       W
Identificação:                 IEEE 57 Bus Test Case
Número de barras:              57 
Número de ramos:               80 
Referência na barra:           1

--- TELEMEDIDAS ------------------------------------------------------------------
    Tipo 1 = Fluxo de potencia ativa        Tipo  6 = Módulo da tensão            
    Tipo 2 = Injeção de potencia ativa      Tipo  7 = Corrente de ramo (real)     
    Tipo 3 = Ângulo de fase da tensão       Tipo  8 = Corrente de ramo (imag)     
    Tipo 4 = Fluxo de potencia reativa      Tipo  9 = Injeção de corrente (real)  
    Tipo 5 = Injeção de potencia reativa    Tipo 10 = Injeção de corrente (imag)  
----------------------------------------------------------------------------------
   N    D    P TP  PN ST   Exa   FS       DP      V_Ref      V_Med          E(%) 
----------------------------------------------------------------------------------
   1    0    1  6   0  0 0.015 01.1  0.00520   +1.04000   +1.05399     +1.345192 
   2    0    2  6   0  0 0.015 01.1  0.00513   +1.02629   +1.02680     +0.049694 
   3    0    3  6   0  0 0.015 01.1  0.00508   +1.01537   +1.02928     +1.369944 
   4    0    4  6   0  0 0.015 01.1  0.00506   +1.01254   +1.00562     -0.683430 
   5    0    5  6   0  0 0.015 01.1  0.00505   +1.01000   +1.01082     +0.081188 
   6    0    6  6   0  0 0.015 01.1  0.00505   +1.01067   +1.02314     +1.233835 
   7    0    7  6   0  0 0.015 01.1  0.00505   +1.01006   +1.00141     -0.856385 
   8    0    8  6   0  0 0.015 01.1  0.00502   +1.00500   +1.01485     +0.980100 
   9    0    9  6   0  0 0.015 01.1  0.00502   +1.00452   +0.99362     -1.085095 
  10    0   10  6   0  0 0.015 01.1  0.00504   +1.00867   +1.00678     -0.187375 
  11    0   11  6   0  0 0.015 01.1  0.00502   +1.00508   +1.01640     +1.126279 
  12    0   12  6   0  0 0.015 01.1  0.00507   +1.01500   +1.02122     +0.612808 
  13    0   13  6   0  0 0.015 01.1  0.00503   +1.00538   +1.00529     -0.008952 
  14    0   14  6   0  0 0.015 01.1  0.00502   +1.00403   +1.00734     +0.329671 
  15    0   15  6   0  0 0.015 01.1  0.00506   +1.01165   +0.99883     -1.267237 
  16    0   16  6   0  0 0.015 01.1  0.00509   +1.01881   +1.01091     -0.775414 
  17    0   17  6   0  0 0.015 01.1  0.00513   +1.02642   +1.01182     -1.422420 
  18    0   18  6   0  0 0.015 01.1  0.00530   +1.05947   +1.07049     +1.040143 
  19    0   19  6   0  0 0.015 01.1  0.00526   +1.05121   +1.03591     -1.455466 
  20    0   20  6   0  0 0.015 01.1  0.00524   +1.04779   +1.04937     +0.150794 
  21    0   21  6   0  0 0.015 01.1  0.00544   +1.08773   +1.07532     -1.140908 
  22    0   22  6   0  0 0.015 01.1  0.00544   +1.08716   +1.09003     +0.263991 
  23    0   23  6   0  0 0.015 01.1  0.00544   +1.08752   +1.09151     +0.366890 
  24    0   24  6   0  0 0.015 01.1  0.00548   +1.09571   +1.10383     +0.741072 
  25    0   25  6   0  0 0.015 01.1  0.00564   +1.12863   +1.12220     -0.569717 
  26    0   26  6   0  0 0.015 01.1  0.00522   +1.04447   +1.05752     +1.249438 
  27    0   27  6   0  0 0.015 01.1  0.00524   +1.04775   +1.05662     +0.846576 
  28    0   28  6   0  0 0.015 01.1  0.00526   +1.05111   +1.03853     -1.196830 
  29    0   29  6   0  0 0.015 01.1  0.00527   +1.05481   +1.04788     -0.656990 
  30    0   30  6   0  0 0.015 01.1  0.00562   +1.12351   +1.13725     +1.222953 
  31    0   31  6   0  0 0.015 01.1  0.00557   +1.11391   +1.10092     -1.166162 
  32    0   32  6   0  0 0.015 01.1  0.00553   +1.10553   +1.11514     +0.869266 
  33    0   33  6   0  0 0.015 01.1  0.00553   +1.10525   +1.09207     -1.192490 
  34    0   34  6   0  0 0.015 01.1  0.00540   +1.07992   +1.08860     +0.803763 
  35    0   35  6   0  0 0.015 01.1  0.00540   +1.07954   +1.08479     +0.486318 
  36    0   36  6   0  0 0.015 01.1  0.00540   +1.07960   +1.08845     +0.819748 
  37    0   37  6   0  0 0.015 01.1  0.00541   +1.08093   +1.09494     +1.296106 
  38    0   38  6   0  0 0.015 01.1  0.00543   +1.08633   +1.07580     -0.969319 
  39    0   39  6   0  0 0.015 01.1  0.00540   +1.08031   +1.06477     -1.438476 
  40    0   40  6   0  0 0.015 01.1  0.00539   +1.07784   +1.08863     +1.001076 
  41    0   41  6   0  0 0.015 01.1  0.00533   +1.06593   +1.06507     -0.080681 
  42    0   42  6   0  0 0.015 01.1  0.00534   +1.06712   +1.05460     -1.173251 
  43    0   43  6   0  0 0.015 01.1  0.00527   +1.05355   +1.04056     -1.232974 
  44    0   44  6   0  0 0.015 01.1  0.00539   +1.07845   +1.06600     -1.154435 
  45    0   45  6   0  0 0.015 01.1  0.00531   +1.06275   +1.05216     -0.996471 
  46    0   46  6   0  0 0.015 01.1  0.00553   +1.10503   +1.12069     +1.417156 
  47    0   47  6   0  0 0.015 01.1  0.00548   +1.09538   +1.08835     -0.641786 
  48    0   48  6   0  0 0.015 01.1  0.00547   +1.09320   +1.09645     +0.297292 
  49    0   49  6   0  0 0.015 01.1  0.00549   +1.09835   +1.10996     +1.057040 
  50    0   50  6   0  0 0.015 01.1  0.00546   +1.09218   +1.08382     -0.765442 
  51    0   51  6   0  0 0.015 01.1  0.00544   +1.08880   +1.09622     +0.681484 
  52    0   52  6   0  0 0.015 01.1  0.00530   +1.05976   +1.05661     -0.297237 
  53    0   53  6   0  0 0.015 01.1  0.00532   +1.06327   +1.05723     -0.568059 
  54    0   54  6   0  0 0.015 01.1  0.00532   +1.06377   +1.06868     +0.461566 
  55    0   55  6   0  0 0.015 01.1  0.00533   +1.06588   +1.06242     -0.324614 
  56    0   56  6   0  0 0.015 01.1  0.00536   +1.07236   +1.06012     -1.141408 
  57    0   57  6   0  0 0.015 01.1  0.00537   +1.07417   +1.08959     +1.435527 
  58    0    1  2   0  0 0.020 01.0  0.02912   -4.10812   -4.10493     -0.077651 
  59    0    2  2   0  0 0.020 01.0  0.00176   -0.00400   -0.00392     -2.000000 
  60    0    3  2   0  0 0.020 01.0  0.00438   +0.39700   +0.39240     -1.158690 
  61    0    4  2   0  0 0.020 01.0  0.00173   +0.00000   -0.00315     +0.000000 
  62    0    5  2   0  0 0.020 01.0  0.00185   -0.01800   -0.01396    -22.444444 
  63    0    6  2   0  0 0.020 01.0  0.00243   -0.10500   -0.10839     +3.228571 
  64    0    7  2   0  0 0.020 01.0  0.00173   +0.00000   +0.00040     +0.000000 
  65    0    8  2   0  0 0.020 01.0  0.03033   +4.29000   +4.29937     +0.218415 
  66    0    9  2   0  0 0.020 01.0  0.00230   -0.08500   -0.07861     -7.517647 
  67    0   10  2   0  0 0.020 01.0  0.00253   -0.11900   -0.12249     +2.932773 
  68    0   11  2   0  0 0.020 01.0  0.00173   +0.00000   -0.00244     +0.000000 
  69    0   12  2   0  0 0.020 01.0  0.00728   +0.83200   +0.82370     -0.997596 
  70    0   13  2   0  0 0.020 01.0  0.00190   -0.02500   -0.02434     -2.640000 
  71    0   14  2   0  0 0.020 01.0  0.00183   -0.01500   -0.01634     +8.933333 
  72    0   15  2   0  0 0.020 01.0  0.00194   -0.03099   -0.03395     +9.551468 
  73    0   16  2   0  0 0.020 01.0  0.00213   -0.06000   -0.05774     -3.766667 
  74    0   17  2   0  0 0.020 01.0  0.00213   -0.05900   -0.06205     +5.169492 
  75    0   18  2   0  0 0.020 01.0  0.00199   -0.03800   -0.03250    -14.473684 
  76    0   19  2   0  0 0.020 01.0  0.00177   -0.00500   -0.00503     +0.600000 
  77    0   20  2   0  0 0.020 01.0  0.00175   -0.00300   -0.00376    +25.333333 
  78    0   21  2   0  0 0.020 01.0  0.00173   -0.00000   +0.00070     +0.000000 
  79    0   22  2   0  0 0.020 01.0  0.00173   +0.00000   +0.00118     +0.000000 
  80    0   23  2   0  0 0.020 01.0  0.00179   -0.00900   -0.00570    -36.666667 
  81    0   24  2   0  0 0.020 01.0  0.00173   +0.00000   +0.00396     +0.000000 
  82    0   25  2   0  0 0.020 01.0  0.00179   -0.00900   -0.01266    +40.666667 
  83    0   26  2   0  0 0.020 01.0  0.00173   -0.00000   -0.00427     +0.000000 
  84    0   27  2   0  0 0.020 01.0  0.00182   -0.01300   -0.01504    +15.692308 
  85    0   28  2   0  0 0.020 01.0  0.00177   -0.00600   -0.00486    -19.000000 
  86    0   29  2   0  0 0.020 01.0  0.00189   -0.02400   -0.02538     +5.750000 
  87    0   30  2   0  0 0.020 01.0  0.00177   -0.00500   -0.00049    -90.200000 
  88    0   31  2   0  0 0.020 01.0  0.00179   -0.00800   -0.01275    +59.375000 
  89    0   32  2   0  0 0.020 01.0  0.00175   -0.00200   +0.00318   -259.000000 
  90    0   33  2   0  0 0.020 01.0  0.00177   -0.00500   -0.00323    -35.400000 
  91    0   34  2   0  0 0.020 01.0  0.00173   +0.00000   +0.00122     +0.000000 
  92    0   35  2   0  0 0.020 01.0  0.00179   -0.00800   -0.01177    +47.125000 
  93    0   36  2   0  0 0.020 01.0  0.00173   -0.00000   -0.00490     +0.000000 
  94    0   37  2   0  0 0.020 01.0  0.00173   +0.00000   +0.00075     +0.000000 
  95    0   38  2   0  0 0.020 01.0  0.00187   -0.02000   -0.02526    +26.300000 
  96    0   39  2   0  0 0.020 01.0  0.00173   -0.00000   +0.00220     +0.000000 
  97    0   40  2   0  0 0.020 01.0  0.00173   -0.00000   -0.00297     +0.000000 
  98    0   41  2   0  0 0.020 01.0  0.00179   -0.00900   -0.01163    +29.222222 
  99    0   42  2   0  0 0.020 01.0  0.00180   -0.01000   -0.00505    -49.500000 
 100    0   43  2   0  0 0.020 01.0  0.00175   -0.00300   -0.00635   +111.666667 
 101    0   44  2   0  0 0.020 01.0  0.00185   -0.01700   -0.01369    -19.470588 
 102    0   45  2   0  0 0.020 01.0  0.00173   -0.00000   -0.00478     +0.000000 
 103    0   46  2   0  0 0.020 01.0  0.00173   +0.00000   -0.00198     +0.000000 
 104    0   47  2   0  0 0.020 01.0  0.00201   -0.04200   -0.03636    -13.428571 
 105    0   48  2   0  0 0.020 01.0  0.00173   +0.00000   -0.00242     +0.000000 
 106    0   49  2   0  0 0.020 01.0  0.00190   -0.02500   -0.02931    +17.240000 
 107    0   50  2   0  0 0.020 01.0  0.00193   -0.02900   -0.02776     -4.275862 
 108    0   51  2   0  0 0.020 01.0  0.00190   -0.02500   -0.02334     -6.640000 
 109    0   52  2   0  0 0.020 01.0  0.00178   -0.00700   -0.00300    -57.142857 
 110    0   53  2   0  0 0.020 01.0  0.00192   -0.02800   -0.02342    -16.357143 
 111    0   54  2   0  0 0.020 01.0  0.00177   -0.00600   -0.01075    +79.166667 
 112    0   55  2   0  0 0.020 01.0  0.00180   -0.01000   -0.00720    -28.000000 
 113    0   56  2   0  0 0.020 01.0  0.00181   -0.01100   -0.00711    -35.363636 
 114    0   57  2   0  0 0.020 01.0  0.00179   -0.00900   -0.00920     +2.222222 
 115    0    1  5   0  0 0.020 01.0  0.01572   +2.09809   +2.05801     -1.910309 
 116    0    2  5   0  0 0.020 01.0  0.00369   -0.29300   -0.30205     +3.088737 
 117    0    3  5   0  0 0.020 01.0  0.00259   -0.12899   -0.13365     +3.612683 
 118    0    4  5   0  0 0.020 01.0  0.00173   -0.00000   +0.00289     +0.000000 
 119    0    5  5   0  0 0.020 01.0  0.00177   -0.00600   -0.00699    +16.500000 
 120    0    6  5   0  0 0.020 01.0  0.00229   -0.08299   -0.07850     -5.410290 
 121    0    7  5   0  0 0.020 01.0  0.00173   +0.00000   -0.00366     +0.000000 
 122    0    8  5   0  0 0.020 01.0  0.00663   -0.73471   -0.72544     -1.261722 
 123    0    9  5   0  0 0.020 01.0  0.00205   -0.04798   -0.05230     +9.003752 
 124    0   10  5   0  0 0.020 01.0  0.00205   -0.04800   -0.04383     -8.687500 
 125    0   11  5   0  0 0.020 01.0  0.00173   -0.00000   +0.00047     +0.000000 
 126    0   12  5   0  0 0.020 01.0  0.00210   -0.05473   -0.04893    -10.597479 
 127    0   13  5   0  0 0.020 01.0  0.00175   -0.00300   -0.00747   +149.000000 
 128    0   14  5   0  0 0.020 01.0  0.00178   -0.00700   -0.00237    -66.142857 
 129    0   15  5   0  0 0.020 01.0  0.00178   -0.00700   -0.00850    +21.428571 
 130    0   16  5   0  0 0.020 01.0  0.00176   -0.00400   -0.00857   +114.250000 
 131    0   17  5   0  0 0.020 01.0  0.00181   -0.01100   -0.00595    -45.909091 
 132    0   18  5   0  0 0.020 01.0  0.00183   -0.01400   -0.01236    -11.714286 
 133    0   19  5   0  0 0.020 01.0  0.00174   -0.00100   -0.00183    +83.000000 
 134    0   20  5   0  0 0.020 01.0  0.00174   -0.00100   +0.00001   -101.000000 
 135    0   21  5   0  0 0.020 01.0  0.00173   +0.00000   -0.00159     +0.000000 
 136    0   22  5   0  0 0.020 01.0  0.00173   +0.00000   -0.00294     +0.000000 
 137    0   23  5   0  0 0.020 01.0  0.00175   -0.00300   -0.00786   +162.000000 
 138    0   24  5   0  0 0.020 01.0  0.00173   +0.00000   -0.00360     +0.000000 
 139    0   25  5   0  0 0.020 01.0  0.00176   -0.00400   -0.00534    +33.500000 
 140    0   26  5   0  0 0.020 01.0  0.00173   -0.00000   +0.00392     +0.000000 
 141    0   27  5   0  0 0.020 01.0  0.00174   -0.00100   -0.00161    +61.000000 
 142    0   28  5   0  0 0.020 01.0  0.00175   -0.00300   -0.00155    -48.333333 
 143    0   29  5   0  0 0.020 01.0  0.00176   -0.00400   -0.00518    +29.500000 
 144    0   30  5   0  0 0.020 01.0  0.00175   -0.00300   +0.00055   -118.333333 
 145    0   31  5   0  0 0.020 01.0  0.00176   -0.00400   -0.00119    -70.250000 
 146    0   32  5   0  0 0.020 01.0  0.00174   -0.00100   -0.00491   +391.000000 
 147    0   33  5   0  0 0.020 01.0  0.00175   -0.00300   -0.00729   +143.000000 
 148    0   34  5   0  0 0.020 01.0  0.00173   +0.00000   +0.00167     +0.000000 
 149    0   35  5   0  0 0.020 01.0  0.00176   -0.00400   -0.00529    +32.250000 
 150    0   36  5   0  0 0.020 01.0  0.00173   +0.00000   -0.00408     +0.000000 
 151    0   37  5   0  0 0.020 01.0  0.00173   -0.00000   +0.00129     +0.000000 
 152    0   38  5   0  0 0.020 01.0  0.00180   -0.01000   -0.00869    -13.100000 
 153    0   39  5   0  0 0.020 01.0  0.00173   +0.00000   +0.00428     +0.000000 
 154    0   40  5   0  0 0.020 01.0  0.00173   +0.00000   +0.00110     +0.000000 
 155    0   41  5   0  0 0.020 01.0  0.00176   -0.00400   -0.00415     +3.750000 
 156    0   42  5   0  0 0.020 01.0  0.00177   -0.00600   -0.00518    -13.666667 
 157    0   43  5   0  0 0.020 01.0  0.00174   -0.00100   +0.00403   -503.000000 
 158    0   44  5   0  0 0.020 01.0  0.00175   -0.00300   -0.00280     -6.666667 
 159    0   45  5   0  0 0.020 01.0  0.00173   +0.00000   -0.00157     +0.000000 
 160    0   46  5   0  0 0.020 01.0  0.00173   -0.00000   +0.00502     +0.000000 
 161    0   47  5   0  0 0.020 01.0  0.00184   -0.01600   -0.01057    -33.937500 
 162    0   48  5   0  0 0.020 01.0  0.00173   +0.00000   +0.00412     +0.000000 
 163    0   49  5   0  0 0.020 01.0  0.00181   -0.01200   -0.00937    -21.916667 
 164    0   50  5   0  0 0.020 01.0  0.00183   -0.01500   -0.01319    -12.066667 
 165    0   51  5   0  0 0.020 01.0  0.00178   -0.00700   -0.00451    -35.571429 
 166    0   52  5   0  0 0.020 01.0  0.00175   -0.00300   -0.00367    +22.333333 
 167    0   53  5   0  0 0.020 01.0  0.00183   -0.01400   -0.01510     +7.857143 
 168    0   54  5   0  0 0.020 01.0  0.00175   -0.00200   -0.00496   +148.000000 
 169    0   55  5   0  0 0.020 01.0  0.00177   -0.00500   -0.00095    -81.000000 
 170    0   56  5   0  0 0.020 01.0  0.00175   -0.00300   +0.00165   -155.000000 
 171    0   57  5   0  0 0.020 01.0  0.00175   -0.00300   +0.00172   -157.333333 
 172    1    2  1   0  0 0.020 01.0  0.00993   -1.22985   -1.25331     +1.907550 
 173    2    3  1   0  0 0.020 01.0  0.01008   -1.25172   -1.27844     +2.134663 
 174    3    4  1   0  0 0.020 01.0  0.00941   -1.15141   -1.17039     +1.648414 
 175    4    5  1   0  0 0.020 01.0  0.00492   -0.47846   -0.47765     -0.169293 
 176    4    6  1   0  0 0.020 01.0  0.00662   -0.73372   -0.75082     +2.330589 
 177    6    7  1   0  0 0.020 01.0  0.00593   -0.63016   -0.64760     +2.767551 
 178    6    8  1   0  0 0.020 01.0  0.00679   -0.75875   -0.77539     +2.193081 
 179    8    9  1   0  0 0.020 01.0  0.01863   +2.53424   +2.54625     +0.473909 
 180    9   10  1   0  0 0.020 01.0  0.00514   +0.51125   +0.49756     -2.677751 
 181    9   11  1   0  0 0.020 01.0  0.00674   +0.75042   +0.75681     +0.851523 
 182    9   12  1   0  0 0.020 01.0  0.00445   +0.40820   +0.41023     +0.497305 
 183    9   13  1   0  0 0.020 01.0  0.00652   +0.71777   +0.70110     -2.322471 
 184   13   14  1   0  0 0.020 01.0  0.00559   +0.57915   +0.57047     -1.498748 
 185   13   15  1   0  0 0.020 01.0  0.00610   +0.65433   +0.64888     -0.832913 
 186    1   15  1   0  0 0.020 01.0  0.01213   -1.55933   -1.58649     +1.741774 
 187    1   16  1   0  0 0.020 01.0  0.00620   -0.66933   -0.66043     -1.329688 
 188    1   17  1   0  0 0.020 01.0  0.00606   -0.64961   -0.65159     +0.304798 
 189    3   15  1   0  0 0.020 01.0  0.00333   +0.24000   +0.23036     -4.016667 
 190    4   18  1   0  0 0.020 01.0  0.00186   +0.01933   +0.02136    +10.501811 
 191    4   18  1   0  0 0.020 01.0  0.00190   +0.02474   +0.02908    +17.542441 
 192    5    6  1   0  0 0.020 01.0  0.00517   -0.51485   -0.52601     +2.167622 
 193    7    8  1   0  0 0.020 01.0  0.00815   -0.96222   -0.94703     -1.578641 
 194   10   12  1   0  0 0.020 01.0  0.00351   +0.26695   +0.26175     -1.947930 
 195   11   13  1   0  0 0.020 01.0  0.00619   +0.66902   +0.65134     -2.642671 
 196   12   13  1   0  0 0.020 01.0  0.00181   -0.01162   -0.01129     -2.839931 
 197   12   16  1   0  0 0.020 01.0  0.00682   +0.76291   +0.78071     +2.333172 
 198   12   17  1   0  0 0.020 01.0  0.00668   +0.74231   +0.75311     +1.454918 
 199   14   15  1   0  0 0.020 01.0  0.00554   +0.57117   +0.56801     -0.553250 
 200   18   19  1   0  0 0.020 01.0  0.00177   +0.00606   +0.00838    +38.283828 
 201   19   20  1   0  0 0.020 01.0  0.00174   +0.00102   +0.00082    -19.607843 
 202   21   20  1   0  0 0.020 01.0  0.00175   +0.00200   +0.00138    -31.000000 
 203   21   22  1   0  0 0.020 01.0  0.00175   -0.00200   +0.00264   -232.000000 
 204   22   23  1   0  0 0.020 01.0  0.00279   -0.15775   -0.15643     -0.836767 
 205   23   24  1   0  0 0.020 01.0  0.00285   -0.16701   -0.16216     -2.904018 
 206   24   25  1   0  0 0.020 01.0  0.00186   +0.01945   +0.02186    +12.390746 
 207   24   25  1   0  0 0.020 01.0  0.00186   +0.01870   +0.01471    -21.336898 
 208   24   26  1   0  0 0.020 01.0  0.00313   -0.20994   -0.20631     -1.729065 
 209   26   27  1   0  0 0.020 01.0  0.00313   -0.20994   -0.21194     +0.952653 
 210   27   28  1   0  0 0.020 01.0  0.00328   -0.23228   -0.23961     +3.155674 
 211   28   29  1   0  0 0.020 01.0  0.00335   -0.24210   -0.23927     -1.168938 
 212    7   29  1   0  0 0.020 01.0  0.00389   +0.32384   +0.32378     -0.018528 
 213   25   30  1   0  0 0.020 01.0  0.00193   +0.02915   +0.02411    -17.289880 
 214   30   31  1   0  0 0.020 01.0  0.00189   +0.02405   +0.02432     +1.122661 
 215   31   32  1   0  0 0.020 01.0  0.00184   +0.01589   +0.01385    -12.838263 
 216   32   33  1   0  0 0.020 01.0  0.00177   +0.00500   +0.00876    +75.200000 
 217   34   32  1   0  0 0.020 01.0  0.00179   -0.00879   -0.01407    +60.068259 
 218   34   35  1   0  0 0.020 01.0  0.00179   +0.00879   +0.00559    -36.405006 
 219   35   36  1   0  0 0.020 01.0  0.00174   +0.00078   +0.00475   +508.974359 
 220   36   37  1   0  0 0.020 01.0  0.00183   +0.01468   +0.01158    -21.117166 
 221   37   38  1   0  0 0.020 01.0  0.00189   +0.02314   +0.02108     -8.902334 
 222   37   39  1   0  0 0.020 01.0  0.00179   -0.00853   -0.01021    +19.695193 
 223   36   40  1   0  0 0.020 01.0  0.00183   -0.01390   -0.01061    -23.669065 
 224   22   38  1   0  0 0.020 01.0  0.00277   +0.15575   +0.15693     +0.757624 
 225   11   41  1   0  0 0.020 01.0  0.00192   +0.02745   +0.03105    +13.114754 
 226   41   42  1   0  0 0.020 01.0  0.00195   +0.03252   +0.02768    -14.883149 
 227   41   43  1   0  0 0.020 01.0  0.00197   -0.03545   -0.03909    +10.267983 
 228   38   44  1   0  0 0.020 01.0  0.00317   +0.21571   +0.21817     +1.140420 
 229   15   45  1   0  0 0.020 01.0  0.00304   -0.19535   -0.20329     +4.064500 
 230   14   46  1   0  0 0.020 01.0  0.00181   -0.01165   -0.00901    -22.660944 
 231   46   47  1   0  0 0.020 01.0  0.00181   -0.01165   -0.01052     -9.699571 
 232   47   48  1   0  0 0.020 01.0  0.00209   -0.05414   -0.05039     -6.926487 
 233   48   49  1   0  0 0.020 01.0  0.00216   -0.06396   -0.06836     +6.879300 
 234   49   50  1   0  0 0.020 01.0  0.00213   -0.05894   -0.05590     -5.157788 
 235   50   51  1   0  0 0.020 01.0  0.00232   -0.08871   -0.08513     -4.035622 
 236   10   51  1   0  0 0.020 01.0  0.00250   +0.11527   +0.12099     +4.962263 
 237   13   49  1   0  0 0.020 01.0  0.00226   +0.07946   +0.07849     -1.220740 
 238   29   52  1   0  0 0.020 01.0  0.00210   +0.05507   +0.05113     -7.154531 
 239   52   53  1   0  0 0.020 01.0  0.00205   +0.04705   +0.04463     -5.143464 
 240   53   54  1   0  0 0.020 01.0  0.00186   +0.01853   +0.01654    -10.739342 
 241   54   55  1   0  0 0.020 01.0  0.00182   +0.01243   +0.01180     -5.068383 
 242   11   43  1   0  0 0.020 01.0  0.00199   +0.03845   +0.03680     -4.291287 
 243   44   45  1   0  0 0.020 01.0  0.00305   +0.19753   +0.19982     +1.159318 
 244   40   56  1   0  0 0.020 01.0  0.00183   -0.01397   -0.00916    -34.430923 
 245   56   41  1   0  0 0.020 01.0  0.00187   -0.02062   -0.02302    +11.639185 
 246   56   42  1   0  0 0.020 01.0  0.00188   -0.02199   -0.02487    +13.096862 
 247   39   57  1   0  0 0.020 01.0  0.00179   -0.00854   -0.00402    -52.927400 
 248   57   56  1   0  0 0.020 01.0  0.00185   -0.01754   -0.01281    -26.966933 
 249   38   49  1   0  0 0.020 01.0  0.00206   -0.04874   -0.05109     +4.821502 
 250   38   48  1   0  0 0.020 01.0  0.00179   -0.00887   -0.01343    +51.409245 
 251    9   55  1   0  0 0.020 01.0  0.00175   -0.00235   +0.00060   -125.531915 
 252    1    2  4   0  0 0.020 01.0  0.00729   +0.83331   +0.81716     -1.938054 
 253    2    3  4   0  0 0.020 01.0  0.00585   +0.61775   +0.61639     -0.220154 
 254    3    4  4   0  0 0.020 01.0  0.00467   +0.44093   +0.43925     -0.381013 
 255    4    5  4   0  0 0.020 01.0  0.00344   +0.25658   +0.25875     +0.845740 
 256    4    6  4   0  0 0.020 01.0  0.00344   +0.25614   +0.24844     -3.006169 
 257    6    7  4   0  0 0.020 01.0  0.00265   +0.13731   +0.13888     +1.143398 
 258    6    8  4   0  0 0.020 01.0  0.00315   +0.21328   +0.20632     -3.263316 
 259    8    9  4   0  0 0.020 01.0  0.00404   -0.34554   -0.35486     +2.697228 
 260    9   10  4   0  0 0.020 01.0  0.00264   -0.13551   -0.13644     +0.686296 
 261    9   11  4   0  0 0.020 01.0  0.00319   -0.21816   -0.22253     +2.003117 
 262    9   12  4   0  0 0.020 01.0  0.00265   -0.13748   -0.13041     -5.142566 
 263    9   13  4   0  0 0.020 01.0  0.00305   -0.19771   -0.19741     -0.151737 
 264   13   14  4   0  0 0.020 01.0  0.00268   -0.14229   -0.14317     +0.618455 
 265   13   15  4   0  0 0.020 01.0  0.00349   -0.26375   -0.26776     +1.520379 
 266    1   15  4   0  0 0.020 01.0  0.00642   +0.70235   +0.70118     -0.166584 
 267    1   16  4   0  0 0.020 01.0  0.00359   +0.27805   +0.28407     +2.165078 
 268    1   17  4   0  0 0.020 01.0  0.00363   +0.28437   +0.27716     -2.535429 
 269    3   15  4   0  0 0.020 01.0  0.00192   -0.02861   -0.03412    +19.259000 
 270    4   18  4   0  0 0.020 01.0  0.00193   -0.02928   -0.02687     -8.230874 
 271    4   18  4   0  0 0.020 01.0  0.00212   -0.05804   -0.05670     -2.308753 
 272    5    6  4   0  0 0.020 01.0  0.00332   +0.23812   +0.23640     -0.722325 
 273    7    8  4   0  0 0.020 01.0  0.00364   +0.28623   +0.29529     +3.165287 
 274   10   12  4   0  0 0.020 01.0  0.00254   -0.12073   -0.12108     +0.289903 
 275   11   13  4   0  0 0.020 01.0  0.00305   -0.19827   -0.19064     -3.848288 
 276   12   13  4   0  0 0.020 01.0  0.00267   +0.14095   +0.14090     -0.035474 
 277   12   16  4   0  0 0.020 01.0  0.00308   -0.20210   -0.19420     -3.908956 
 278   12   17  4   0  0 0.020 01.0  0.00308   -0.20122   -0.19746     -1.868602 
 279   14   15  4   0  0 0.020 01.0  0.00382   -0.31375   -0.30929     -1.421514 
 280   18   19  4   0  0 0.020 01.0  0.00179   +0.00870   +0.00338    -61.149425 
 281   19   20  4   0  0 0.020 01.0  0.00178   +0.00763   +0.00806     +5.635649 
 282   21   20  4   0  0 0.020 01.0  0.00178   -0.00658   -0.00750    +13.981763 
 283   21   22  4   0  0 0.020 01.0  0.00178   +0.00658   +0.00794    +20.668693 
 284   22   23  4   0  0 0.020 01.0  0.00225   +0.07704   +0.07763     +0.765836 
 285   23   24  4   0  0 0.020 01.0  0.00222   +0.07364   +0.06985     -5.146659 
 286   24   25  4   0  0 0.020 01.0  0.00194   -0.03034   -0.02973     -2.010547 
 287   24   25  4   0  0 0.020 01.0  0.00193   -0.02915   -0.02496    -14.373928 
 288   24   26  4   0  0 0.020 01.0  0.00264   +0.13577   +0.12793     -5.774472 
 289   26   27  4   0  0 0.020 01.0  0.00262   +0.13309   +0.12720     -4.425577 
 290   27   28  4   0  0 0.020 01.0  0.00252   +0.11770   +0.12186     +3.534410 
 291   28   29  4   0  0 0.020 01.0  0.00246   +0.10881   +0.10174     -6.497565 
 292    7   29  4   0  0 0.020 01.0  0.00282   -0.16269   -0.16873     +3.712582 
 293   25   30  4   0  0 0.020 01.0  0.00179   +0.00916   +0.00722    -21.179039 
 294   30   31  4   0  0 0.020 01.0  0.00177   +0.00601   +0.01032    +71.713810 
 295   31   32  4   0  0 0.020 01.0  0.00175   +0.00177   +0.00296    +67.231638 
 296   32   33  4   0  0 0.020 01.0  0.00175   +0.00300   -0.00209   -169.666667 
 297   34   32  4   0  0 0.020 01.0  0.00175   +0.00245   +0.00047    -80.816327 
 298   34   35  4   0  0 0.020 01.0  0.00175   -0.00245   -0.00568   +131.836735 
 299   35   36  4   0  0 0.020 01.0  0.00175   -0.00273   -0.00509    +86.446886 
 300   36   37  4   0  0 0.020 01.0  0.00207   -0.05071   -0.05659    +11.595346 
 301   37   38  4   0  0 0.020 01.0  0.00222   -0.07379   -0.06938     -5.976420 
 302   37   39  4   0  0 0.020 01.0  0.00189   +0.02299   +0.02599    +13.049152 
 303   36   40  4   0  0 0.020 01.0  0.00207   +0.04985   +0.05259     +5.496489 
 304   22   38  4   0  0 0.020 01.0  0.00220   -0.07047   -0.06620     -6.059316 
 305   11   41  4   0  0 0.020 01.0  0.00186   -0.01871   -0.01576    -15.766970 
 306   41   42  4   0  0 0.020 01.0  0.00188   -0.02241   -0.02670    +19.143240 
 307   41   43  4   0  0 0.020 01.0  0.00195   +0.03227   +0.03091     -4.214441 
 308   38   44  4   0  0 0.020 01.0  0.00200   +0.03956   +0.03390    -14.307381 
 309   15   45  4   0  0 0.020 01.0  0.00195   -0.03313   -0.03897    +17.627528 
 310   14   46  4   0  0 0.020 01.0  0.00280   +0.16036   +0.15207     -5.169618 
 311   46   47  4   0  0 0.020 01.0  0.00279   +0.15883   +0.15327     -3.500598 
 312   47   48  4   0  0 0.020 01.0  0.00270   +0.14526   +0.13959     -3.903346 
 313   48   49  4   0  0 0.020 01.0  0.00177   -0.00498   -0.00481     -3.413655 
 314   49   50  4   0  0 0.020 01.0  0.00234   +0.09059   +0.08945     -1.258417 
 315   50   51  4   0  0 0.020 01.0  0.00223   +0.07435   +0.07560     +1.681237 
 316   10   51  4   0  0 0.020 01.0  0.00216   -0.06382   -0.06671     +4.528361 
 317   13   49  4   0  0 0.020 01.0  0.00272   +0.14737   +0.14888     +1.024632 
 318   29   52  4   0  0 0.020 01.0  0.00220   -0.06942   -0.06830     -1.613368 
 319   52   53  4   0  0 0.020 01.0  0.00222   -0.07374   -0.07879     +6.848386 
 320   53   54  4   0  0 0.020 01.0  0.00185   -0.01718   -0.02186    +27.240978 
 321   54   55  4   0  0 0.020 01.0  0.00186   -0.01932   -0.02454    +27.018634 
 322   11   43  4   0  0 0.020 01.0  0.00193   -0.03010   -0.03395    +12.790698 
 323   44   45  4   0  0 0.020 01.0  0.00198   +0.03652   +0.03680     +0.766703 
 324   40   56  4   0  0 0.020 01.0  0.00206   +0.04974   +0.05397     +8.504222 
 325   56   41  4   0  0 0.020 01.0  0.00196   +0.03406   +0.03179     -6.664709 
 326   56   42  4   0  0 0.020 01.0  0.00193   +0.02931   +0.02574    -12.180143 
 327   39   57  4   0  0 0.020 01.0  0.00189   +0.02297   +0.01805    -21.419242 
 328   57   56  4   0  0 0.020 01.0  0.00186   +0.01930   +0.02429    +25.854922 
 329   38   49  4   0  0 0.020 01.0  0.00203   -0.04384   -0.04695     +7.093978 
 330   38   48  4   0  0 0.020 01.0  0.00273   -0.14886   -0.14681     -1.377133 
 331    9   55  4   0  0 0.020 01.0  0.00190   +0.02448   +0.02115    -13.602941 
 332    2    1  1   0  0 0.020 01.0  0.01005   +1.24772   +1.23214     -1.248678 
 333    3    2  1   0  0 0.020 01.0  0.01046   +1.30840   +1.32367     +1.167074 
 334    4    3  1   0  0 0.020 01.0  0.00952   +1.16811   +1.14846     -1.682205 
 335    5    4  1   0  0 0.020 01.0  0.00505   +0.49685   +0.50663     +1.968401 
 336    6    4  1   0  0 0.020 01.0  0.00680   +0.75945   +0.74289     -2.180525 
 337    7    6  1   0  0 0.020 01.0  0.00599   +0.63839   +0.65563     +2.700544 
 338    8    6  1   0  0 0.020 01.0  0.00693   +0.77973   +0.78610     +0.816949 
 339    9    8  1   0  0 0.020 01.0  0.01820   -2.47030   -2.49388     +0.954540 
 340   10    9  1   0  0 0.020 01.0  0.00507   -0.50122   -0.49004     -2.230557 
 341   11    9  1   0  0 0.020 01.0  0.00663   -0.73492   -0.75362     +2.544495 
 342   12    9  1   0  0 0.020 01.0  0.00438   -0.39688   -0.39002     -1.728482 
 343   13    9  1   0  0 0.020 01.0  0.00634   -0.69172   -0.67663     -2.181519 
 344   14   13  1   0  0 0.020 01.0  0.00556   -0.57452   -0.57056     -0.689271 
 345   15   13  1   0  0 0.020 01.0  0.00601   -0.64124   -0.63328     -1.241345 
 346   15    1  1   0  0 0.020 01.0  0.01246   +1.60874   +1.60604     -0.167833 
 347   16    1  1   0  0 0.020 01.0  0.00635   +0.69211   +0.70197     +1.424629 
 348   17    1  1   0  0 0.020 01.0  0.00614   +0.66087   +0.64272     -2.746380 
 349   15    3  1   0  0 0.020 01.0  0.00333   -0.23910   -0.24522     +2.559598 
 350   18    4  1   0  0 0.020 01.0  0.00186   -0.01933   -0.02389    +23.590274 
 351   18    4  1   0  0 0.020 01.0  0.00190   -0.02474   -0.02852    +15.278901 
 352    6    5  1   0  0 0.020 01.0  0.00523   +0.52447   +0.53834     +2.644575 
 353    8    7  1   0  0 0.020 01.0  0.00824   +0.97603   +0.99331     +1.770437 
 354   12   10  1   0  0 0.020 01.0  0.00350   -0.26472   -0.27233     +2.874736 
 355   13   11  1   0  0 0.020 01.0  0.00612   -0.65835   -0.65245     -0.896180 
 356   13   12  1   0  0 0.020 01.0  0.00181   +0.01214   +0.00711    -41.433278 
 357   16   12  1   0  0 0.020 01.0  0.00675   -0.75211   -0.76635     +1.893340 
 358   17   12  1   0  0 0.020 01.0  0.00653   -0.71987   -0.73223     +1.716977 
 359   15   14  1   0  0 0.020 01.0  0.00549   -0.56405   -0.55926     -0.849215 
 360   19   18  1   0  0 0.020 01.0  0.00177   -0.00602   -0.00222    -63.122924 
 361   20   19  1   0  0 0.020 01.0  0.00174   -0.00100   +0.00269   -369.000000 
 362   20   21  1   0  0 0.020 01.0  0.00175   -0.00200   -0.00206     +3.000000 
 363   22   21  1   0  0 0.020 01.0  0.00175   +0.00200   +0.00494   +147.000000 
 364   23   22  1   0  0 0.020 01.0  0.00279   +0.15801   +0.15424     -2.385925 
 365   24   23  1   0  0 0.020 01.0  0.00288   +0.17179   +0.17986     +4.697596 
 366   25   24  1   0  0 0.020 01.0  0.00186   -0.01945   -0.01397    -28.174807 
 367   25   24  1   0  0 0.020 01.0  0.00186   -0.01870   -0.02333    +24.759358 
 368   26   24  1   0  0 0.020 01.0  0.00313   +0.20994   +0.20674     -1.524245 
 369   27   26  1   0  0 0.020 01.0  0.00319   +0.21928   +0.21484     -2.024808 
 370   28   27  1   0  0 0.020 01.0  0.00331   +0.23610   +0.23046     -2.388818 
 371   29   28  1   0  0 0.020 01.0  0.00336   +0.24477   +0.25016     +2.202067 
 372   29    7  1   0  0 0.020 01.0  0.00389   -0.32384   -0.32699     +0.972703 
 373   30   25  1   0  0 0.020 01.0  0.00193   -0.02905   -0.03305    +13.769363 
 374   31   30  1   0  0 0.020 01.0  0.00189   -0.02389   -0.02770    +15.948095 
 375   32   31  1   0  0 0.020 01.0  0.00184   -0.01579   -0.01145    -27.485750 
 376   33   32  1   0  0 0.020 01.0  0.00177   -0.00500   -0.00027    -94.600000 
 377   32   34  1   0  0 0.020 01.0  0.00179   +0.00879   +0.00897     +2.047782 
 378   35   34  1   0  0 0.020 01.0  0.00179   -0.00878   -0.01396    +58.997722 
 379   36   35  1   0  0 0.020 01.0  0.00174   -0.00078   -0.00162   +107.692308 
 380   37   36  1   0  0 0.020 01.0  0.00183   -0.01461   -0.01876    +28.405202 
 381   38   37  1   0  0 0.020 01.0  0.00188   -0.02282   -0.01771    -22.392638 
 382   39   37  1   0  0 0.020 01.0  0.00179   +0.00854   +0.00607    -28.922717 
 383   40   36  1   0  0 0.020 01.0  0.00183   +0.01397   +0.01828    +30.851825 
 384   38   22  1   0  0 0.020 01.0  0.00277   -0.15527   -0.14871     -4.224899 
 385   41   11  1   0  0 0.020 01.0  0.00192   -0.02745   -0.02428    -11.548270 
 386   42   41  1   0  0 0.020 01.0  0.00195   -0.03224   -0.02746    -14.826303 
 387   43   41  1   0  0 0.020 01.0  0.00197   +0.03545   +0.02974    -16.107193 
 388   44   38  1   0  0 0.020 01.0  0.00316   -0.21453   -0.20581     -4.064700 
 389   45   15  1   0  0 0.020 01.0  0.00304   +0.19535   +0.18761     -3.962119 
 390   46   14  1   0  0 0.020 01.0  0.00181   +0.01165   +0.00931    -20.085837 
 391   47   46  1   0  0 0.020 01.0  0.00181   +0.01214   +0.01201     -1.070840 
 392   48   47  1   0  0 0.020 01.0  0.00210   +0.05450   +0.06042    +10.862385 
 393   49   48  1   0  0 0.020 01.0  0.00216   +0.06425   +0.06513     +1.369650 
 394   50   49  1   0  0 0.020 01.0  0.00213   +0.05971   +0.05682     -4.840060 
 395   51   50  1   0  0 0.020 01.0  0.00233   +0.09027   +0.08507     -5.760496 
 396   51   10  1   0  0 0.020 01.0  0.00250   -0.11527   -0.12045     +4.493797 
 397   49   13  1   0  0 0.020 01.0  0.00226   -0.07946   -0.08259     +3.939089 
 398   52   29  1   0  0 0.020 01.0  0.00209   -0.05405   -0.05488     +1.535615 
 399   53   52  1   0  0 0.020 01.0  0.00204   -0.04653   -0.04781     +2.750913 
 400   54   53  1   0  0 0.020 01.0  0.00186   -0.01843   -0.01926     +4.503527 
 401   55   54  1   0  0 0.020 01.0  0.00182   -0.01235   -0.01110    -10.121457 
 402   43   11  1   0  0 0.020 01.0  0.00199   -0.03845   -0.03909     +1.664499 
 403   45   44  1   0  0 0.020 01.0  0.00304   -0.19535   -0.20424     +4.550806 
 404   56   40  1   0  0 0.020 01.0  0.00183   +0.01397   +0.00886    -36.578382 
 405   41   56  1   0  0 0.020 01.0  0.00188   +0.02139   +0.02025     -5.329593 
 406   42   56  1   0  0 0.020 01.0  0.00188   +0.02224   +0.02765    +24.325540 
 407   57   39  1   0  0 0.020 01.0  0.00179   +0.00854   +0.00900     +5.386417 
 408   56   57  1   0  0 0.020 01.0  0.00185   +0.01764   +0.02222    +25.963719 
 409   49   38  1   0  0 0.020 01.0  0.00206   +0.04914   +0.04697     -4.415954 
 410   48   38  1   0  0 0.020 01.0  0.00180   +0.00946   +0.00720    -23.890063 
 411   55    9  1   0  0 0.020 01.0  0.00175   +0.00235   +0.00632   +168.936170 
 412    2    1  4   0  0 0.020 01.0  0.00781   -0.91074   -0.89767     -1.435097 
 413    3    2  4   0  0 0.020 01.0  0.00534   -0.54131   -0.54469     +0.624411 
 414    4    3  4   0  0 0.020 01.0  0.00457   -0.42541   -0.41492     -2.465856 
 415    5    4  4   0  0 0.020 01.0  0.00336   -0.24412   -0.24562     +0.614452 
 416    6    4  4   0  0 0.020 01.0  0.00309   -0.20321   -0.20383     +0.305103 
 417    7    6  4   0  0 0.020 01.0  0.00256   -0.12354   -0.12469     +0.930873 
 418    8    6  4   0  0 0.020 01.0  0.00276   -0.15398   -0.15472     +0.480582 
 419    9    8  4   0  0 0.020 01.0  0.00584   +0.61638   +0.62323     +1.111327 
 420   10    9  4   0  0 0.020 01.0  0.00264   +0.13656   +0.13014     -4.701230 
 421   11    9  4   0  0 0.020 01.0  0.00338   +0.24708   +0.25181     +1.914360 
 422   12    9  4   0  0 0.020 01.0  0.00247   +0.11031   +0.10483     -4.967818 
 423   13    9  4   0  0 0.020 01.0  0.00335   +0.24230   +0.24223     -0.028890 
 424   14   13  4   0  0 0.020 01.0  0.00271   +0.14639   +0.14248     -2.670947 
 425   15   13  4   0  0 0.020 01.0  0.00362   +0.28263   +0.28462     +0.704101 
 426   15    1  4   0  0 0.020 01.0  0.00543   -0.55371   -0.56257     +1.600116 
 427   16    1  4   0  0 0.020 01.0  0.00328   -0.23257   -0.22361     -3.852604 
 428   17    1  4   0  0 0.020 01.0  0.00349   -0.26379   -0.27295     +3.472459 
 429   15    3  4   0  0 0.020 01.0  0.00189   -0.02431   -0.02791    +14.808721 
 430   18    4  4   0  0 0.020 01.0  0.00193   +0.02991   +0.03135     +4.814443 
 431   18    4  4   0  0 0.020 01.0  0.00213   +0.05964   +0.05697     -4.476861 
 432    6    5  4   0  0 0.020 01.0  0.00327   -0.23037   -0.23749     +3.090680 
 433    8    7  4   0  0 0.020 01.0  0.00330   -0.23519   -0.24135     +2.619159 
 434   12   10  4   0  0 0.020 01.0  0.00238   +0.09733   +0.10386     +6.709134 
 435   13   11  4   0  0 0.020 01.0  0.00316   +0.21429   +0.21043     -1.801297 
 436   13   12  4   0  0 0.020 01.0  0.00307   -0.20091   -0.20576     +2.414016 
 437   16   12  4   0  0 0.020 01.0  0.00326   +0.22857   +0.23170     +1.369384 
 438   17   12  4   0  0 0.020 01.0  0.00342   +0.25279   +0.24263     -4.019146 
 439   15   14  4   0  0 0.020 01.0  0.00388   +0.32151   +0.31170     -3.051227 
 440   19   18  4   0  0 0.020 01.0  0.00179   -0.00863   -0.01068    +23.754345 
 441   20   19  4   0  0 0.020 01.0  0.00178   -0.00761   -0.01057    +38.896189 
 442   20   21  4   0  0 0.020 01.0  0.00178   +0.00661   +0.00869    +31.467474 
 443   22   21  4   0  0 0.020 01.0  0.00178   -0.00657   -0.00444    -32.420091 
 444   23   22  4   0  0 0.020 01.0  0.00224   -0.07664   -0.07191     -6.171712 
 445   24   23  4   0  0 0.020 01.0  0.00224   -0.07628   -0.07548     -1.048768 
 446   25   24  4   0  0 0.020 01.0  0.00194   +0.03162   +0.03244     +2.593295 
 447   25   24  4   0  0 0.020 01.0  0.00194   +0.03038   +0.03074     +1.184990 
 448   26   24  4   0  0 0.020 01.0  0.00262   -0.13309   -0.12745     -4.237734 
 449   27   26  4   0  0 0.020 01.0  0.00252   -0.11870   -0.11952     +0.690817 
 450   28   27  4   0  0 0.020 01.0  0.00248   -0.11181   -0.11355     +1.556211 
 451   29   28  4   0  0 0.020 01.0  0.00243   -0.10507   -0.10368     -1.322928 
 452   29    7  4   0  0 0.020 01.0  0.00287   +0.17049   +0.16713     -1.970790 
 453   30   25  4   0  0 0.020 01.0  0.00179   -0.00901   -0.01330    +47.613762 
 454   31   30  4   0  0 0.020 01.0  0.00177   -0.00577   -0.00713    +23.570191 
 455   32   31  4   0  0 0.020 01.0  0.00174   -0.00161   -0.00452   +180.745342 
 456   33   32  4   0  0 0.020 01.0  0.00175   -0.00300   -0.00149    -50.333333 
 457   32   34  4   0  0 0.020 01.0  0.00175   -0.00239   +0.00051   -121.338912 
 458   35   34  4   0  0 0.020 01.0  0.00174   -0.00127   -0.00200    +57.480315 
 459   36   35  4   0  0 0.020 01.0  0.00174   +0.00086   +0.00213   +147.674419 
 460   37   36  4   0  0 0.020 01.0  0.00207   +0.05080   +0.04805     -5.413386 
 461   38   37  4   0  0 0.020 01.0  0.00221   +0.07195   +0.07166     -0.403058 
 462   39   37  4   0  0 0.020 01.0  0.00189   -0.02297   -0.02507     +9.142360 
 463   40   36  4   0  0 0.020 01.0  0.00206   -0.04974   -0.04569     -8.142340 
 464   38   22  4   0  0 0.020 01.0  0.00221   +0.07120   +0.07442     +4.522472 
 465   41   11  4   0  0 0.020 01.0  0.00186   +0.01945   +0.01548    -20.411311 
 466   42   41  4   0  0 0.020 01.0  0.00189   +0.02290   +0.01801    -21.353712 
 467   43   41  4   0  0 0.020 01.0  0.00194   -0.03143   -0.03106     -1.177219 
 468   44   38  4   0  0 0.020 01.0  0.00200   -0.03952   -0.03659     -7.413968 
 469   45   15  4   0  0 0.020 01.0  0.00198   +0.03677   +0.04076    +10.851237 
 470   46   14  4   0  0 0.020 01.0  0.00279   -0.15883   -0.15514     -2.323239 
 471   47   46  4   0  0 0.020 01.0  0.00281   -0.16126   -0.15473     -4.049361 
 472   48   47  4   0  0 0.020 01.0  0.00270   -0.14479   -0.15025     +3.770979 
 473   49   48  4   0  0 0.020 01.0  0.00174   -0.00034   -0.00346   +917.647059 
 474   50   49  4   0  0 0.020 01.0  0.00233   -0.08935   -0.08401     -5.976497 
 475   51   50  4   0  0 0.020 01.0  0.00221   -0.07188   -0.07238     +0.695604 
 476   51   10  4   0  0 0.020 01.0  0.00217   +0.06488   +0.06081     -6.273120 
 477   49   13  4   0  0 0.020 01.0  0.00269   -0.14313   -0.13950     -2.536156 
 478   52   29  4   0  0 0.020 01.0  0.00220   +0.07074   +0.07581     +7.167091 
 479   53   52  4   0  0 0.020 01.0  0.00223   +0.07441   +0.07840     +5.362183 
 480   54   53  4   0  0 0.020 01.0  0.00185   +0.01732   +0.02112    +21.939954 
 481   55   54  4   0  0 0.020 01.0  0.00186   +0.01942   +0.01985     +2.214212 
 482   43   11  4   0  0 0.020 01.0  0.00194   +0.03043   +0.02706    -11.074597 
 483   45   44  4   0  0 0.020 01.0  0.00198   -0.03677   -0.03641     -0.979059 
 484   56   40  4   0  0 0.020 01.0  0.00205   -0.04722   -0.04300     -8.936891 
 485   41   56  4   0  0 0.020 01.0  0.00196   -0.03331   -0.03664     +9.996998 
 486   42   56  4   0  0 0.020 01.0  0.00193   -0.02890   -0.02639     -8.685121 
 487   57   39  4   0  0 0.020 01.0  0.00188   -0.02230   -0.01821    -18.340807 
 488   56   57  4   0  0 0.020 01.0  0.00186   -0.01915   -0.01947     +1.671018 
 489   49   38  4   0  0 0.020 01.0  0.00201   +0.04089   +0.04041     -1.173881 
 490   48   38  4   0  0 0.020 01.0  0.00273   +0.14977   +0.15702     +4.840756 
 491   55    9  4   0  0 0.020 01.0  0.00190   -0.02442   -0.02296     -5.978706 
----------------------------------------------------------------------------------
Número de medidores SCADA:     491
Número de PMUs:                0
Número de medidas das PMUs:    0
----------------------------------------------------------------------------------

Não há medidas de ângulo.
Não há medidores desabilitados.
============================== Estado Estimado ===================================
                 Barra     Mod(pu)    Ang(graus)              
----------------------------------------------------------------------------------
                    1            1.0393              0.00        
                    2            1.0258              2.25        
                    3            1.0151              9.21        
                    4            1.0124             11.85        
                    5            1.0103             16.34        
                    6            1.0111             18.61        
                    7            1.0105             22.41        
                    8            1.0054             26.52        
                    9            1.0049             19.04        
                   10            1.0089             13.94        
                   11            1.0054             15.09        
                   12            1.0152             11.89        
                   13            1.0055             12.09        
                   14            1.0042             10.56        
                   15            1.0115              8.51        
                   16            1.0186              8.25        
                   17            1.0260              4.14        
                   18            1.0568             11.31        
                   19            1.0487             11.31        
                   20            1.0464             11.40        
                   21            1.0878             11.48        
                   22            1.0874             11.50        
                   23            1.0878             11.66        
                   24            1.0963             14.33        
                   25            1.1293             13.24        
                   26            1.0453             14.84        
                   27            1.0482             18.80        
                   28            1.0516             20.35        
                   29            1.0553             21.32        
                   30            1.1244             13.05        
                   31            1.1134             12.57        
                   32            1.1052             12.22        
                   33            1.1050             12.22        
                   34            1.0802             11.71        
                   35            1.0797             11.66        
                   36            1.0797             11.65        
                   37            1.0812             11.55        
                   38            1.0867             11.21        
                   39            1.0805             11.59        
                   40            1.0780             11.75        
                   41            1.0662             14.02        
                   42            1.0682             13.27        
                   43            1.0542             14.76        
                   44            1.0789             10.66        
                   45            1.0629              9.54        
                   46            1.1054             10.60        
                   47            1.0960             10.82        
                   48            1.0937             11.01        
                   49            1.0988             11.39        
                   50            1.0927             12.10        
                   51            1.0891             13.54        
                   52            1.0605             20.30        
                   53            1.0641             19.77        
                   54            1.0643             19.36        
                   55            1.0667             19.05        
                   56            1.0733             12.52        
                   57            1.0755             12.10        
----------------------------------------------------------------------------------
Convergiu em:    3 iteraçoes. 
----------------------------------------------------------------------------------
--- RESIDUOS NORMALIZADOS --------------------------------------------------------
   N    D    P  TP      Real     Medido   Estimado      Med-Est        rn 
----------------------------------------------------------------------------------
 270    4   18  4    -0.0293    -0.0269    -0.0519  +2.4986e-02      0.603 
 430   18    4  4    +0.0299    +0.0314    +0.0532  -2.1819e-02      0.528 
 132    0   18  5    -0.0140    -0.0124    -0.0250  +1.2609e-02      0.408 
 116    0    2  5    -0.2930    -0.3020    -0.2892  -1.2810e-02      0.322 
 173    2    3  1    -1.2517    -1.2784    -1.2539  -2.4584e-02      0.254 
  68    0   11  2    +0.0000    -0.0024    -0.0072  +4.7690e-03      0.235 
 172    1    2  1    -1.2299    -1.2533    -1.2315  -2.1795e-02      0.234 
 183    9   13  1    +0.7178    +0.7011    +0.7197  -1.8585e-02      0.234 
 186    1   15  1    -1.5593    -1.5865    -1.5621  -2.4439e-02      0.230 
 428   17    1  4    -0.2638    -0.2730    -0.2604  -1.2598e-02      0.230 
  72    0   15  2    -0.0310    -0.0340    -0.0297  -4.2370e-03      0.224 
 336    6    4  1    +0.7594    +0.7429    +0.7607  -1.7849e-02      0.222 
 334    4    3  1    +1.1681    +1.1485    +1.1684  -1.9928e-02      0.222 
 118    0    4  5    -0.0000    +0.0029    +0.0077  -4.8441e-03      0.217 
  39    0   39  6    +1.0803    +1.0648    +1.0805  -1.5778e-02      0.217 
 343   13    9  1    -0.6917    -0.6766    -0.6935  +1.6905e-02      0.215 
 426   15    1  4    -0.5537    -0.5626    -0.5477  -1.4910e-02      0.214 
 115    0    1  5    +2.0981    +2.0580    +2.0802  -2.2204e-02      0.212 
 348   17    1  1    +0.6609    +0.6427    +0.6581  -1.5382e-02      0.210 
  66    0    9  2    -0.0850    -0.0786    -0.0824  +3.8209e-03      0.209 
 174    3    4  1    -1.1514    -1.1704    -1.1517  -1.8694e-02      0.209 
 180    9   10  1    +0.5112    +0.4976    +0.5120  -1.4460e-02      0.209 
 193    7    8  1    -0.9622    -0.9470    -0.9646  +1.7573e-02      0.208 
  46    0   46  6    +1.1050    +1.1207    +1.1054  +1.5246e-02      0.207 
  69    0   12  2    +0.8320    +0.8237    +0.8373  -1.3648e-02      0.207 
   1    0    1  6    +1.0400    +1.0540    +1.0393  +1.4685e-02      0.205 
 197   12   16  1    +0.7629    +0.7807    +0.7651  +1.5580e-02      0.201 
  17    0   17  6    +1.0264    +1.0118    +1.0260  -1.4224e-02      0.200 
   3    0    3  6    +1.0154    +1.0293    +1.0151  +1.4143e-02      0.200 
 176    4    6  1    -0.7337    -0.7508    -0.7350  -1.5820e-02      0.199 
  57    0   57  6    +1.0742    +1.0896    +1.0755  +1.4091e-02      0.196 
  62    0    5  2    -0.0180    -0.0140    -0.0189  +4.8984e-03      0.193 
  18    0   18  6    +1.0595    +1.0705    +1.0568  +1.3711e-02      0.191 
  43    0   43  6    +1.0535    +1.0406    +1.0542  -1.3642e-02      0.190 
  37    0   37  6    +1.0809    +1.0949    +1.0812  +1.3779e-02      0.189 
  42    0   42  6    +1.0671    +1.0546    +1.0682  -1.3563e-02      0.189 
 392   48   47  1    +0.0545    +0.0604    +0.0530  +7.4520e-03      0.188 
 195   11   13  1    +0.6690    +0.6513    +0.6652  -1.3875e-02      0.187 
 332    2    1  1    +1.2477    +1.2321    +1.2493  -1.7208e-02      0.184 
 304   22   38  4    -0.0705    -0.0662    -0.0734  +7.1943e-03      0.184 
  56    0   56  6    +1.0724    +1.0601    +1.0733  -1.3205e-02      0.184 
  28    0   28  6    +1.0511    +1.0385    +1.0516  -1.3023e-02      0.181 
  19    0   19  6    +1.0512    +1.0359    +1.0487  -1.2761e-02      0.181 
  15    0   15  6    +1.0116    +0.9988    +1.0115  -1.2679e-02      0.180 
  33    0   33  6    +1.1053    +1.0921    +1.1050  -1.2910e-02      0.179 
  44    0   44  6    +1.0784    +1.0660    +1.0789  -1.2925e-02      0.178 
  30    0   30  6    +1.1235    +1.1373    +1.1244  +1.2834e-02      0.176 
 352    6    5  1    +0.5245    +0.5383    +0.5264  +1.1954e-02      0.176 
 353    8    7  1    +0.9760    +0.9933    +0.9785  +1.4841e-02      0.175 
 177    6    7  1    -0.6302    -0.6476    -0.6348  -1.2823e-02      0.174 
 259    8    9  4    -0.3455    -0.3549    -0.3453  -9.5715e-03      0.174 
 340   10    9  1    -0.5012    -0.4900    -0.5020  +1.1933e-02      0.173 
 170    0   56  5    -0.0030    +0.0016    -0.0030  +4.6862e-03      0.172 
  31    0   31  6    +1.1139    +1.1009    +1.1134  -1.2430e-02      0.172 
  21    0   21  6    +1.0877    +1.0753    +1.0878  -1.2506e-02      0.171 
   6    0    6  6    +1.0107    +1.0231    +1.0111  +1.2067e-02      0.171 
  26    0   26  6    +1.0445    +1.0575    +1.0453  +1.2233e-02      0.171 
 291   28   29  4    +0.1088    +0.1017    +0.1091  -7.3461e-03      0.171 
 337    7    6  1    +0.6384    +0.6556    +0.6431  +1.2514e-02      0.169 
 218   34   35  1    +0.0088    +0.0056    +0.0117  -6.0895e-03      0.169 
 189    3   15  1    +0.2400    +0.2304    +0.2389  -8.5382e-03      0.167 
  67    0   10  2    -0.1190    -0.1225    -0.1173  -5.1472e-03      0.163 
 178    6    8  1    -0.7588    -0.7754    -0.7624  -1.3018e-02      0.162 
   9    0    9  6    +1.0045    +0.9936    +1.0049  -1.1244e-02      0.160 
 434   12   10  4    +0.0973    +0.1039    +0.0967  +7.1983e-03      0.159 
 289   26   27  4    +0.1331    +0.1272    +0.1348  -7.5549e-03      0.159 
 365   24   23  1    +0.1718    +0.1799    +0.1721  +7.7200e-03      0.158 
 113    0   56  2    -0.0110    -0.0071    -0.0115  +4.3616e-03      0.157 
  11    0   11  6    +1.0051    +1.0164    +1.0054  +1.1015e-02      0.157 
 312   47   48  4    +0.1453    +0.1396    +0.1468  -7.1661e-03      0.156 
 357   16   12  1    -0.7521    -0.7663    -0.7543  -1.2053e-02      0.156 
 229   15   45  1    -0.1953    -0.2033    -0.1954  -7.8669e-03      0.156 
 389   45   15  1    +0.1953    +0.1876    +0.1954  -7.8131e-03      0.154 
 341   11    9  1    -0.7349    -0.7536    -0.7416  -1.2008e-02      0.154 
 273    7    8  4    +0.2862    +0.2953    +0.2869  +8.3872e-03      0.153 
  49    0   49  6    +1.0983    +1.1100    +1.0988  +1.1200e-02      0.152 
 248   57   56  1    -0.0175    -0.0128    -0.0185  +5.7225e-03      0.151 
 258    6    8  4    +0.2133    +0.2063    +0.2145  -8.2081e-03      0.151 
 384   38   22  1    -0.1553    -0.1487    -0.1554  +6.6919e-03      0.150 
 482   43   11  4    +0.0304    +0.0271    +0.0328  -5.7197e-03      0.150 
 373   30   25  1    -0.0290    -0.0331    -0.0274  -5.6874e-03      0.150 
 106    0   49  2    -0.0250    -0.0293    -0.0253  -3.9972e-03      0.149 
 370   28   27  1    +0.2361    +0.2305    +0.2382  -7.7734e-03      0.149 
 438   17   12  4    +0.2528    +0.2426    +0.2510  -8.3427e-03      0.149 
 122    0    8  5    -0.7347    -0.7254    -0.7352  +9.7479e-03      0.149 
  38    0   38  6    +1.0863    +1.0758    +1.0867  -1.0871e-02      0.149 
  45    0   45  6    +1.0628    +1.0522    +1.0629  -1.0721e-02      0.148 
 153    0   39  5    +0.0000    +0.0043    -0.0006  +4.9292e-03      0.146 
  40    0   40  6    +1.0778    +1.0886    +1.0780  +1.0590e-02      0.146 
 380   37   36  1    -0.0146    -0.0188    -0.0136  -5.1822e-03      0.146 
 147    0   33  5    -0.0030    -0.0073    -0.0021  -5.1461e-03      0.144 
  75    0   18  2    -0.0380    -0.0325    -0.0372  +4.6832e-03      0.144 
 432    6    5  4    -0.2304    -0.2375    -0.2299  -7.5933e-03      0.144 
 437   16   12  4    +0.2286    +0.2317    +0.2243  +7.4193e-03      0.142 
 349   15    3  1    -0.2391    -0.2452    -0.2380  -7.2191e-03      0.141 
 267    1   16  4    +0.2781    +0.2841    +0.2760  +8.1012e-03      0.140 
  32    0   32  6    +1.1055    +1.1151    +1.1052  +9.9434e-03      0.138 
 192    5    6  1    -0.5149    -0.5260    -0.5167  -9.2858e-03      0.137 
  71    0   14  2    -0.0150    -0.0163    -0.0131  -3.2087e-03      0.136 
  74    0   17  2    -0.0590    -0.0621    -0.0655  +3.4250e-03      0.136 
  73    0   16  2    -0.0600    -0.0577    -0.0613  +3.5166e-03      0.136 
 466   42   41  4    +0.0229    +0.0180    +0.0234  -5.3455e-03      0.135 
   8    0    8  6    +1.0050    +1.0149    +1.0054  +9.4556e-03      0.135 
 280   18   19  4    +0.0087    +0.0034    +0.0086  -5.2216e-03      0.133 
 429   15    3  4    -0.0243    -0.0279    -0.0229  -5.0594e-03      0.133 
 333    3    2  1    +1.3084    +1.3237    +1.3107  +1.3018e-02      0.133 
 387   43   41  1    +0.0355    +0.0297    +0.0351  -5.3756e-03      0.131 
 252    1    2  4    +0.8333    +0.8172    +0.8271  -9.9133e-03      0.130 
 131    0   17  5    -0.0110    -0.0060    -0.0094  +3.4289e-03      0.130 
 216   32   33  1    +0.0050    +0.0088    +0.0041  +4.6275e-03      0.130 
 152    0   38  5    -0.0100    -0.0087    -0.0118  +3.1041e-03      0.129 
 262    9   12  4    -0.1375    -0.1304    -0.1370  +6.5804e-03      0.129 
 460   37   36  4    +0.0508    +0.0481    +0.0530  -4.9093e-03      0.129 
   7    0    7  6    +1.0101    +1.0014    +1.0105  -9.0440e-03      0.128 
 335    5    4  1    +0.4969    +0.5066    +0.4979  +8.7641e-03      0.128 
 187    1   16  1    -0.6693    -0.6604    -0.6702  +9.8078e-03      0.128 
 453   30   25  4    -0.0090    -0.0133    -0.0086  -4.6658e-03      0.127 
 128    0   14  5    -0.0070    -0.0024    -0.0056  +3.1819e-03      0.127 
  80    0   23  2    -0.0090    -0.0057    -0.0096  +3.8997e-03      0.127 
 420   10    9  4    +0.1366    +0.1301    +0.1363  -6.1904e-03      0.127 
  60    0    3  2    +0.3970    +0.3924    +0.3979  -5.4544e-03      0.127 
 441   20   19  4    -0.0076    -0.0106    -0.0057  -4.8501e-03      0.127 
 414    4    3  4    -0.4254    -0.4149    -0.4225  +7.6148e-03      0.125 
 203   21   22  1    -0.0020    +0.0026    -0.0018  +4.3932e-03      0.125 
 366   25   24  1    -0.0194    -0.0140    -0.0191  +5.1559e-03      0.125 
 125    0   11  5    -0.0000    +0.0005    +0.0034  -2.9746e-03      0.125 
 119    0    5  5    -0.0060    -0.0070    -0.0035  -3.4781e-03      0.124 
 308   38   44  4    +0.0396    +0.0339    +0.0387  -4.8177e-03      0.124 
 411   55    9  1    +0.0024    +0.0063    +0.0020  +4.3014e-03      0.123 
 339    9    8  1    -2.4703    -2.4939    -2.4785  -1.5348e-02      0.122 
 137    0   23  5    -0.0030    -0.0079    -0.0040  -3.8137e-03      0.122 
 383   40   36  1    +0.0140    +0.0183    +0.0139  +4.4268e-03      0.121 
 354   12   10  1    -0.2647    -0.2723    -0.2657  -6.6513e-03      0.121 
  50    0   50  6    +1.0922    +1.0838    +1.0927  -8.8718e-03      0.121 
 330   38   48  4    -0.1489    -0.1468    -0.1525  +5.6558e-03      0.121 
 191    4   18  1    +0.0247    +0.0291    +0.0241  +4.9447e-03      0.121 
 427   16    1  4    -0.2326    -0.2236    -0.2303  +6.7049e-03      0.121 
 184   13   14  1    +0.5792    +0.5705    +0.5790  -8.5761e-03      0.121 
 124    0   10  5    -0.0480    -0.0438    -0.0474  +3.5712e-03      0.121 
  36    0   36  6    +1.0796    +1.0884    +1.0797  +8.7155e-03      0.120 
 296   32   33  4    +0.0030    -0.0021    +0.0021  -4.2345e-03      0.119 
  64    0    7  2    +0.0000    +0.0004    +0.0026  -2.2397e-03      0.118 
 242   11   43  1    +0.0384    +0.0368    +0.0413  -4.5340e-03      0.118 
 478   52   29  4    +0.0707    +0.0758    +0.0709  +4.9068e-03      0.118 
 342   12    9  1    -0.3969    -0.3900    -0.3977  +7.6639e-03      0.117 
  27    0   27  6    +1.0477    +1.0566    +1.0482  +8.3705e-03      0.117 
 345   15   13  1    -0.6412    -0.6333    -0.6421  +8.8440e-03      0.117 
 321   54   55  4    -0.0193    -0.0245    -0.0200  -4.5783e-03      0.117 
  34    0   34  6    +1.0799    +1.0886    +1.0802  +8.4202e-03      0.116 
 347   16    1  1    +0.6921    +0.7020    +0.6930  +8.9295e-03      0.115 
 228   38   44  1    +0.2157    +0.2182    +0.2123  +5.8246e-03      0.115 
 301   37   38  4    -0.0738    -0.0694    -0.0739  +4.5397e-03      0.115 
 404   56   40  1    +0.0140    +0.0089    +0.0136  -4.7315e-03      0.114 
 403   45   44  1    -0.1953    -0.2042    -0.1983  -5.9362e-03      0.114 
 160    0   46  5    -0.0000    +0.0050    +0.0018  +3.2479e-03      0.114 
 240   53   54  1    +0.0185    +0.0165    +0.0210  -4.4628e-03      0.114 
 265   13   15  4    -0.2637    -0.2678    -0.2612  -6.5357e-03      0.114 
 194   10   12  1    +0.2670    +0.2617    +0.2679  -6.1726e-03      0.112 
 303   36   40  4    +0.0498    +0.0526    +0.0482  +4.4051e-03      0.112 
 356   13   12  1    +0.0121    +0.0071    +0.0111  -4.0205e-03      0.112 
 326   56   42  4    +0.0293    +0.0257    +0.0303  -4.5463e-03      0.112 
 324   40   56  4    +0.0497    +0.0540    +0.0490  +4.9327e-03      0.111 
 271    4   18  4    -0.0580    -0.0567    -0.0519  -4.8436e-03      0.111 
 165    0   51  5    -0.0070    -0.0045    -0.0080  +3.4776e-03      0.111 
 433    8    7  4    -0.2352    -0.2414    -0.2356  -5.7665e-03      0.110 
 358   17   12  1    -0.7199    -0.7322    -0.7236  -8.6531e-03      0.110 
 108    0   51  2    -0.0250    -0.0233    -0.0268  +3.4939e-03      0.110 
  16    0   16  6    +1.0188    +1.0109    +1.0186  -7.6742e-03      0.108 
 444   23   22  4    -0.0766    -0.0719    -0.0763  +4.4094e-03      0.108 
 376   33   32  1    -0.0050    -0.0003    -0.0041  +3.8618e-03      0.108 
 351   18    4  1    -0.0247    -0.0285    -0.0241  -4.3847e-03      0.107 
 244   40   56  1    -0.0140    -0.0092    -0.0136  +4.4315e-03      0.107 
 207   24   25  1    +0.0187    +0.0147    +0.0191  -4.4159e-03      0.107 
 474   50   49  4    -0.0893    -0.0840    -0.0887  +4.7092e-03      0.107 
 292    7   29  4    -0.1627    -0.1687    -0.1638  -4.9391e-03      0.107 
 205   23   24  1    -0.1670    -0.1622    -0.1674  +5.2129e-03      0.107 
 388   44   38  1    -0.2145    -0.2058    -0.2112  +5.3929e-03      0.106 
 442   20   21  4    +0.0066    +0.0087    +0.0046  +4.0680e-03      0.106 
 395   51   50  1    +0.0903    +0.0851    +0.0899  -4.8034e-03      0.106 
 320   53   54  4    -0.0172    -0.0219    -0.0177  -4.1536e-03      0.105 
 269    3   15  4    -0.0286    -0.0341    -0.0301  -4.0467e-03      0.105 
 121    0    7  5    +0.0000    -0.0037    -0.0011  -2.5312e-03      0.105 
 233   48   49  1    -0.0640    -0.0684    -0.0638  -4.5907e-03      0.104 
  47    0   47  6    +1.0954    +1.0883    +1.0960  -7.6083e-03      0.104 
 422   12    9  4    +0.1103    +0.1048    +0.1099  -5.0916e-03      0.104 
 250   38   48  1    -0.0089    -0.0134    -0.0096  -3.7815e-03      0.103 
 123    0    9  5    -0.0480    -0.0523    -0.0500  -2.3170e-03      0.103 
  29    0   29  6    +1.0548    +1.0479    +1.0553  -7.4056e-03      0.103 
 101    0   44  2    -0.0170    -0.0137    -0.0107  -3.0343e-03      0.103 
 142    0   28  5    -0.0030    -0.0015    -0.0046  +3.0657e-03      0.103 
  24    0   24  6    +1.0957    +1.1038    +1.0963  +7.4880e-03      0.102 
 367   25   24  1    -0.0187    -0.0233    -0.0191  -4.2041e-03      0.102 
 210   27   28  1    -0.2323    -0.2396    -0.2343  -5.2711e-03      0.101 
  95    0   38  2    -0.0200    -0.0253    -0.0228  -2.4976e-03      0.101 
 287   24   25  4    -0.0291    -0.0250    -0.0292  +4.1983e-03      0.099 
 381   38   37  1    -0.0228    -0.0177    -0.0213  +3.5446e-03      0.099 
 159    0   45  5    +0.0000    -0.0016    +0.0014  -3.0067e-03      0.099 
 117    0    3  5    -0.1290    -0.1336    -0.1304  -3.2129e-03      0.098 
 424   14   13  4    +0.1464    +0.1425    +0.1472  -4.6971e-03      0.098 
  51    0   51  6    +1.0888    +1.0962    +1.0891  +7.1313e-03      0.098 
 300   36   37  4    -0.0507    -0.0566    -0.0529  -3.7243e-03      0.097 
 236   10   51  1    +0.1153    +0.1210    +0.1167  +4.2827e-03      0.097 
 476   51   10  4    +0.0649    +0.0608    +0.0648  -3.9568e-03      0.097 
 227   41   43  1    -0.0355    -0.0391    -0.0351  -3.9744e-03      0.097 
 452   29    7  4    +0.1705    +0.1671    +0.1716  -4.4878e-03      0.096 
  25    0   25  6    +1.1286    +1.1222    +1.1293  -7.0589e-03      0.096 
   4    0    4  6    +1.0125    +1.0056    +1.0124  -6.7971e-03      0.096 
  53    0   53  6    +1.0633    +1.0572    +1.0641  -6.8916e-03      0.096 
 327   39   57  4    +0.0230    +0.0181    +0.0221  -4.0372e-03      0.096 
  97    0   40  2    -0.0000    -0.0030    +0.0003  -3.2317e-03      0.095 
 306   41   42  4    -0.0224    -0.0267    -0.0229  -3.7728e-03      0.095 
 408   56   57  1    +0.0176    +0.0222    +0.0187  +3.5662e-03      0.094 
 457   32   34  4    -0.0024    +0.0005    -0.0031  +3.5675e-03      0.094 
 369   27   26  1    +0.2193    +0.2148    +0.2198  -4.9413e-03      0.093 
 471   47   46  4    -0.1613    -0.1547    -0.1592  +4.5051e-03      0.093 
 465   41   11  4    +0.0194    +0.0155    +0.0194  -3.8927e-03      0.093 
 130    0   16  5    -0.0040    -0.0086    -0.0060  -2.5358e-03      0.092 
 310   14   46  4    +0.1604    +0.1521    +0.1565  -4.3804e-03      0.091 
 168    0   54  5    -0.0020    -0.0050    -0.0021  -2.8593e-03      0.091 
 360   19   18  1    -0.0060    -0.0022    -0.0058  +3.5413e-03      0.091 
 413    3    2  4    -0.5413    -0.5447    -0.5384  -6.2991e-03      0.091 
 359   15   14  1    -0.5641    -0.5593    -0.5657  +6.4365e-03      0.091 
 255    4    5  4    +0.2566    +0.2587    +0.2536  +5.1086e-03      0.091 
 363   22   21  1    +0.0020    +0.0049    +0.0018  +3.1851e-03      0.091 
 247   39   57  1    -0.0085    -0.0040    -0.0077  +3.7071e-03      0.090 
  92    0   35  2    -0.0080    -0.0118    -0.0089  -2.8788e-03      0.090 
 213   25   30  1    +0.0291    +0.0241    +0.0275  -3.3405e-03      0.088 
 439   15   14  4    +0.3215    +0.3117    +0.3169  -5.1828e-03      0.088 
 319   52   53  4    -0.0737    -0.0788    -0.0751  -3.6922e-03      0.088 
 198   12   17  1    +0.7423    +0.7531    +0.7462  +6.9162e-03      0.087 
 302   37   39  4    +0.0230    +0.0260    +0.0228  +3.2345e-03      0.087 
 223   36   40  1    -0.0139    -0.0106    -0.0138  +3.1786e-03      0.087 
 431   18    4  4    +0.0596    +0.0570    +0.0532  +3.8008e-03      0.087 
 406   42   56  1    +0.0222    +0.0277    +0.0242  +3.4489e-03      0.087 
 472   48   47  4    -0.1448    -0.1502    -0.1463  -3.9653e-03      0.086 
  12    0   12  6    +1.0150    +1.0212    +1.0152  +6.0592e-03      0.086 
 283   21   22  4    +0.0066    +0.0079    +0.0049  +3.0441e-03      0.085 
 145    0   31  5    -0.0040    -0.0012    -0.0039  +2.7372e-03      0.085 
 396   51   10  1    -0.1153    -0.1205    -0.1167  -3.7427e-03      0.085 
 486   42   56  4    -0.0289    -0.0264    -0.0298  +3.4386e-03      0.085 
 412    2    1  4    -0.9107    -0.8977    -0.9045  +6.7814e-03      0.084 
 385   41   11  1    -0.0274    -0.0243    -0.0279  +3.5746e-03      0.084 
 234   49   50  1    -0.0589    -0.0559    -0.0594  +3.4685e-03      0.084 
 410   48   38  1    +0.0095    +0.0072    +0.0103  -3.0652e-03      0.084 
 185   13   15  1    +0.6543    +0.6489    +0.6552  -6.3240e-03      0.083 
 480   54   53  4    +0.0173    +0.0211    +0.0179  +3.2590e-03      0.083 
 371   29   28  1    +0.2448    +0.2502    +0.2459  +4.2152e-03      0.082 
 436   13   12  4    -0.2009    -0.2058    -0.2016  -4.1562e-03      0.081 
 484   56   40  4    -0.0472    -0.0430    -0.0466  +3.5938e-03      0.081 
 104    0   47  2    -0.0420    -0.0364    -0.0391  +2.7627e-03      0.081 
 394   50   49  1    +0.0597    +0.0568    +0.0601  -3.3192e-03      0.080 
 256    4    6  4    +0.2561    +0.2484    +0.2529  -4.4964e-03      0.079 
 163    0   49  5    -0.0120    -0.0094    -0.0114  +2.0583e-03      0.079 
 140    0   26  5    -0.0000    +0.0039    +0.0063  -2.3448e-03      0.079 
 275   11   13  4    -0.1983    -0.1906    -0.1946  +4.0012e-03      0.078 
 298   34   35  4    -0.0024    -0.0057    -0.0029  -2.7893e-03      0.078 
 415    5    4  4    -0.2441    -0.2456    -0.2412  -4.3701e-03      0.078 
 491   55    9  4    -0.0244    -0.0230    -0.0201  -2.8715e-03      0.078 
 211   28   29  1    -0.2421    -0.2393    -0.2433  +3.9880e-03      0.078 
 425   15   13  4    +0.2826    +0.2846    +0.2801  +4.5337e-03      0.078 
 487   57   39  4    -0.0223    -0.0182    -0.0215  +3.2669e-03      0.077 
 490   48   38  4    +0.1498    +0.1570    +0.1534  +3.6015e-03      0.077 
 364   23   22  1    +0.1580    +0.1542    +0.1578  -3.5332e-03      0.077 
 245   56   41  1    -0.0206    -0.0230    -0.0198  -3.2295e-03      0.077 
 309   15   45  4    -0.0331    -0.0390    -0.0359  -3.0300e-03      0.077 
 419    9    8  4    +0.6164    +0.6232    +0.6180  +5.2235e-03      0.076 
 251    9   55  1    -0.0024    +0.0006    -0.0020  +2.6186e-03      0.075 
 225   11   41  1    +0.0274    +0.0311    +0.0279  +3.1954e-03      0.075 
 282   21   20  4    -0.0066    -0.0075    -0.0046  -2.8956e-03      0.075 
 155    0   41  5    -0.0040    -0.0042    -0.0062  +2.0159e-03      0.074 
 397   49   13  1    -0.0795    -0.0826    -0.0792  -3.3824e-03      0.074 
 316   10   51  4    -0.0638    -0.0667    -0.0637  -3.0126e-03      0.074 
 328   57   56  4    +0.0193    +0.0243    +0.0215  +2.7725e-03      0.073 
 311   46   47  4    +0.1588    +0.1533    +0.1568  -3.4995e-03      0.073 
  77    0   20  2    -0.0030    -0.0038    -0.0014  -2.3251e-03      0.072 
 416    6    4  4    -0.2032    -0.2038    -0.2000  -3.8617e-03      0.072 
 297   34   32  4    +0.0024    +0.0005    +0.0032  -2.6964e-03      0.071 
  35    0   35  6    +1.0795    +1.0848    +1.0797  +5.0981e-03      0.070 
 217   34   32  1    -0.0088    -0.0141    -0.0114  -2.6569e-03      0.070 
 235   50   51  1    -0.0887    -0.0851    -0.0883  +3.1810e-03      0.070 
 143    0   29  5    -0.0040    -0.0052    -0.0033  -1.8731e-03      0.070 
 109    0   52  2    -0.0070    -0.0030    -0.0052  +2.1504e-03      0.070 
  93    0   36  2    -0.0000    -0.0049    -0.0029  -1.9819e-03      0.070 
 288   24   26  4    +0.1358    +0.1279    +0.1311  -3.1275e-03      0.069 
 102    0   45  2    -0.0000    -0.0048    -0.0029  -1.8992e-03      0.069 
 277   12   16  4    -0.2021    -0.1942    -0.1977  +3.4862e-03      0.069 
 190    4   18  1    +0.0193    +0.0214    +0.0241  -2.7753e-03      0.069 
 305   11   41  4    -0.0187    -0.0158    -0.0186  +2.8542e-03      0.068 
 158    0   44  5    -0.0030    -0.0028    -0.0007  -2.0979e-03      0.068 
 199   14   15  1    +0.5712    +0.5680    +0.5728  -4.7943e-03      0.068 
 230   14   46  1    -0.0117    -0.0090    -0.0115  +2.5042e-03      0.067 
 110    0   53  2    -0.0280    -0.0234    -0.0257  +2.2485e-03      0.067 
 105    0   48  2    +0.0000    -0.0024    -0.0005  -1.8839e-03      0.067 
 231   46   47  1    -0.0117    -0.0105    -0.0130  +2.4797e-03      0.067 
 200   18   19  1    +0.0061    +0.0084    +0.0058  +2.5742e-03      0.066 
 206   24   25  1    +0.0194    +0.0219    +0.0191  +2.7341e-03      0.066 
  63    0    6  2    -0.1050    -0.1084    -0.1100  +1.6340e-03      0.066 
 325   56   41  4    +0.0341    +0.0318    +0.0346  -2.8174e-03      0.066 
 485   41   56  4    -0.0333    -0.0366    -0.0339  -2.7900e-03      0.065 
 239   52   53  1    +0.0471    +0.0446    +0.0472  -2.5744e-03      0.064 
 377   32   34  1    +0.0088    +0.0090    +0.0114  -2.4431e-03      0.064 
 294   30   31  4    +0.0060    +0.0103    +0.0079  +2.3870e-03      0.064 
 317   13   49  4    +0.1474    +0.1489    +0.1457  +3.1975e-03      0.064 
 188    1   17  1    -0.6496    -0.6516    -0.6470  -4.6394e-03      0.064 
 378   35   34  1    -0.0088    -0.0140    -0.0117  -2.2866e-03      0.063 
 382   39   37  1    +0.0085    +0.0061    +0.0083  -2.2764e-03      0.063 
 462   39   37  4    -0.0230    -0.0251    -0.0227  -2.3336e-03      0.063 
 161    0   47  5    -0.0160    -0.0106    -0.0125  +1.9090e-03      0.063 
 479   53   52  4    +0.0744    +0.0784    +0.0758  +2.6139e-03      0.062 
 398   52   29  1    -0.0541    -0.0549    -0.0524  -2.5251e-03      0.062 
 329   38   49  4    -0.0438    -0.0469    -0.0442  -2.7020e-03      0.062 
 112    0   55  2    -0.0100    -0.0072    -0.0092  +1.9556e-03      0.061 
 463   40   36  4    -0.0497    -0.0457    -0.0481  +2.3945e-03      0.061 
 261    9   11  4    -0.2182    -0.2225    -0.2193  -3.2265e-03      0.061 
 281   19   20  4    +0.0076    +0.0081    +0.0057  +2.3271e-03      0.061 
  54    0   54  6    +1.0638    +1.0687    +1.0643  +4.3768e-03      0.061 
 361   20   19  1    -0.0010    +0.0027    +0.0004  +2.2821e-03      0.061 
 120    0    6  5    -0.0830    -0.0785    -0.0768  -1.7373e-03      0.060 
  55    0   55  6    +1.0659    +1.0624    +1.0667  -4.3147e-03      0.060 
 390   46   14  1    +0.0117    +0.0093    +0.0115  -2.2042e-03      0.059 
 268    1   17  4    +0.2844    +0.2772    +0.2805  -3.2937e-03      0.059 
 266    1   15  4    +0.7024    +0.7012    +0.6967  +4.4614e-03      0.059 
 473   49   48  4    -0.0003    -0.0035    -0.0012  -2.3090e-03      0.059 
 402   43   11  1    -0.0384    -0.0391    -0.0413  +2.2440e-03      0.058 
 220   36   37  1    +0.0147    +0.0116    +0.0137  -2.0720e-03      0.058 
 135    0   21  5    +0.0000    -0.0016    +0.0003  -1.8814e-03      0.058 
 167    0   53  5    -0.0140    -0.0151    -0.0133  -1.8414e-03      0.057 
 285   23   24  4    +0.0736    +0.0698    +0.0723  -2.4231e-03      0.057 
 219   35   36  1    +0.0008    +0.0047    +0.0028  +1.9678e-03      0.056 
 232   47   48  1    -0.0541    -0.0504    -0.0526  +2.2097e-03      0.056 
 150    0   36  5    +0.0000    -0.0041    -0.0025  -1.5522e-03      0.055 
 468   44   38  4    -0.0395    -0.0366    -0.0388  +2.1600e-03      0.055 
  98    0   41  2    -0.0090    -0.0116    -0.0131  +1.5011e-03      0.055 
 127    0   13  5    -0.0030    -0.0075    -0.0086  +1.1095e-03      0.055 
 238   29   52  1    +0.0551    +0.0511    +0.0534  -2.2209e-03      0.055 
 440   19   18  4    -0.0086    -0.0107    -0.0085  -2.1445e-03      0.055 
 344   14   13  1    -0.5745    -0.5706    -0.5744  +3.8614e-03      0.054 
 157    0   43  5    -0.0010    +0.0040    +0.0023  +1.6883e-03      0.054 
  52    0   52  6    +1.0598    +1.0566    +1.0605  -3.8904e-03      0.054 
 222   37   39  1    -0.0085    -0.0102    -0.0083  -1.8756e-03      0.052 
 372   29    7  1    -0.3238    -0.3270    -0.3241  -2.8639e-03      0.052 
 249   38   49  1    -0.0487    -0.0511    -0.0488  -2.2873e-03      0.052 
 171    0   57  5    -0.0030    +0.0017    +0.0000  +1.6794e-03      0.051 
 346   15    1  1    +1.6087    +1.6060    +1.6115  -5.4916e-03      0.051 
 409   49   38  1    +0.0491    +0.0470    +0.0492  -2.2403e-03      0.051 
  23    0   23  6    +1.0875    +1.0915    +1.0878  +3.7265e-03      0.051 
 421   11    9  4    +0.2471    +0.2518    +0.2491  +2.7135e-03      0.050 
 136    0   22  5    +0.0000    -0.0029    -0.0016  -1.3665e-03      0.050 
 488   56   57  4    -0.0192    -0.0195    -0.0213  +1.8662e-03      0.049 
 214   30   31  1    +0.0240    +0.0243    +0.0262  -1.8856e-03      0.049 
 114    0   57  2    -0.0090    -0.0092    -0.0108  +1.6054e-03      0.049 
 446   25   24  4    +0.0316    +0.0324    +0.0304  +2.0374e-03      0.048 
 290   27   28  4    +0.1177    +0.1219    +0.1197  +2.1462e-03      0.048 
 129    0   15  5    -0.0070    -0.0085    -0.0095  +9.8117e-04      0.047 
  96    0   39  2    -0.0000    +0.0022    +0.0006  +1.5806e-03      0.047 
  14    0   14  6    +1.0040    +1.0073    +1.0042  +3.1652e-03      0.045 
 162    0   48  5    +0.0000    +0.0041    +0.0030  +1.1649e-03      0.044 
 374   31   30  1    -0.0239    -0.0277    -0.0260  -1.6877e-03      0.044 
 483   45   44  4    -0.0368    -0.0364    -0.0382  +1.7605e-03      0.043 
 148    0   34  5    +0.0000    +0.0017    +0.0003  +1.3942e-03      0.043 
 293   25   30  4    +0.0092    +0.0072    +0.0088  -1.5458e-03      0.042 
  20    0   20  6    +1.0478    +1.0494    +1.0464  +2.9625e-03      0.042 
 156    0   42  5    -0.0060    -0.0052    -0.0065  +1.2930e-03      0.041 
 400   54   53  1    -0.0184    -0.0193    -0.0209  +1.6177e-03      0.041 
 322   11   43  4    -0.0301    -0.0340    -0.0324  -1.5535e-03      0.041 
 477   49   13  4    -0.1431    -0.1395    -0.1415  +2.0213e-03      0.040 
  79    0   22  2    +0.0000    +0.0012    +0.0001  +1.0574e-03      0.040 
 226   41   42  1    +0.0325    +0.0277    +0.0293  -1.6057e-03      0.040 
 144    0   30  5    -0.0030    +0.0006    -0.0007  +1.2512e-03      0.039 
 391   47   46  1    +0.0121    +0.0120    +0.0135  -1.4671e-03      0.039 
  94    0   37  2    +0.0000    +0.0008    -0.0003  +1.0870e-03      0.039 
 386   42   41  1    -0.0322    -0.0275    -0.0290  +1.5738e-03      0.039 
  58    0    1  2    -4.1081    -4.1049    -4.1108  +5.8244e-03      0.038 
 451   29   28  4    -0.1051    -0.1037    -0.1053  +1.6331e-03      0.038 
  48    0   48  6    +1.0932    +1.0964    +1.0937  +2.7324e-03      0.037 
 215   31   32  1    +0.0159    +0.0138    +0.0124  +1.4258e-03      0.037 
  82    0   25  2    -0.0090    -0.0127    -0.0116  -1.0821e-03      0.036 
  22    0   22  6    +1.0872    +1.0900    +1.0874  +2.6121e-03      0.036 
  65    0    8  2    +4.2900    +4.2994    +4.3049  -5.4813e-03      0.036 
 111    0   54  2    -0.0060    -0.0107    -0.0096  -1.1269e-03      0.036 
 141    0   27  5    -0.0010    -0.0016    -0.0005  -1.0769e-03      0.035 
  76    0   19  2    -0.0050    -0.0050    -0.0062  +1.1308e-03      0.035 
  70    0   13  2    -0.0250    -0.0243    -0.0236  -6.9734e-04      0.035 
 134    0   20  5    -0.0010    +0.0000    -0.0011  +1.1079e-03      0.035 
 126    0   12  5    -0.0547    -0.0489    -0.0480  -8.8187e-04      0.034 
 379   36   35  1    -0.0008    -0.0016    -0.0028  +1.1615e-03      0.033 
 458   35   34  4    -0.0013    -0.0020    -0.0008  -1.1678e-03      0.033 
 201   19   20  1    +0.0010    +0.0008    -0.0004  +1.2194e-03      0.032 
 338    8    6  1    +0.7797    +0.7861    +0.7835  +2.5669e-03      0.032 
 318   29   52  4    -0.0694    -0.0683    -0.0696  +1.3115e-03      0.031 
 407   57   39  1    +0.0085    +0.0090    +0.0077  +1.2729e-03      0.031 
  59    0    2  2    -0.0040    -0.0039    -0.0045  +5.8762e-04      0.031 
  10    0   10  6    +1.0087    +1.0068    +1.0089  -2.1596e-03      0.031 
 133    0   19  5    -0.0010    -0.0018    -0.0028  +9.7262e-04      0.031 
 299   35   36  4    -0.0027    -0.0051    -0.0040  -1.0726e-03      0.031 
 323   44   45  4    +0.0365    +0.0368    +0.0380  -1.2479e-03      0.030 
 355   13   11  1    -0.6583    -0.6524    -0.6547  +2.2458e-03      0.030 
 209   26   27  1    -0.2099    -0.2119    -0.2104  -1.5832e-03      0.030 
 139    0   25  5    -0.0040    -0.0053    -0.0044  -9.0730e-04      0.030 
 169    0   55  5    -0.0050    -0.0009    -0.0000  -9.2819e-04      0.030 
  91    0   34  2    +0.0000    +0.0012    +0.0003  +9.5359e-04      0.029 
 469   45   15  4    +0.0368    +0.0408    +0.0396  +1.1528e-03      0.029 
 399   53   52  1    -0.0465    -0.0478    -0.0467  -1.1386e-03      0.028 
 331    9   55  4    +0.0245    +0.0211    +0.0201  +1.0183e-03      0.028 
 175    4    5  1    -0.4785    -0.4777    -0.4795  +1.8535e-03      0.027 
  83    0   26  2    -0.0000    -0.0043    -0.0035  -7.8439e-04      0.027 
 179    8    9  1    +2.5342    +2.5463    +2.5428  +3.4011e-03      0.027 
  88    0   31  2    -0.0080    -0.0127    -0.0136  +8.3813e-04      0.026 
  90    0   33  2    -0.0050    -0.0032    -0.0041  +9.0184e-04      0.025 
 272    5    6  4    +0.2381    +0.2364    +0.2377  -1.3380e-03      0.025 
 260    9   10  4    -0.1355    -0.1364    -0.1352  -1.2159e-03      0.025 
 393   49   48  1    +0.0643    +0.0651    +0.0641  +1.0771e-03      0.024 
 455   32   31  4    -0.0016    -0.0045    -0.0036  -9.1126e-04      0.024 
 204   22   23  1    -0.1578    -0.1564    -0.1575  +1.0862e-03      0.024 
 246   56   42  1    -0.0220    -0.0249    -0.0239  -9.4364e-04      0.024 
 224   22   38  1    +0.1557    +0.1569    +0.1559  +1.0461e-03      0.023 
 375   32   31  1    -0.0158    -0.0115    -0.0124  +9.0539e-04      0.023 
 448   26   24  4    -0.1331    -0.1275    -0.1285  +1.0402e-03      0.023 
 284   22   23  4    +0.0770    +0.0776    +0.0767  +9.1603e-04      0.023 
 274   10   12  4    -0.1207    -0.1211    -0.1200  -1.0458e-03      0.022 
  87    0   30  2    -0.0050    -0.0005    -0.0012  +6.6700e-04      0.021 
 278   12   17  4    -0.2012    -0.1975    -0.1986  +1.1203e-03      0.021 
  86    0   29  2    -0.0240    -0.0254    -0.0248  -5.4953e-04      0.021 
 489   49   38  4    +0.0409    +0.0404    +0.0413  -8.8322e-04      0.020 
 254    3    4  4    +0.4409    +0.4392    +0.4380  +1.2229e-03      0.020 
 295   31   32  4    +0.0018    +0.0030    +0.0037  -7.5115e-04      0.020 
 196   12   13  1    -0.0116    -0.0113    -0.0106  -6.7696e-04      0.019 
  78    0   21  2    -0.0000    +0.0007    +0.0001  +6.1034e-04      0.019 
 151    0   37  5    -0.0000    +0.0013    +0.0018  -5.0502e-04      0.019 
 456   33   32  4    -0.0030    -0.0015    -0.0021  +6.5389e-04      0.018 
 182    9   12  1    +0.4082    +0.4102    +0.4090  +1.1925e-03      0.018 
 166    0   52  5    -0.0030    -0.0037    -0.0042  +5.2458e-04      0.017 
 253    2    3  4    +0.6178    +0.6164    +0.6152  +1.1783e-03      0.016 
  84    0   27  2    -0.0130    -0.0150    -0.0146  -4.8239e-04      0.016 
 103    0   46  2    +0.0000    -0.0020    -0.0015  -4.9449e-04      0.016 
 313   48   49  4    -0.0050    -0.0048    -0.0042  -6.3130e-04      0.016 
 237   13   49  1    +0.0795    +0.0785    +0.0792  -7.1757e-04      0.016 
 276   12   13  4    +0.1409    +0.1409    +0.1416  -7.3509e-04      0.016 
  41    0   41  6    +1.0659    +1.0651    +1.0662  -1.1164e-03      0.015 
 449   27   26  4    -0.1187    -0.1195    -0.1202  +7.2689e-04      0.015 
 467   43   41  4    -0.0314    -0.0311    -0.0304  -6.2205e-04      0.015 
 263    9   13  4    -0.1977    -0.1974    -0.1966  -8.0679e-04      0.015 
   2    0    2  6    +1.0263    +1.0268    +1.0258  +1.0255e-03      0.014 
 241   54   55  1    +0.0124    +0.0118    +0.0113  +5.4544e-04      0.014 
 243   44   45  1    +0.1975    +0.1998    +0.2005  -7.2716e-04      0.014 
 149    0   35  5    -0.0040    -0.0053    -0.0048  -4.4039e-04      0.014 
 221   37   38  1    +0.0231    +0.0211    +0.0216  -4.9529e-04      0.014 
 454   31   30  4    -0.0058    -0.0071    -0.0076  +5.0833e-04      0.014 
 286   24   25  4    -0.0303    -0.0297    -0.0292  -5.7175e-04      0.013 
  81    0   24  2    +0.0000    +0.0040    +0.0043  -3.3723e-04      0.013 
 423   13    9  4    +0.2423    +0.2422    +0.2415  +7.4996e-04      0.013 
 146    0   32  5    -0.0010    -0.0049    -0.0045  -3.8828e-04      0.013 
 107    0   50  2    -0.0290    -0.0278    -0.0282  +4.1187e-04      0.013 
 443   22   21  4    -0.0066    -0.0044    -0.0049  +4.5318e-04      0.013 
 445   24   23  4    -0.0763    -0.0755    -0.0749  -5.4049e-04      0.012 
 202   21   20  1    +0.0020    +0.0014    +0.0018  -4.6288e-04      0.012 
 314   49   50  4    +0.0906    +0.0895    +0.0900  -5.0077e-04      0.011 
 208   24   26  1    -0.2099    -0.2063    -0.2069  +5.6116e-04      0.011 
 461   38   37  4    +0.0720    +0.0717    +0.0721  -4.0703e-04      0.010 
 417    7    6  4    -0.1235    -0.1247    -0.1242  -4.4923e-04      0.010 
 164    0   50  5    -0.0150    -0.0132    -0.0135  +2.9485e-04      0.010 
 475   51   50  4    -0.0719    -0.0724    -0.0728  +3.7443e-04      0.008 
 315   50   51  4    +0.0743    +0.0756    +0.0752  +3.6562e-04      0.008 
 138    0   24  5    +0.0000    -0.0036    -0.0034  -2.1740e-04      0.008 
 307   41   43  4    +0.0323    +0.0309    +0.0312  -3.2855e-04      0.008 
 447   25   24  4    +0.0304    +0.0307    +0.0304  +3.3738e-04      0.008 
 418    8    6  4    -0.1540    -0.1547    -0.1543  -4.0406e-04      0.008 
 464   38   22  4    +0.0712    +0.0744    +0.0741  +2.8513e-04      0.007 
 405   41   56  1    +0.0214    +0.0203    +0.0206  -3.0340e-04      0.007 
 181    9   11  1    +0.7504    +0.7568    +0.7574  -5.6725e-04      0.007 
   5    0    5  6    +1.0100    +1.0108    +1.0103  +5.0266e-04      0.007 
  99    0   42  2    -0.0100    -0.0050    -0.0048  -2.1731e-04      0.007 
 257    6    7  4    +0.1373    +0.1389    +0.1386  +3.0579e-04      0.006 
 212    7   29  1    +0.3238    +0.3238    +0.3241  -3.4613e-04      0.006 
 350   18    4  1    -0.0193    -0.0239    -0.0241  +2.4533e-04      0.006 
  85    0   28  2    -0.0060    -0.0049    -0.0050  +1.6460e-04      0.006 
 362   20   21  1    -0.0020    -0.0021    -0.0018  -2.1712e-04      0.006 
 481   55   54  4    +0.0194    +0.0198    +0.0201  -2.1673e-04      0.006 
 435   13   11  4    +0.2143    +0.2104    +0.2102  +2.6568e-04      0.005 
 154    0   40  5    +0.0000    +0.0011    +0.0010  +1.4719e-04      0.004 
 100    0   43  2    -0.0030    -0.0063    -0.0062  -1.3163e-04      0.004 
 450   28   27  4    -0.1118    -0.1135    -0.1137  +1.5185e-04      0.003 
 470   46   14  4    -0.1588    -0.1551    -0.1550  -1.4261e-04      0.003 
  13    0   13  6    +1.0054    +1.0053    +1.0055  -1.9318e-04      0.003 
 368   26   24  1    +0.2099    +0.2067    +0.2069  -1.3116e-04      0.003 
 401   55   54  1    -0.0123    -0.0111    -0.0112  +7.4269e-05      0.002 
 264   13   14  4    -0.1423    -0.1432    -0.1431  -9.1687e-05      0.002 
 279   14   15  4    -0.3137    -0.3093    -0.3092  -1.1058e-04      0.002 
  61    0    4  2    +0.0000    -0.0032    -0.0031  -2.3783e-05      0.001 
 459   36   35  4    +0.0009    +0.0021    +0.0022  -2.2972e-05      0.001 
  89    0   32  2    -0.0020    +0.0032    +0.0032  -1.0266e-05      0.000 
----------------------------------------------------------------------------------
Não foram identificados erros grosseiros.
Não foram identificadas medidas críticas.
Possíveis conjuntos críticos:
Conjunto 1: 264 401
Conjunto 2: 181 405 464
Conjunto 3: 405 464
Conjunto 4: 418 447
Conjunto 5: 447 307
Conjunto 6: 307 138
Conjunto 7: 164 417
Conjunto 8: 443 107
Conjunto 9: 423 81
Conjunto 10: 286 454
Conjunto 11: 221 149 243
Conjunto 12: 149 243
Conjunto 13: 449 41
Conjunto 14: 276 237
Conjunto 15: 237 313
Conjunto 16: 84 253
Conjunto 17: 456 151
Conjunto 18: 78 196
Conjunto 19: 86 278
Conjunto 20: 278 87
Conjunto 21: 224 246 204
Conjunto 22: 246 204
Conjunto 23: 272 90
Conjunto 24: 179 83
Conjunto 25: 91 169
Conjunto 26: 139 209
Conjunto 27: 355 323
Conjunto 28: 323 299 133 10
Conjunto 29: 299 133 10 59
Conjunto 30: 133 10 59
Conjunto 31: 10 59
Conjunto 32: 59 407
Conjunto 33: 318 338
Conjunto 34: 70 76 141 111 65
Conjunto 35: 76 141 111 65 22
Conjunto 36: 141 111 65 22
Conjunto 37: 111 65 22
Conjunto 38: 65 22
Conjunto 39: 82 215
Conjunto 40: 451 58
Conjunto 41: 386 94
Conjunto 42: 391 144 226
Conjunto 43: 144 226
Conjunto 44: 79 477
Conjunto 45: 477 322
Conjunto 46: 400 156
Conjunto 47: 20 293
Conjunto 48: 293 148
Conjunto 49: 148 483
Conjunto 50: 374 162
Conjunto 51: 290 446
Conjunto 52: 446 114
Conjunto 53: 114 214
Conjunto 54: 214 488
Conjunto 55: 136 421
Conjunto 56: 23 409 346 171
Conjunto 57: 409 346 171
Conjunto 58: 346 171
Conjunto 59: 249 372 222
Conjunto 60: 372 222
Conjunto 61: 52 157 344
Conjunto 62: 157 344 440 238
Conjunto 63: 344 440 238
Conjunto 64: 440 238
Conjunto 65: 127 98 468 150 232
Conjunto 66: 98 468 150 232
Conjunto 67: 468 150 232
Conjunto 68: 150 232
Conjunto 69: 219 285
Conjunto 70: 135 220 402
Conjunto 71: 220 402 473
Conjunto 72: 402 473 266
Conjunto 73: 473 266 268
Conjunto 74: 266 268 390
Conjunto 75: 268 390 55
Conjunto 76: 390 55
Conjunto 77: 55 120
Conjunto 78: 120 361 54 281
Conjunto 79: 361 54 281 261 463
Conjunto 80: 54 281 261 463 112
Conjunto 81: 281 261 463 112
Conjunto 82: 261 463 112
Conjunto 83: 463 112
Conjunto 84: 329 398 479
Conjunto 85: 398 479 161
Conjunto 86: 479 161
Conjunto 87: 161 462 382
Conjunto 88: 462 382 378 188
Conjunto 89: 382 378 188 317 294
Conjunto 90: 378 188 317 294
Conjunto 91: 188 317 294
Conjunto 92: 317 294 377 239
Conjunto 93: 294 377 239
Conjunto 94: 377 239 485
Conjunto 95: 239 485
Conjunto 96: 325 63 206
Conjunto 97: 63 206 200 231
Conjunto 98: 206 200 231
Conjunto 99: 200 231 105
Conjunto 100: 231 105 110
Conjunto 101: 105 110 230
Conjunto 102: 110 230 199
Conjunto 103: 230 199 158 305
Conjunto 104: 199 158 305
Conjunto 105: 158 305 190 277 102
Conjunto 106: 305 190 277 102
Conjunto 107: 190 277 102 288
Conjunto 108: 277 102 288
Conjunto 109: 102 288
Conjunto 110: 93 109 143 235 217 35
Conjunto 111: 109 143 235 217 35
Conjunto 112: 143 235 217 35
Conjunto 113: 235 217 35
Conjunto 114: 217 35
Conjunto 115: 416 77
Conjunto 116: 77 311 328
Conjunto 117: 311 328
Conjunto 118: 316 397 155
Conjunto 119: 397 155
Conjunto 120: 155 282
Conjunto 121: 282 225 251
Conjunto 122: 225 251
Conjunto 123: 419 309 245 364
Conjunto 124: 309 245 364 490 487 425
Conjunto 125: 245 364 490 487 425 211
Conjunto 126: 364 490 487 425 211
Conjunto 127: 490 487 425 211 491
Conjunto 128: 487 425 211 491
Conjunto 129: 425 211 491 415 298
Conjunto 130: 211 491 415 298 275
Conjunto 131: 491 415 298 275
Conjunto 132: 415 298 275 140
Conjunto 133: 298 275 140
Conjunto 134: 275 140
Conjunto 135: 140 163 256
Conjunto 136: 163 256
Conjunto 137: 256 394
Conjunto 138: 394 104
Conjunto 139: 104 484
Conjunto 140: 484 436
Conjunto 141: 436 371
Conjunto 142: 371 480 185
Conjunto 143: 480 185
Conjunto 144: 185 410
Conjunto 145: 410 234 385 412
Conjunto 146: 234 385 412
Conjunto 147: 385 412 486 396
Conjunto 148: 412 486 396
Conjunto 149: 486 396 145 283
Conjunto 150: 396 145 283 12
Conjunto 151: 145 283 12
Conjunto 152: 283 12
Conjunto 153: 12 472 406
Conjunto 154: 472 406 431
Conjunto 155: 406 431 223 302 198
Conjunto 156: 431 223 302 198 319 439 213
Conjunto 157: 223 302 198 319 439 213
Conjunto 158: 302 198 319 439 213
Conjunto 159: 198 319 439 213
Conjunto 160: 319 439 213
Conjunto 161: 439 213
Conjunto 162: 92 247 363
Conjunto 163: 247 363 255 359 413 360 168
Conjunto 164: 363 255 359 413 360 168
Conjunto 165: 255 359 413 360 168 310
Conjunto 166: 359 413 360 168 310
Conjunto 167: 413 360 168 310 130
Conjunto 168: 360 168 310 130
Conjunto 169: 168 310 130
Conjunto 170: 310 130
Conjunto 171: 465 471 369
Conjunto 172: 471 369 457
Conjunto 173: 369 457
Conjunto 174: 457 408
Conjunto 175: 408 306
Conjunto 176: 306 97 327 53
Conjunto 177: 97 327 53 4
Conjunto 178: 327 53 4 25 452
Conjunto 179: 53 4 25 452
Conjunto 180: 4 25 452 227 476 236
Conjunto 181: 25 452 227 476 236
Conjunto 182: 452 227 476 236 300
Conjunto 183: 227 476 236 300 51
Conjunto 184: 476 236 300 51
Conjunto 185: 236 300 51
Conjunto 186: 300 51 424
Conjunto 187: 51 424 117
Conjunto 188: 424 117 159 381 287
Conjunto 189: 117 159 381 287
Conjunto 190: 159 381 287
Conjunto 191: 381 287
Conjunto 192: 95 210
Conjunto 193: 210 367
Conjunto 194: 367 24 142 101
Conjunto 195: 24 142 101 29
Conjunto 196: 142 101 29 123 250
Conjunto 197: 101 29 123 250
Conjunto 198: 29 123 250 422 47 233
Conjunto 199: 123 250 422 47 233
Conjunto 200: 250 422 47 233
Conjunto 201: 422 47 233
Conjunto 202: 47 233
Conjunto 203: 121 269 320 395 442
Conjunto 204: 269 320 395 442 388
Conjunto 205: 320 395 442 388
Conjunto 206: 395 442 388
Conjunto 207: 442 388 205
Conjunto 208: 388 205 292 474 207 244 351
Conjunto 209: 205 292 474 207 244 351
Conjunto 210: 292 474 207 244 351
Conjunto 211: 474 207 244 351
Conjunto 212: 207 244 351
Conjunto 213: 244 351
Conjunto 214: 351 376
Conjunto 215: 376 444 16
Conjunto 216: 444 16
Conjunto 217: 108 358 433 165 271
Conjunto 218: 358 433 165 271
Conjunto 219: 433 165 271 324
Conjunto 220: 165 271 324
Conjunto 221: 271 324
Conjunto 222: 324 326 356 303 194
Conjunto 223: 326 356 303 194
Conjunto 224: 356 303 194
Conjunto 225: 303 194
Conjunto 226: 265 240 160 403 404 301
Conjunto 227: 240 160 403 404 301
Conjunto 228: 160 403 404 301
Conjunto 229: 403 404 301
Conjunto 230: 404 301 228 347
Conjunto 231: 301 228 347 34
Conjunto 232: 228 347 34
Conjunto 233: 347 34
Conjunto 234: 34 321 345 27 342
Conjunto 235: 321 345 27 342 478
Conjunto 236: 345 27 342 478 242
Conjunto 237: 27 342 478 242
Conjunto 238: 342 478 242
Conjunto 239: 478 242 64 296
Conjunto 240: 242 64 296
Conjunto 241: 64 296
Conjunto 242: 296 36
Conjunto 243: 36 124 184 427 191 330
Conjunto 244: 124 184 427 191 330 50 354 383 137 339
Conjunto 245: 184 427 191 330 50 354 383 137 339
Conjunto 246: 427 191 330 50 354 383 137 339
Conjunto 247: 191 330 50 354 383 137 339
Conjunto 248: 330 50 354 383 137 339
Conjunto 249: 50 354 383 137 339
Conjunto 250: 354 383 137 339
Conjunto 251: 383 137 339
Conjunto 252: 137 339
Conjunto 253: 411 308 119 125 366
Conjunto 254: 308 119 125 366 203
Conjunto 255: 119 125 366 203 414
Conjunto 256: 125 366 203 414
Conjunto 257: 366 203 414
Conjunto 258: 203 414
Conjunto 259: 441 60 420 80 128 453
Conjunto 260: 60 420 80 128 453 187 335
Conjunto 261: 420 80 128 453 187 335
Conjunto 262: 80 128 453 187 335 7
Conjunto 263: 128 453 187 335 7 460
Conjunto 264: 453 187 335 7 460
Conjunto 265: 187 335 7 460 262 152
Conjunto 266: 335 7 460 262 152
Conjunto 267: 7 460 262 152 216
Conjunto 268: 460 262 152 216 131
Conjunto 269: 262 152 216 131 252
Conjunto 270: 152 216 131 252
Conjunto 271: 216 131 252
Conjunto 272: 131 252 387
Conjunto 273: 252 387
Conjunto 274: 333 429 280
Conjunto 275: 429 280
Conjunto 276: 280 8
Conjunto 277: 8 466 73 74
Conjunto 278: 466 73 74
Conjunto 279: 73 74 71 192
Conjunto 280: 74 71 192
Conjunto 281: 71 192
Conjunto 282: 192 32
Conjunto 283: 267 349
Conjunto 284: 349 437
Conjunto 285: 432 75 147
Conjunto 286: 75 147 380 40
Conjunto 287: 147 380 40
Conjunto 288: 380 40 153
Conjunto 289: 40 153
Conjunto 290: 45 38 122 438 370 106 373
Conjunto 291: 38 122 438 370 106 373 482 384
Conjunto 292: 122 438 370 106 373 482 384
Conjunto 293: 438 370 106 373 482 384
Conjunto 294: 370 106 373 482 384
Conjunto 295: 106 373 482 384 258
Conjunto 296: 373 482 384 258
Conjunto 297: 482 384 258 248
Conjunto 298: 384 258 248
Conjunto 299: 258 248
Conjunto 300: 248 49 273
Conjunto 301: 49 273 341
Conjunto 302: 273 341
Conjunto 303: 341 389
Conjunto 304: 389 229 357
Conjunto 305: 229 357 312 11 113
Conjunto 306: 357 312 11 113
Conjunto 307: 312 11 113
Conjunto 308: 11 113
Conjunto 309: 113 365
Conjunto 310: 365 289 434
Conjunto 311: 289 434 9
Conjunto 312: 434 9
Conjunto 313: 178 67
Conjunto 314: 218 337
Conjunto 315: 337 291 26
Conjunto 316: 291 26 6 21 31 170
Conjunto 317: 26 6 21 31 170
Conjunto 318: 6 21 31 170 340
Conjunto 319: 21 31 170 340
Conjunto 320: 31 170 340
Conjunto 321: 170 340
Conjunto 322: 340 259 177
Conjunto 323: 259 177 353 352
Conjunto 324: 177 353 352
Conjunto 325: 353 352 30
Conjunto 326: 352 30
Conjunto 327: 30 44
Conjunto 328: 44 33
Conjunto 329: 33 15 19
Conjunto 330: 15 19 28
Conjunto 331: 19 28
Conjunto 332: 56 304 332
Conjunto 333: 304 332
Conjunto 334: 195 392
Conjunto 335: 392 42 37 43
Conjunto 336: 42 37 43 18
Conjunto 337: 37 43 18
Conjunto 338: 43 18
Conjunto 339: 176 3 17
Conjunto 340: 3 17 197
Conjunto 341: 17 197
Conjunto 342: 1 69 46
Conjunto 343: 69 46 193 180 174
Conjunto 344: 46 193 180 174
Conjunto 345: 193 180 174 66
Conjunto 346: 180 174 66 348
Conjunto 347: 174 66 348
Conjunto 348: 66 348
Conjunto 349: 348 115
Conjunto 350: 426 343
Conjunto 351: 343 39
Conjunto 352: 39 118
Conjunto 353: 334 336
Conjunto 354: 428 186
Conjunto 355: 183 172 68
Conjunto 356: 172 68
