================================================================================= 
=== UFF - Doutorado em Computação - Aplicaçoes em Sistemas de Potencia        === 
=== ESTIMADOR DE ESTADO MÍNIMOS QUADRADOS PONDERADOS INCLUINDO MEDIDAS DE PMU === 
=== Desenvolvido por: Rui Menezes de Moraes - 2009                            === 
================================================================================= 
Arquivo de medidores:          F:\Documents\Uff\Artigos\SimSEP\VERSAO WELDAN V2\Codigos\Med\ieee57_4_0400.med
Arquivo do sistema:            F:\Documents\Uff\Artigos\SimSEP\VERSAO WELDAN V2\Codigos\Carga\ieee57_4_0400.txt
Tolerância entre iteraçoes:     1.00e-04
Limite de iteraçoes:           100

--- DADOS DA REDE --------------------------------------------------------------- 
Data do caso:                  08/25/93
Origem:                        UW ARCHIVE          
MVA base:                      100
Ano:                           1961
Estação:                       W
Identificação:                 IEEE 57 Bus Test Case
Número de barras:              57 
Número de ramos:               80 
Referência na barra:           1

--- TELEMEDIDAS ------------------------------------------------------------------
    Tipo 1 = Fluxo de potencia ativa        Tipo  6 = Módulo da tensão            
    Tipo 2 = Injeção de potencia ativa      Tipo  7 = Corrente de ramo (real)     
    Tipo 3 = Ângulo de fase da tensão       Tipo  8 = Corrente de ramo (imag)     
    Tipo 4 = Fluxo de potencia reativa      Tipo  9 = Injeção de corrente (real)  
    Tipo 5 = Injeção de potencia reativa    Tipo 10 = Injeção de corrente (imag)  
----------------------------------------------------------------------------------
   N    D    P TP  PN ST   Exa   FS       DP      V_Ref      V_Med          E(%) 
----------------------------------------------------------------------------------
   1    0    1  6   0  0 0.015 01.1  0.00520   +1.04000   +1.02776     -1.176923 
   2    0    2  6   0  0 0.015 01.1  0.00512   +1.02458   +1.03039     +0.567062 
   3    0    3  6   0  0 0.015 01.1  0.00509   +1.01819   +1.02659     +0.824993 
   4    0    4  6   0  0 0.015 01.1  0.00507   +1.01466   +1.02354     +0.875170 
   5    0    5  6   0  0 0.015 01.1  0.00505   +1.00964   +1.01598     +0.627947 
   6    0    6  6   0  0 0.015 01.1  0.00505   +1.00927   +1.02279     +1.339582 
   7    0    7  6   0  0 0.015 01.1  0.00504   +1.00744   +1.00133     -0.606488 
   8    0    8  6   0  0 0.015 01.1  0.00502   +1.00500   +1.01995     +1.487562 
   9    0    9  6   0  0 0.015 01.1  0.00502   +1.00352   +1.00516     +0.163425 
  10    0   10  6   0  0 0.015 01.1  0.00503   +1.00555   +1.01026     +0.468400 
  11    0   11  6   0  0 0.015 01.1  0.00502   +1.00300   +1.01640     +1.335992 
  12    0   12  6   0  0 0.015 01.1  0.00507   +1.01500   +1.00662     -0.825616 
  13    0   13  6   0  0 0.015 01.1  0.00502   +1.00405   +1.01856     +1.445147 
  14    0   14  6   0  0 0.015 01.1  0.00501   +1.00240   +0.99250     -0.987630 
  15    0   15  6   0  0 0.015 01.1  0.00506   +1.01263   +1.02603     +1.323287 
  16    0   16  6   0  0 0.015 01.1  0.00510   +1.01968   +1.03365     +1.370038 
  17    0   17  6   0  0 0.015 01.1  0.00513   +1.02686   +1.01685     -0.974816 
  18    0   18  6   0  0 0.015 01.1  0.00529   +1.05741   +1.04327     -1.337230 
  19    0   19  6   0  0 0.015 01.1  0.00522   +1.04318   +1.03593     -0.694990 
  20    0   20  6   0  0 0.015 01.1  0.00519   +1.03788   +1.03931     +0.137781 
  21    0   21  6   0  0 0.015 01.1  0.00539   +1.07881   +1.08772     +0.825910 
  22    0   22  6   0  0 0.015 01.1  0.00539   +1.07826   +1.08162     +0.311613 
  23    0   23  6   0  0 0.015 01.1  0.00539   +1.07828   +1.07233     -0.551805 
  24    0   24  6   0  0 0.015 01.1  0.00541   +1.08291   +1.08075     -0.199463 
  25    0   25  6   0  0 0.015 01.1  0.00554   +1.10790   +1.11930     +1.028974 
  26    0   26  6   0  0 0.015 01.1  0.00517   +1.03308   +1.03698     +0.377512 
  27    0   27  6   0  0 0.015 01.1  0.00519   +1.03882   +1.03173     -0.682505 
  28    0   28  6   0  0 0.015 01.1  0.00522   +1.04399   +1.04445     +0.044062 
  29    0   29  6   0  0 0.015 01.1  0.00525   +1.04935   +1.06157     +1.164530 
  30    0   30  6   0  0 0.015 01.1  0.00550   +1.10035   +1.08960     -0.976962 
  31    0   31  6   0  0 0.015 01.1  0.00544   +1.08801   +1.09846     +0.960469 
  32    0   32  6   0  0 0.015 01.1  0.00542   +1.08370   +1.07334     -0.955984 
  33    0   33  6   0  0 0.015 01.1  0.00541   +1.08307   +1.06998     -1.208601 
  34    0   34  6   0  0 0.015 01.1  0.00532   +1.06356   +1.04860     -1.406597 
  35    0   35  6   0  0 0.015 01.1  0.00532   +1.06440   +1.04876     -1.469372 
  36    0   36  6   0  0 0.015 01.1  0.00533   +1.06612   +1.08107     +1.402281 
  37    0   37  6   0  0 0.015 01.1  0.00534   +1.06879   +1.08123     +1.163933 
  38    0   38  6   0  0 0.015 01.1  0.00539   +1.07811   +1.06355     -1.350512 
  39    0   39  6   0  0 0.015 01.1  0.00534   +1.06791   +1.07336     +0.510343 
  40    0   40  6   0  0 0.015 01.1  0.00532   +1.06412   +1.07934     +1.430290 
  41    0   41  6   0  0 0.015 01.1  0.00529   +1.05769   +1.04881     -0.839565 
  42    0   42  6   0  0 0.015 01.1  0.00527   +1.05325   +1.04011     -1.247567 
  43    0   43  6   0  0 0.015 01.1  0.00525   +1.04947   +1.04503     -0.423071 
  44    0   44  6   0  0 0.015 01.1  0.00536   +1.07270   +1.08020     +0.699170 
  45    0   45  6   0  0 0.015 01.1  0.00532   +1.06360   +1.06685     +0.305566 
  46    0   46  6   0  0 0.015 01.1  0.00551   +1.10186   +1.10025     -0.146117 
  47    0   47  6   0  0 0.015 01.1  0.00545   +1.08904   +1.10253     +1.238706 
  48    0   48  6   0  0 0.015 01.1  0.00543   +1.08617   +1.06998     -1.490559 
  49    0   49  6   0  0 0.015 01.1  0.00546   +1.09134   +1.09167     +0.030238 
  50    0   50  6   0  0 0.015 01.1  0.00541   +1.08281   +1.07126     -1.066669 
  51    0   51  6   0  0 0.015 01.1  0.00542   +1.08357   +1.08372     +0.013843 
  52    0   52  6   0  0 0.015 01.1  0.00524   +1.04828   +1.05043     +0.205098 
  53    0   53  6   0  0 0.015 01.1  0.00525   +1.04960   +1.05408     +0.426829 
  54    0   54  6   0  0 0.015 01.1  0.00528   +1.05498   +1.04570     -0.879638 
  55    0   55  6   0  0 0.015 01.1  0.00532   +1.06321   +1.05812     -0.478739 
  56    0   56  6   0  0 0.015 01.1  0.00529   +1.05798   +1.05250     -0.517968 
  57    0   57  6   0  0 0.015 01.1  0.00530   +1.05895   +1.06260     +0.344681 
  58    0    1  2   0  0 0.020 01.0  0.02301   -3.19080   -3.17821     -0.394572 
  59    0    2  2   0  0 0.020 01.0  0.00179   -0.00900   -0.00697    -22.555556 
  60    0    3  2   0  0 0.020 01.0  0.00699   +0.78799   +0.77401     -1.774134 
  61    0    4  2   0  0 0.020 01.0  0.00173   -0.00000   +0.00158     +0.000000 
  62    0    5  2   0  0 0.020 01.0  0.00200   -0.04000   -0.03678     -8.050000 
  63    0    6  2   0  0 0.020 01.0  0.00329   -0.23300   -0.23506     +0.884120 
  64    0    7  2   0  0 0.020 01.0  0.00173   +0.00000   -0.00108     +0.000000 
  65    0    8  2   0  0 0.020 01.0  0.02863   +4.03500   +4.06801     +0.818092 
  66    0    9  2   0  0 0.020 01.0  0.00222   -0.07300   -0.07650     +4.794521 
  67    0   10  2   0  0 0.020 01.0  0.00257   -0.12600   -0.11907     -5.500000 
  68    0   11  2   0  0 0.020 01.0  0.00173   +0.00000   -0.00379     +0.000000 
  69    0   12  2   0  0 0.020 01.0  0.00502   +0.49300   +0.49335     +0.070994 
  70    0   13  2   0  0 0.020 01.0  0.00211   -0.05600   -0.06179    +10.339286 
  71    0   14  2   0  0 0.020 01.0  0.00195   -0.03300   -0.03520     +6.666667 
  72    0   15  2   0  0 0.020 01.0  0.00219   -0.06799   -0.07033     +3.441683 
  73    0   16  2   0  0 0.020 01.0  0.00262   -0.13300   -0.12595     -5.300752 
  74    0   17  2   0  0 0.020 01.0  0.00260   -0.13000   -0.13457     +3.515385 
  75    0   18  2   0  0 0.020 01.0  0.00229   -0.08400   -0.08415     +0.178571 
  76    0   19  2   0  0 0.020 01.0  0.00180   -0.01000   -0.01060     +6.000000 
  77    0   20  2   0  0 0.020 01.0  0.00178   -0.00700   -0.00357    -49.000000 
  78    0   21  2   0  0 0.020 01.0  0.00173   -0.00000   -0.00502     +0.000000 
  79    0   22  2   0  0 0.020 01.0  0.00173   +0.00000   +0.00300     +0.000000 
  80    0   23  2   0  0 0.020 01.0  0.00187   -0.02000   -0.01954     -2.300000 
  81    0   24  2   0  0 0.020 01.0  0.00173   +0.00000   -0.00473     +0.000000 
  82    0   25  2   0  0 0.020 01.0  0.00187   -0.02000   -0.01984     -0.800000 
  83    0   26  2   0  0 0.020 01.0  0.00173   -0.00000   -0.00057     +0.000000 
  84    0   27  2   0  0 0.020 01.0  0.00193   -0.02900   -0.02910     +0.344828 
  85    0   28  2   0  0 0.020 01.0  0.00183   -0.01400   -0.01225    -12.500000 
  86    0   29  2   0  0 0.020 01.0  0.00209   -0.05300   -0.05293     -0.132075 
  87    0   30  2   0  0 0.020 01.0  0.00181   -0.01100   -0.00838    -23.818182 
  88    0   31  2   0  0 0.020 01.0  0.00185   -0.01800   -0.01306    -27.444444 
  89    0   32  2   0  0 0.020 01.0  0.00177   -0.00500   -0.00183    -63.400000 
  90    0   33  2   0  0 0.020 01.0  0.00181   -0.01200   -0.01268     +5.666667 
  91    0   34  2   0  0 0.020 01.0  0.00173   -0.00000   -0.00426     +0.000000 
  92    0   35  2   0  0 0.020 01.0  0.00186   -0.01900   -0.01416    -25.473684 
  93    0   36  2   0  0 0.020 01.0  0.00173   -0.00000   -0.00126     +0.000000 
  94    0   37  2   0  0 0.020 01.0  0.00173   +0.00000   +0.00269     +0.000000 
  95    0   38  2   0  0 0.020 01.0  0.00202   -0.04300   -0.03932     -8.558140 
  96    0   39  2   0  0 0.020 01.0  0.00173   -0.00000   +0.00316     +0.000000 
  97    0   40  2   0  0 0.020 01.0  0.00173   -0.00000   +0.00100     +0.000000 
  98    0   41  2   0  0 0.020 01.0  0.00187   -0.02000   -0.02196     +9.800000 
  99    0   42  2   0  0 0.020 01.0  0.00188   -0.02200   -0.01920    -12.727273 
 100    0   43  2   0  0 0.020 01.0  0.00177   -0.00600   -0.00625     +4.166667 
 101    0   44  2   0  0 0.020 01.0  0.00198   -0.03700   -0.03681     -0.513514 
 102    0   45  2   0  0 0.020 01.0  0.00173   -0.00000   -0.00021     +0.000000 
 103    0   46  2   0  0 0.020 01.0  0.00173   +0.00000   -0.00079     +0.000000 
 104    0   47  2   0  0 0.020 01.0  0.00235   -0.09200   -0.09656     +4.956522 
 105    0   48  2   0  0 0.020 01.0  0.00173   +0.00000   -0.00228     +0.000000 
 106    0   49  2   0  0 0.020 01.0  0.00211   -0.05600   -0.05123     -8.517857 
 107    0   50  2   0  0 0.020 01.0  0.00217   -0.06500   -0.06014     -7.476923 
 108    0   51  2   0  0 0.020 01.0  0.00211   -0.05600   -0.05613     +0.232143 
 109    0   52  2   0  0 0.020 01.0  0.00183   -0.01500   -0.01383     -7.800000 
 110    0   53  2   0  0 0.020 01.0  0.00215   -0.06200   -0.05920     -4.516129 
 111    0   54  2   0  0 0.020 01.0  0.00182   -0.01300   -0.01693    +30.230769 
 112    0   55  2   0  0 0.020 01.0  0.00187   -0.02100   -0.02007     -4.428571 
 113    0   56  2   0  0 0.020 01.0  0.00189   -0.02400   -0.02746    +14.416667 
 114    0   57  2   0  0 0.020 01.0  0.00187   -0.02100   -0.02591    +23.380952 
 115    0    1  5   0  0 0.020 01.0  0.01401   +1.84138   +1.80472     -1.990898 
 116    0    2  5   0  0 0.020 01.0  0.00469   -0.44300   -0.43063     -2.792325 
 117    0    3  5   0  0 0.020 01.0  0.00283   -0.16498   -0.16463     -0.212147 
 118    0    4  5   0  0 0.020 01.0  0.00173   -0.00000   -0.00364     +0.000000 
 119    0    5  5   0  0 0.020 01.0  0.00181   -0.01200   -0.01041    -13.250000 
 120    0    6  5   0  0 0.020 01.0  0.00231   -0.08599   -0.08483     -1.348994 
 121    0    7  5   0  0 0.020 01.0  0.00173   -0.00000   -0.00195     +0.000000 
 122    0    8  5   0  0 0.020 01.0  0.00608   -0.65189   -0.64561     -0.963353 
 123    0    9  5   0  0 0.020 01.0  0.00204   -0.04599   -0.04725     +2.739726 
 124    0   10  5   0  0 0.020 01.0  0.00207   -0.05000   -0.05348     +6.960000 
 125    0   11  5   0  0 0.020 01.0  0.00173   -0.00000   -0.00270     +0.000000 
 126    0   12  5   0  0 0.020 01.0  0.00195   +0.03282   +0.03149     -4.052407 
 127    0   13  5   0  0 0.020 01.0  0.00178   -0.00700   -0.01198    +71.142857 
 128    0   14  5   0  0 0.020 01.0  0.00184   -0.01600   -0.01769    +10.562500 
 129    0   15  5   0  0 0.020 01.0  0.00184   -0.01600   -0.01543     -3.562500 
 130    0   16  5   0  0 0.020 01.0  0.00179   -0.00900   -0.00837     -7.000000 
 131    0   17  5   0  0 0.020 01.0  0.00190   -0.02500   -0.02994    +19.760000 
 132    0   18  5   0  0 0.020 01.0  0.00193   -0.03000   -0.02905     -3.166667 
 133    0   19  5   0  0 0.020 01.0  0.00175   -0.00200   -0.00225    +12.500000 
 134    0   20  5   0  0 0.020 01.0  0.00175   -0.00300   -0.00130    -56.666667 
 135    0   21  5   0  0 0.020 01.0  0.00173   +0.00000   +0.00298     +0.000000 
 136    0   22  5   0  0 0.020 01.0  0.00173   +0.00000   -0.00322     +0.000000 
 137    0   23  5   0  0 0.020 01.0  0.00178   -0.00700   -0.00207    -70.428571 
 138    0   24  5   0  0 0.020 01.0  0.00173   +0.00000   +0.00036     +0.000000 
 139    0   25  5   0  0 0.020 01.0  0.00180   -0.01000   -0.00552    -44.800000 
 140    0   26  5   0  0 0.020 01.0  0.00173   -0.00000   +0.00151     +0.000000 
 141    0   27  5   0  0 0.020 01.0  0.00175   -0.00200   -0.00563   +181.500000 
 142    0   28  5   0  0 0.020 01.0  0.00178   -0.00700   -0.01178    +68.285714 
 143    0   29  5   0  0 0.020 01.0  0.00179   -0.00800   -0.01320    +65.000000 
 144    0   30  5   0  0 0.020 01.0  0.00177   -0.00600   -0.00923    +53.833333 
 145    0   31  5   0  0 0.020 01.0  0.00179   -0.00900   -0.00870     -3.333333 
 146    0   32  5   0  0 0.020 01.0  0.00175   -0.00200   -0.00569   +184.500000 
 147    0   33  5   0  0 0.020 01.0  0.00177   -0.00600   -0.01054    +75.666667 
 148    0   34  5   0  0 0.020 01.0  0.00173   -0.00000   +0.00057     +0.000000 
 149    0   35  5   0  0 0.020 01.0  0.00179   -0.00900   -0.00382    -57.555556 
 150    0   36  5   0  0 0.020 01.0  0.00173   +0.00000   -0.00351     +0.000000 
 151    0   37  5   0  0 0.020 01.0  0.00173   -0.00000   -0.00357     +0.000000 
 152    0   38  5   0  0 0.020 01.0  0.00188   -0.02200   -0.02579    +17.227273 
 153    0   39  5   0  0 0.020 01.0  0.00173   +0.00000   -0.00438     +0.000000 
 154    0   40  5   0  0 0.020 01.0  0.00173   +0.00000   +0.00227     +0.000000 
 155    0   41  5   0  0 0.020 01.0  0.00179   -0.00900   -0.00958     +6.444444 
 156    0   42  5   0  0 0.020 01.0  0.00183   -0.01400   -0.01389     -0.785714 
 157    0   43  5   0  0 0.020 01.0  0.00175   -0.00300   -0.00189    -37.000000 
 158    0   44  5   0  0 0.020 01.0  0.00177   -0.00600   -0.00192    -68.000000 
 159    0   45  5   0  0 0.020 01.0  0.00173   +0.00000   -0.00393     +0.000000 
 160    0   46  5   0  0 0.020 01.0  0.00173   +0.00000   -0.00218     +0.000000 
 161    0   47  5   0  0 0.020 01.0  0.00197   -0.03600   -0.04118    +14.388889 
 162    0   48  5   0  0 0.020 01.0  0.00173   +0.00000   -0.00371     +0.000000 
 163    0   49  5   0  0 0.020 01.0  0.00191   -0.02600   -0.03094    +19.000000 
 164    0   50  5   0  0 0.020 01.0  0.00195   -0.03300   -0.03669    +11.181818 
 165    0   51  5   0  0 0.020 01.0  0.00184   -0.01600   -0.01303    -18.562500 
 166    0   52  5   0  0 0.020 01.0  0.00178   -0.00700   -0.00275    -60.714286 
 167    0   53  5   0  0 0.020 01.0  0.00194   -0.03100   -0.03079     -0.677419 
 168    0   54  5   0  0 0.020 01.0  0.00176   -0.00400   -0.00036    -91.000000 
 169    0   55  5   0  0 0.020 01.0  0.00181   -0.01100   -0.01394    +26.727273 
 170    0   56  5   0  0 0.020 01.0  0.00178   -0.00700   -0.00776    +10.857143 
 171    0   57  5   0  0 0.020 01.0  0.00177   -0.00600   -0.00740    +23.333333 
 172    1    2  1   0  0 0.020 01.0  0.00894   -1.08038   -1.06987     -0.972806 
 173    2    3  1   0  0 0.020 01.0  0.00910   -1.10478   -1.08052     -2.195912 
 174    3    4  1   0  0 0.020 01.0  0.00719   -0.81857   -0.83074     +1.486739 
 175    4    5  1   0  0 0.020 01.0  0.00413   -0.36014   -0.35386     -1.743766 
 176    4    6  1   0  0 0.020 01.0  0.00553   -0.56887   -0.56822     -0.114262 
 177    6    7  1   0  0 0.020 01.0  0.00533   -0.53996   -0.53164     -1.540855 
 178    6    8  1   0  0 0.020 01.0  0.00637   -0.69499   -0.68044     -2.093555 
 179    8    9  1   0  0 0.020 01.0  0.01760   +2.38035   +2.35263     -1.164535 
 180    9   10  1   0  0 0.020 01.0  0.00508   +0.50263   +0.51604     +2.667966 
 181    9   11  1   0  0 0.020 01.0  0.00632   +0.68810   +0.67017     -2.605726 
 182    9   12  1   0  0 0.020 01.0  0.00429   +0.38408   +0.38567     +0.413976 
 183    9   13  1   0  0 0.020 01.0  0.00600   +0.64049   +0.65455     +2.195194 
 184   13   14  1   0  0 0.020 01.0  0.00478   +0.45696   +0.44741     -2.089898 
 185   13   15  1   0  0 0.020 01.0  0.00471   +0.44703   +0.44491     -0.474241 
 186    1   15  1   0  0 0.020 01.0  0.00991   -1.22648   -1.23677     +0.838986 
 187    1   16  1   0  0 0.020 01.0  0.00483   -0.46394   -0.46198     -0.422468 
 188    1   17  1   0  0 0.020 01.0  0.00453   -0.42000   -0.41111     -2.116667 
 189    3   15  1   0  0 0.020 01.0  0.00479   +0.45908   +0.45597     -0.677442 
 190    4   18  1   0  0 0.020 01.0  0.00203   +0.04463   +0.04611     +3.316155 
 191    4   18  1   0  0 0.020 01.0  0.00211   +0.05714   +0.06304    +10.325516 
 192    5    6  1   0  0 0.020 01.0  0.00447   -0.41103   -0.40222     -2.143396 
 193    7    8  1   0  0 0.020 01.0  0.00793   -0.92947   -0.91456     -1.604140 
 194   10   12  1   0  0 0.020 01.0  0.00320   +0.21994   +0.22868     +3.973811 
 195   11   13  1   0  0 0.020 01.0  0.00557   +0.57520   +0.56461     -1.841099 
 196   12   13  1   0  0 0.020 01.0  0.00239   -0.09871   -0.09627     -2.471887 
 197   12   16  1   0  0 0.020 01.0  0.00584   +0.61537   +0.62362     +1.340657 
 198   12   17  1   0  0 0.020 01.0  0.00552   +0.56852   +0.57911     +1.862731 
 199   14   15  1   0  0 0.020 01.0  0.00401   +0.34090   +0.34525     +1.276034 
 200   18   19  1   0  0 0.020 01.0  0.00185   +0.01777   +0.01589    -10.579629 
 201   19   20  1   0  0 0.020 01.0  0.00178   +0.00760   +0.00262    -65.526316 
 202   21   20  1   0  0 0.020 01.0  0.00174   -0.00057   -0.00453   +694.736842 
 203   21   22  1   0  0 0.020 01.0  0.00174   +0.00057   -0.00168   -394.736842 
 204   22   23  1   0  0 0.020 01.0  0.00249   -0.11379   -0.10873     -4.446788 
 205   23   24  1   0  0 0.020 01.0  0.00263   -0.13394   -0.12762     -4.718531 
 206   24   25  1   0  0 0.020 01.0  0.00193   +0.02996   +0.02938     -1.935915 
 207   24   25  1   0  0 0.020 01.0  0.00193   +0.02879   +0.03443    +19.590135 
 208   24   26  1   0  0 0.020 01.0  0.00304   -0.19597   -0.20447     +4.337399 
 209   26   27  1   0  0 0.020 01.0  0.00304   -0.19597   -0.18941     -3.347451 
 210   27   28  1   0  0 0.020 01.0  0.00329   -0.23286   -0.23230     -0.240488 
 211   28   29  1   0  0 0.020 01.0  0.00340   -0.25052   -0.24081     -3.875938 
 212    7   29  1   0  0 0.020 01.0  0.00429   +0.38340   +0.39311     +2.532603 
 213   25   30  1   0  0 0.020 01.0  0.00199   +0.03874   +0.03470    -10.428498 
 214   30   31  1   0  0 0.020 01.0  0.00192   +0.02755   +0.02587     -6.098004 
 215   31   32  1   0  0 0.020 01.0  0.00179   +0.00932   +0.00456    -51.072961 
 216   32   33  1   0  0 0.020 01.0  0.00181   +0.01201   +0.01140     -5.079101 
 217   34   32  1   0  0 0.020 01.0  0.00178   +0.00772   +0.00709     -8.160622 
 218   34   35  1   0  0 0.020 01.0  0.00178   -0.00772   -0.00957    +23.963731 
 219   35   36  1   0  0 0.020 01.0  0.00191   -0.02672   -0.02197    -17.776946 
 220   36   37  1   0  0 0.020 01.0  0.00188   -0.02133   -0.02139     +0.281294 
 221   37   38  1   0  0 0.020 01.0  0.00188   -0.02160   -0.01923    -10.972222 
 222   37   39  1   0  0 0.020 01.0  0.00173   +0.00016   +0.00188  +1075.000000 
 223   36   40  1   0  0 0.020 01.0  0.00177   -0.00543   -0.00191    -64.825046 
 224   22   38  1   0  0 0.020 01.0  0.00250   +0.11436   +0.11073     -3.174187 
 225   11   41  1   0  0 0.020 01.0  0.00201   +0.04118   +0.04442     +7.867897 
 226   41   42  1   0  0 0.020 01.0  0.00203   +0.04472   +0.04363     -2.437388 
 227   41   43  1   0  0 0.020 01.0  0.00209   -0.05276   -0.05832    +10.538287 
 228   38   44  1   0  0 0.020 01.0  0.00260   +0.13016   +0.13595     +4.448371 
 229   15   45  1   0  0 0.020 01.0  0.00235   -0.09219   -0.08553     -7.224211 
 230   14   46  1   0  0 0.020 01.0  0.00227   +0.08021   +0.07500     -6.495449 
 231   46   47  1   0  0 0.020 01.0  0.00227   +0.08021   +0.08032     +0.137140 
 232   47   48  1   0  0 0.020 01.0  0.00182   -0.01253   -0.00974    -22.266560 
 233   48   49  1   0  0 0.020 01.0  0.00206   -0.04929   -0.05411     +9.778860 
 234   49   50  1   0  0 0.020 01.0  0.00189   -0.02420   -0.02950    +21.900826 
 235   50   51  1   0  0 0.020 01.0  0.00233   -0.08977   -0.09059     +0.913445 
 236   10   51  1   0  0 0.020 01.0  0.00271   +0.14707   +0.14104     -4.100088 
 237   13   49  1   0  0 0.020 01.0  0.00258   +0.12712   +0.13442     +5.742605 
 238   29   52  1   0  0 0.020 01.0  0.00225   +0.07719   +0.08313     +7.695297 
 239   52   53  1   0  0 0.020 01.0  0.00214   +0.06105   +0.06662     +9.123669 
 240   53   54  1   0  0 0.020 01.0  0.00174   -0.00146   +0.00360   -346.575342 
 241   54   55  1   0  0 0.020 01.0  0.00183   -0.01455   -0.01243    -14.570447 
 242   11   43  1   0  0 0.020 01.0  0.00213   +0.05876   +0.06134     +4.390742 
 243   44   45  1   0  0 0.020 01.0  0.00235   +0.09271   +0.09089     -1.963111 
 244   40   56  1   0  0 0.020 01.0  0.00177   -0.00549   -0.01012    +84.335155 
 245   56   41  1   0  0 0.020 01.0  0.00192   -0.02838   -0.02903     +2.290345 
 246   56   42  1   0  0 0.020 01.0  0.00188   -0.02208   -0.02160     -2.173913 
 247   39   57  1   0  0 0.020 01.0  0.00173   +0.00015   +0.00057   +280.000000 
 248   57   56  1   0  0 0.020 01.0  0.00187   -0.02085   -0.01763    -15.443645 
 249   38   49  1   0  0 0.020 01.0  0.00204   -0.04539   -0.04415     -2.731879 
 250   38   48  1   0  0 0.020 01.0  0.00197   -0.03574   -0.03045    -14.801343 
 251    9   55  1   0  0 0.020 01.0  0.00197   +0.03570   +0.03725     +4.341737 
 252    1    2  4   0  0 0.020 01.0  0.00738   +0.84710   +0.86388     +1.980876 
 253    2    3  4   0  0 0.020 01.0  0.00500   +0.48959   +0.47828     -2.310096 
 254    3    4  4   0  0 0.020 01.0  0.00403   +0.34423   +0.35181     +2.202016 
 255    4    5  4   0  0 0.020 01.0  0.00313   +0.20985   +0.21883     +4.279247 
 256    4    6  4   0  0 0.020 01.0  0.00316   +0.21364   +0.20855     -2.382513 
 257    6    7  4   0  0 0.020 01.0  0.00257   +0.12614   +0.13251     +5.049945 
 258    6    8  4   0  0 0.020 01.0  0.00296   +0.18350   +0.18663     +1.705722 
 259    8    9  4   0  0 0.020 01.0  0.00384   -0.31563   -0.31045     -1.641162 
 260    9   10  4   0  0 0.020 01.0  0.00255   -0.12183   -0.11899     -2.331117 
 261    9   11  4   0  0 0.020 01.0  0.00301   -0.19088   -0.18553     -2.802808 
 262    9   12  4   0  0 0.020 01.0  0.00266   -0.13835   -0.13788     -0.339718 
 263    9   13  4   0  0 0.020 01.0  0.00294   -0.18144   -0.17694     -2.480159 
 264   13   14  4   0  0 0.020 01.0  0.00241   -0.10123   -0.10118     -0.049392 
 265   13   15  4   0  0 0.020 01.0  0.00332   -0.23763   -0.22953     -3.408661 
 266    1   15  4   0  0 0.020 01.0  0.00559   +0.57829   +0.56567     -2.182296 
 267    1   16  4   0  0 0.020 01.0  0.00307   +0.20113   +0.20763     +3.231741 
 268    1   17  4   0  0 0.020 01.0  0.00317   +0.21485   +0.20868     -2.871771 
 269    3   15  4   0  0 0.020 01.0  0.00211   -0.05607   -0.05273     -5.956840 
 270    4   18  4   0  0 0.020 01.0  0.00187   -0.02092   -0.02137     +2.151052 
 271    4   18  4   0  0 0.020 01.0  0.00205   -0.04742   -0.04612     -2.741459 
 272    5    6  4   0  0 0.020 01.0  0.00308   +0.20127   +0.19876     -1.247081 
 273    7    8  4   0  0 0.020 01.0  0.00333   +0.23977   +0.23781     -0.817450 
 274   10   12  4   0  0 0.020 01.0  0.00264   -0.13640   -0.13275     -2.675953 
 275   11   13  4   0  0 0.020 01.0  0.00297   -0.18480   -0.17670     -4.383117 
 276   12   13  4   0  0 0.020 01.0  0.00301   +0.19153   +0.19837     +3.571242 
 277   12   16  4   0  0 0.020 01.0  0.00299   -0.18889   -0.18692     -1.042935 
 278   12   17  4   0  0 0.020 01.0  0.00298   -0.18639   -0.17804     -4.479854 
 279   14   15  4   0  0 0.020 01.0  0.00371   -0.29641   -0.29343     -1.005364 
 280   18   19  4   0  0 0.020 01.0  0.00180   +0.01004   +0.01303    +29.780876 
 281   19   20  4   0  0 0.020 01.0  0.00178   +0.00778   +0.01205    +54.884319 
 282   21   20  4   0  0 0.020 01.0  0.00177   -0.00472   -0.00761    +61.228814 
 283   21   22  4   0  0 0.020 01.0  0.00177   +0.00472   +0.00050    -89.406780 
 284   22   23  4   0  0 0.020 01.0  0.00222   +0.07325   +0.07762     +5.965870 
 285   23   24  4   0  0 0.020 01.0  0.00217   +0.06601   +0.06502     -1.499773 
 286   24   25  4   0  0 0.020 01.0  0.00188   -0.02245   -0.01989    -11.403118 
 287   24   25  4   0  0 0.020 01.0  0.00188   -0.02158   -0.01666    -22.798888 
 288   24   26  4   0  0 0.020 01.0  0.00250   +0.11479   +0.11174     -2.657026 
 289   26   27  4   0  0 0.020 01.0  0.00248   +0.11253   +0.10973     -2.488225 
 290   27   28  4   0  0 0.020 01.0  0.00239   +0.09837   +0.09909     +0.731930 
 291   28   29  4   0  0 0.020 01.0  0.00231   +0.08572   +0.08645     +0.851610 
 292    7   29  4   0  0 0.020 01.0  0.00251   -0.11673   -0.11461     -1.816157 
 293   25   30  4   0  0 0.020 01.0  0.00184   +0.01562   +0.01668     +6.786172 
 294   30   31  4   0  0 0.020 01.0  0.00180   +0.00933   +0.00568    -39.121115 
 295   31   32  4   0  0 0.020 01.0  0.00173   -0.00002   -0.00087  +4250.000000 
 296   32   33  4   0  0 0.020 01.0  0.00177   +0.00601   +0.00461    -23.294509 
 297   34   32  4   0  0 0.020 01.0  0.00179   +0.00818   +0.00368    -55.012225 
 298   34   35  4   0  0 0.020 01.0  0.00179   -0.00818   -0.01101    +34.596577 
 299   35   36  4   0  0 0.020 01.0  0.00182   -0.01356   -0.00816    -39.823009 
 300   36   37  4   0  0 0.020 01.0  0.00214   -0.06098   -0.05573     -8.609380 
 301   37   38  4   0  0 0.020 01.0  0.00231   -0.08587   -0.08185     -4.681495 
 302   37   39  4   0  0 0.020 01.0  0.00190   +0.02475   +0.02060    -16.767677 
 303   36   40  4   0  0 0.020 01.0  0.00206   +0.04919   +0.04981     +1.260419 
 304   22   38  4   0  0 0.020 01.0  0.00219   -0.06853   -0.07439     +8.551000 
 305   11   41  4   0  0 0.020 01.0  0.00180   -0.00985   -0.00794    -19.390863 
 306   41   42  4   0  0 0.020 01.0  0.00182   -0.01254   -0.00902    -28.070175 
 307   41   43  4   0  0 0.020 01.0  0.00188   +0.02161   +0.02625    +21.471541 
 308   38   44  4   0  0 0.020 01.0  0.00196   +0.03465   +0.03049    -12.005772 
 309   15   45  4   0  0 0.020 01.0  0.00195   -0.03268   -0.03496     +6.976744 
 310   14   46  4   0  0 0.020 01.0  0.00294   +0.18087   +0.18581     +2.731243 
 311   46   47  4   0  0 0.020 01.0  0.00292   +0.17855   +0.17833     -0.123215 
 312   47   48  4   0  0 0.020 01.0  0.00269   +0.14421   +0.14500     +0.547812 
 313   48   49  4   0  0 0.020 01.0  0.00183   -0.01436   -0.01020    -28.969359 
 314   49   50  4   0  0 0.020 01.0  0.00232   +0.08816   +0.09496     +7.713249 
 315   50   51  4   0  0 0.020 01.0  0.00210   +0.05426   +0.04821    -11.150018 
 316   10   51  4   0  0 0.020 01.0  0.00197   -0.03480   -0.03656     +5.057471 
 317   13   49  4   0  0 0.020 01.0  0.00294   +0.18047   +0.18108     +0.338006 
 318   29   52  4   0  0 0.020 01.0  0.00208   -0.05237   -0.04927     -5.919420 
 319   52   53  4   0  0 0.020 01.0  0.00214   -0.06085   -0.05481     -9.926048 
 320   53   54  4   0  0 0.020 01.0  0.00189   -0.02311   -0.02090     -9.562960 
 321   54   55  4   0  0 0.020 01.0  0.00192   -0.02722   -0.02982     +9.551800 
 322   11   43  4   0  0 0.020 01.0  0.00185   -0.01689   -0.01190    -29.544109 
 323   44   45  4   0  0 0.020 01.0  0.00193   +0.03004   +0.03477    +15.745672 
 324   40   56  4   0  0 0.020 01.0  0.00206   +0.04909   +0.04856     -1.079650 
 325   56   41  4   0  0 0.020 01.0  0.00193   +0.02998   +0.03268     +9.006004 
 326   56   42  4   0  0 0.020 01.0  0.00192   +0.02761   +0.02828     +2.426657 
 327   39   57  4   0  0 0.020 01.0  0.00190   +0.02473   +0.03036    +22.765871 
 328   57   56  4   0  0 0.020 01.0  0.00185   +0.01804   +0.01681     -6.818182 
 329   38   49  4   0  0 0.020 01.0  0.00209   -0.05279   -0.04802     -9.035802 
 330   38   48  4   0  0 0.020 01.0  0.00278   -0.15707   -0.15051     -4.176482 
 331    9   55  4   0  0 0.020 01.0  0.00199   +0.03871   +0.03734     -3.539137 
 332    2    1  1   0  0 0.020 01.0  0.00904   +1.09579   +1.10813     +1.126128 
 333    3    2  1   0  0 0.020 01.0  0.00938   +1.14748   +1.17071     +2.024436 
 334    4    3  1   0  0 0.020 01.0  0.00725   +0.82724   +0.84481     +2.123930 
 335    5    4  1   0  0 0.020 01.0  0.00421   +0.37103   +0.36047     -2.846131 
 336    6    4  1   0  0 0.020 01.0  0.00563   +0.58463   +0.56886     -2.697433 
 337    7    6  1   0  0 0.020 01.0  0.00537   +0.54607   +0.54841     +0.428516 
 338    8    6  1   0  0 0.020 01.0  0.00648   +0.71249   +0.69340     -2.679336 
 339    9    8  1   0  0 0.020 01.0  0.01723   -2.32400   -2.35518     +1.341652 
 340   10    9  1   0  0 0.020 01.0  0.00502   -0.49301   -0.50745     +2.928947 
 341   11    9  1   0  0 0.020 01.0  0.00623   -0.67514   -0.66421     -1.618923 
 342   12    9  1   0  0 0.020 01.0  0.00423   -0.37395   -0.38179     +2.096537 
 343   13    9  1   0  0 0.020 01.0  0.00586   -0.61966   -0.60375     -2.567537 
 344   14   13  1   0  0 0.020 01.0  0.00476   -0.45411   -0.44639     -1.700029 
 345   15   13  1   0  0 0.020 01.0  0.00467   -0.44033   -0.43146     -2.014398 
 346   15    1  1   0  0 0.020 01.0  0.01012   +1.25781   +1.25332     -0.356970 
 347   16    1  1   0  0 0.020 01.0  0.00490   +0.47520   +0.46933     -1.235269 
 348   17    1  1   0  0 0.020 01.0  0.00457   +0.42505   +0.42999     +1.162216 
 349   15    3  1   0  0 0.020 01.0  0.00477   -0.45578   -0.44551     -2.253280 
 350   18    4  1   0  0 0.020 01.0  0.00203   -0.04463   -0.04010    -10.150123 
 351   18    4  1   0  0 0.020 01.0  0.00211   -0.05714   -0.05210     -8.820441 
 352    6    5  1   0  0 0.020 01.0  0.00451   +0.41732   +0.42663     +2.230902 
 353    8    7  1   0  0 0.020 01.0  0.00801   +0.94216   +0.94144     -0.076420 
 354   12   10  1   0  0 0.020 01.0  0.00319   -0.21822   -0.21844     +0.100816 
 355   13   11  1   0  0 0.020 01.0  0.00551   -0.56719   -0.58157     +2.535306 
 356   13   12  1   0  0 0.020 01.0  0.00240   +0.09974   +0.09912     -0.621616 
 357   16   12  1   0  0 0.020 01.0  0.00579   -0.60820   -0.60488     -0.545873 
 358   17   12  1   0  0 0.020 01.0  0.00543   -0.55505   -0.56777     +2.291685 
 359   15   14  1   0  0 0.020 01.0  0.00398   -0.33750   -0.34123     +1.105185 
 360   19   18  1   0  0 0.020 01.0  0.00185   -0.01760   -0.02022    +14.886364 
 361   20   19  1   0  0 0.020 01.0  0.00178   -0.00757   -0.00671    -11.360634 
 362   20   21  1   0  0 0.020 01.0  0.00174   +0.00057   -0.00010   -117.543860 
 363   22   21  1   0  0 0.020 01.0  0.00174   -0.00057   -0.00145   +154.385965 
 364   23   22  1   0  0 0.020 01.0  0.00249   +0.11394   +0.10728     -5.845182 
 365   24   23  1   0  0 0.020 01.0  0.00265   +0.13722   +0.13340     -2.783851 
 366   25   24  1   0  0 0.020 01.0  0.00193   -0.02996   -0.03292     +9.879840 
 367   25   24  1   0  0 0.020 01.0  0.00193   -0.02879   -0.02637     -8.405696 
 368   26   24  1   0  0 0.020 01.0  0.00304   +0.19597   +0.19886     +1.474716 
 369   27   26  1   0  0 0.020 01.0  0.00309   +0.20386   +0.19680     -3.463161 
 370   28   27  1   0  0 0.020 01.0  0.00331   +0.23652   +0.22916     -3.111788 
 371   29   28  1   0  0 0.020 01.0  0.00342   +0.25321   +0.24455     -3.420086 
 372   29    7  1   0  0 0.020 01.0  0.00429   -0.38340   -0.37735     -1.577986 
 373   30   25  1   0  0 0.020 01.0  0.00199   -0.03855   -0.03788     -1.738003 
 374   31   30  1   0  0 0.020 01.0  0.00192   -0.02732   -0.02348    -14.055637 
 375   32   31  1   0  0 0.020 01.0  0.00179   -0.00929   -0.01353    +45.640474 
 376   33   32  1   0  0 0.020 01.0  0.00181   -0.01200   -0.01465    +22.083333 
 377   32   34  1   0  0 0.020 01.0  0.00178   -0.00772   -0.01249    +61.787565 
 378   35   34  1   0  0 0.020 01.0  0.00178   +0.00772   +0.00940    +21.761658 
 379   36   35  1   0  0 0.020 01.0  0.00191   +0.02676   +0.02420     -9.566517 
 380   37   36  1   0  0 0.020 01.0  0.00188   +0.02144   +0.02379    +10.960821 
 381   38   37  1   0  0 0.020 01.0  0.00188   +0.02203   +0.01786    -18.928734 
 382   39   37  1   0  0 0.020 01.0  0.00173   -0.00015   +0.00010   -166.666667 
 383   40   36  1   0  0 0.020 01.0  0.00177   +0.00549   +0.00067    -87.795993 
 384   38   22  1   0  0 0.020 01.0  0.00249   -0.11406   -0.12003     +5.234087 
 385   41   11  1   0  0 0.020 01.0  0.00201   -0.04118   -0.04155     +0.898494 
 386   42   41  1   0  0 0.020 01.0  0.00203   -0.04432   -0.04176     -5.776173 
 387   43   41  1   0  0 0.020 01.0  0.00209   +0.05276   +0.05403     +2.407127 
 388   44   38  1   0  0 0.020 01.0  0.00260   -0.12971   -0.13431     +3.546373 
 389   45   15  1   0  0 0.020 01.0  0.00235   +0.09219   +0.09386     +1.811476 
 390   46   14  1   0  0 0.020 01.0  0.00227   -0.08021   -0.07750     -3.378631 
 391   47   46  1   0  0 0.020 01.0  0.00226   -0.07947   -0.08199     +3.171008 
 392   48   47  1   0  0 0.020 01.0  0.00182   +0.01285   +0.01618    +25.914397 
 393   49   48  1   0  0 0.020 01.0  0.00206   +0.04947   +0.04548     -8.065494 
 394   50   49  1   0  0 0.020 01.0  0.00190   +0.02477   +0.02182    -11.909568 
 395   51   50  1   0  0 0.020 01.0  0.00234   +0.09107   +0.09240     +1.460415 
 396   51   10  1   0  0 0.020 01.0  0.00271   -0.14707   -0.14107     -4.079690 
 397   49   13  1   0  0 0.020 01.0  0.00258   -0.12712   -0.12218     -3.886092 
 398   52   29  1   0  0 0.020 01.0  0.00224   -0.07605   -0.07484     -1.591059 
 399   53   52  1   0  0 0.020 01.0  0.00214   -0.06054   -0.06692    +10.538487 
 400   54   53  1   0  0 0.020 01.0  0.00174   +0.00155   +0.00620   +300.000000 
 401   55   54  1   0  0 0.020 01.0  0.00183   +0.01470   +0.01791    +21.836735 
 402   43   11  1   0  0 0.020 01.0  0.00213   -0.05876   -0.06005     +2.195371 
 403   45   44  1   0  0 0.020 01.0  0.00235   -0.09219   -0.08693     -5.705608 
 404   56   40  1   0  0 0.020 01.0  0.00177   +0.00549   +0.00734    +33.697632 
 405   41   56  1   0  0 0.020 01.0  0.00193   +0.02922   +0.02624    -10.198494 
 406   42   56  1   0  0 0.020 01.0  0.00188   +0.02232   +0.01858    -16.756272 
 407   57   39  1   0  0 0.020 01.0  0.00173   -0.00015   +0.00361  -2506.666667 
 408   56   57  1   0  0 0.020 01.0  0.00187   +0.02097   +0.01902     -9.298999 
 409   49   38  1   0  0 0.020 01.0  0.00204   +0.04585   +0.04372     -4.645583 
 410   48   38  1   0  0 0.020 01.0  0.00198   +0.03644   +0.03525     -3.265642 
 411   55    9  1   0  0 0.020 01.0  0.00197   -0.03570   -0.03258     -8.739496 
 412    2    1  4   0  0 0.020 01.0  0.00795   -0.93259   -0.94862     +1.718869 
 413    3    2  4   0  0 0.020 01.0  0.00475   -0.45314   -0.44777     -1.185064 
 414    4    3  4   0  0 0.020 01.0  0.00410   -0.35516   -0.35163     -0.993918 
 415    5    4  4   0  0 0.020 01.0  0.00315   -0.21327   -0.20719     -2.850846 
 416    6    4  4   0  0 0.020 01.0  0.00303   -0.19505   -0.19726     +1.133043 
 417    7    6  4   0  0 0.020 01.0  0.00255   -0.12304   -0.12899     +4.835826 
 418    8    6  4   0  0 0.020 01.0  0.00268   -0.14183   -0.13605     -4.075301 
 419    9    8  4   0  0 0.020 01.0  0.00539   +0.54781   +0.55469     +1.255910 
 420   10    9  4   0  0 0.020 01.0  0.00254   +0.12120   +0.12235     +0.948845 
 421   11    9  4   0  0 0.020 01.0  0.00314   +0.21154   +0.21609     +2.150893 
 422   12    9  4   0  0 0.020 01.0  0.00244   +0.10582   +0.10953     +3.505954 
 423   13    9  4   0  0 0.020 01.0  0.00313   +0.20896   +0.20999     +0.492917 
 424   14   13  4   0  0 0.020 01.0  0.00240   +0.09954   +0.10387     +4.350010 
 425   15   13  4   0  0 0.020 01.0  0.00331   +0.23587   +0.23925     +1.432993 
 426   15    1  4   0  0 0.020 01.0  0.00522   -0.52224   -0.52115     -0.208716 
 427   16    1  4   0  0 0.020 01.0  0.00312   -0.20792   -0.20444     -1.673721 
 428   17    1  4   0  0 0.020 01.0  0.00322   -0.22249   -0.21370     -3.950739 
 429   15    3  4   0  0 0.020 01.0  0.00180   +0.01079   +0.01217    +12.789620 
 430   18    4  4   0  0 0.020 01.0  0.00188   +0.02215   +0.02575    +16.252822 
 431   18    4  4   0  0 0.020 01.0  0.00206   +0.04962   +0.04577     -7.758968 
 432    6    5  4   0  0 0.020 01.0  0.00307   -0.20058   -0.19594     -2.313291 
 433    8    7  4   0  0 0.020 01.0  0.00303   -0.19443   -0.19949     +2.602479 
 434   12   10  4   0  0 0.020 01.0  0.00247   +0.11075   +0.10951     -1.119639 
 435   13   11  4   0  0 0.020 01.0  0.00301   +0.19217   +0.19743     +2.737160 
 436   13   12  4   0  0 0.020 01.0  0.00340   -0.24975   -0.25179     +0.816817 
 437   16   12  4   0  0 0.020 01.0  0.00306   +0.19892   +0.19057     -4.197667 
 438   17   12  4   0  0 0.020 01.0  0.00305   +0.19749   +0.19202     -2.769760 
 439   15   14  4   0  0 0.020 01.0  0.00368   +0.29226   +0.28216     -3.455827 
 440   19   18  4   0  0 0.020 01.0  0.00180   -0.00978   -0.00828    -15.337423 
 441   20   19  4   0  0 0.020 01.0  0.00178   -0.00774   -0.01039    +34.237726 
 442   20   21  4   0  0 0.020 01.0  0.00177   +0.00474   +0.00389    -17.932489 
 443   22   21  4   0  0 0.020 01.0  0.00177   -0.00472   -0.00819    +73.516949 
 444   23   22  4   0  0 0.020 01.0  0.00222   -0.07301   -0.06788     -7.026435 
 445   24   23  4   0  0 0.020 01.0  0.00220   -0.07076   -0.07286     +2.967778 
 446   25   24  4   0  0 0.020 01.0  0.00189   +0.02387   +0.02052    -14.034353 
 447   25   24  4   0  0 0.020 01.0  0.00189   +0.02294   +0.02628    +14.559721 
 448   26   24  4   0  0 0.020 01.0  0.00248   -0.11253   -0.11961     +6.291656 
 449   27   26  4   0  0 0.020 01.0  0.00240   -0.10037   -0.10701     +6.615523 
 450   28   27  4   0  0 0.020 01.0  0.00235   -0.09272   -0.09230     -0.452977 
 451   29   28  4   0  0 0.020 01.0  0.00228   -0.08195   -0.07602     -7.236120 
 452   29    7  4   0  0 0.020 01.0  0.00258   +0.12632   +0.12790     +1.250792 
 453   30   25  4   0  0 0.020 01.0  0.00184   -0.01533   -0.01422     -7.240705 
 454   31   30  4   0  0 0.020 01.0  0.00179   -0.00898   -0.00743    -17.260579 
 455   32   31  4   0  0 0.020 01.0  0.00173   +0.00007   +0.00446  +6271.428571 
 456   33   32  4   0  0 0.020 01.0  0.00177   -0.00600   -0.00899    +49.833333 
 457   32   34  4   0  0 0.020 01.0  0.00179   -0.00808   -0.00395    -51.113861 
 458   35   34  4   0  0 0.020 01.0  0.00176   +0.00456   -0.00021   -104.605263 
 459   36   35  4   0  0 0.020 01.0  0.00181   +0.01179   +0.01518    +28.753181 
 460   37   36  4   0  0 0.020 01.0  0.00214   +0.06112   +0.05511     -9.833115 
 461   38   37  4   0  0 0.020 01.0  0.00230   +0.08424   +0.08307     -1.388889 
 462   39   37  4   0  0 0.020 01.0  0.00190   -0.02473   -0.02366     -4.326729 
 463   40   36  4   0  0 0.020 01.0  0.00206   -0.04909   -0.05284     +7.639030 
 464   38   22  4   0  0 0.020 01.0  0.00219   +0.06898   +0.07288     +5.653813 
 465   41   11  4   0  0 0.020 01.0  0.00181   +0.01107   +0.00793    -28.364950 
 466   42   41  4   0  0 0.020 01.0  0.00182   +0.01321   +0.00966    -26.873581 
 467   43   41  4   0  0 0.020 01.0  0.00187   -0.02041   -0.01914     -6.222440 
 468   44   38  4   0  0 0.020 01.0  0.00197   -0.03604   -0.03082    -14.483907 
 469   45   15  4   0  0 0.020 01.0  0.00196   +0.03357   +0.03546     +5.630027 
 470   46   14  4   0  0 0.020 01.0  0.00292   -0.17855   -0.18355     +2.800336 
 471   47   46  4   0  0 0.020 01.0  0.00294   -0.18021   -0.17292     -4.045281 
 472   48   47  4   0  0 0.020 01.0  0.00269   -0.14380   -0.14573     +1.342142 
 473   49   48  4   0  0 0.020 01.0  0.00179   +0.00895   +0.00394    -55.977654 
 474   50   49  4   0  0 0.020 01.0  0.00231   -0.08726   -0.09105     +4.343342 
 475   51   50  4   0  0 0.020 01.0  0.00208   -0.05219   -0.04711     -9.733665 
 476   51   10  4   0  0 0.020 01.0  0.00198   +0.03619   +0.04057    +12.102791 
 477   49   13  4   0  0 0.020 01.0  0.00289   -0.17308   -0.17165     -0.826208 
 478   52   29  4   0  0 0.020 01.0  0.00209   +0.05385   +0.05461     +1.411328 
 479   53   52  4   0  0 0.020 01.0  0.00214   +0.06151   +0.05509    -10.437327 
 480   54   53  4   0  0 0.020 01.0  0.00189   +0.02322   +0.01899    -18.217054 
 481   55   54  4   0  0 0.020 01.0  0.00192   +0.02741   +0.02413    -11.966436 
 482   43   11  4   0  0 0.020 01.0  0.00185   +0.01741   +0.02104    +20.850086 
 483   45   44  4   0  0 0.020 01.0  0.00196   -0.03357   -0.03489     +3.932082 
 484   56   40  4   0  0 0.020 01.0  0.00204   -0.04673   -0.04896     +4.772095 
 485   41   56  4   0  0 0.020 01.0  0.00193   -0.02914   -0.03190     +9.471517 
 486   42   56  4   0  0 0.020 01.0  0.00192   -0.02721   -0.02955     +8.599779 
 487   57   39  4   0  0 0.020 01.0  0.00189   -0.02404   -0.02485     +3.369384 
 488   56   57  4   0  0 0.020 01.0  0.00185   -0.01786   -0.02128    +19.148936 
 489   49   38  4   0  0 0.020 01.0  0.00207   +0.04997   +0.05081     +1.681009 
 490   48   38  4   0  0 0.020 01.0  0.00279   +0.15815   +0.16079     +1.669301 
 491   55    9  4   0  0 0.020 01.0  0.00199   -0.03841   -0.03620     -5.753710 
----------------------------------------------------------------------------------
Número de medidores SCADA:     491
Número de PMUs:                0
Número de medidas das PMUs:    0
----------------------------------------------------------------------------------

Não há medidas de ângulo.
Não há medidores desabilitados.
============================== Estado Estimado ===================================
                 Barra     Mod(pu)    Ang(graus)              
----------------------------------------------------------------------------------
                    1            1.0396              0.00        
                    2            1.0243              2.04        
                    3            1.0182              8.07        
                    4            1.0146              9.98        
                    5            1.0100             13.40        
                    6            1.0097             15.23        
                    7            1.0077             18.48        
                    8            1.0054             22.41        
                    9            1.0038             15.41        
                   10            1.0060             10.42        
                   11            1.0031             11.83        
                   12            1.0152              8.67        
                   13            1.0042              9.22        
                   14            1.0026              8.03        
                   15            1.0127              6.69        
                   16            1.0198              5.74        
                   17            1.0266              2.70        
                   18            1.0548              8.79        
                   19            1.0409              8.46        
                   20            1.0365              8.42        
                   21            1.0791              8.22        
                   22            1.0787              8.23        
                   23            1.0787              8.35        
                   24            1.0830             10.58        
                   25            1.1080              8.87        
                   26            1.0332             11.09        
                   27            1.0389             14.75        
                   28            1.0441             16.24        
                   29            1.0494             17.17        
                   30            1.1003              8.63        
                   31            1.0894              8.15        
                   32            1.0848              7.78        
                   33            1.0841              7.77        
                   34            1.0648              8.14        
                   35            1.0658              8.16        
                   36            1.0672              8.21        
                   37            1.0697              8.17        
                   38            1.0786              8.00        
                   39            1.0689              8.20        
                   40            1.0651              8.29        
                   41            1.0574             10.21        
                   42            1.0527              9.30        
                   43            1.0496             11.36        
                   44            1.0733              7.65        
                   45            1.0638              7.18        
                   46            1.1020              7.76        
                   47            1.0893              7.69        
                   48            1.0864              7.84        
                   49            1.0914              8.11        
                   50            1.0828              8.62        
                   51            1.0842              9.92        
                   52            1.0486             16.00        
                   53            1.0495             15.44        
                   54            1.0548             15.23        
                   55            1.0634             15.19        
                   56            1.0578              8.58        
                   57            1.0591              8.15        
----------------------------------------------------------------------------------
Convergiu em:    3 iteraçoes. 
----------------------------------------------------------------------------------
--- RESIDUOS NORMALIZADOS --------------------------------------------------------
   N    D    P  TP      Real     Medido   Estimado      Med-Est        rn 
----------------------------------------------------------------------------------
 270    4   18  4    -0.0209    -0.0214    -0.0413  +1.9964e-02      0.490 
 430   18    4  4    +0.0221    +0.0257    +0.0431  -1.7370e-02      0.427 
 132    0   18  5    -0.0300    -0.0290    -0.0407  +1.1621e-02      0.358 
 350   18    4  1    -0.0446    -0.0401    -0.0525  +1.2440e-02      0.294 
 333    3    2  1    +1.1475    +1.1707    +1.1461  +2.4646e-02      0.267 
 252    1    2  4    +0.8471    +0.8639    +0.8436  +2.0267e-02      0.267 
 116    0    2  5    -0.4430    -0.4306    -0.4435  +1.2897e-02      0.266 
 339    9    8  1    -2.3240    -2.3552    -2.3242  -3.1007e-02      0.253 
 173    2    3  1    -1.1048    -1.0805    -1.1035  +2.3020e-02      0.252 
 191    4   18  1    +0.0571    +0.0630    +0.0525  +1.0500e-02      0.243 
 412    2    1  4    -0.9326    -0.9486    -0.9291  -1.9507e-02      0.242 
 340   10    9  1    -0.4930    -0.5074    -0.4909  -1.6504e-02      0.240 
  65    0    8  2    +4.0350    +4.0680    +4.0322  +3.5782e-02      0.240 
  35    0   35  6    +1.0644    +1.0488    +1.0658  -1.6996e-02      0.235 
 255    4    5  4    +0.2099    +0.2188    +0.2065  +1.2368e-02      0.231 
 179    8    9  1    +2.3803    +2.3526    +2.3805  -2.7848e-02      0.226 
 180    9   10  1    +0.5026    +0.5160    +0.5005  +1.5550e-02      0.226 
  48    0   48  6    +1.0862    +1.0700    +1.0864  -1.6451e-02      0.225 
 355   13   11  1    -0.5672    -0.5816    -0.5658  -1.5755e-02      0.225 
  34    0   34  6    +1.0636    +1.0486    +1.0648  -1.6185e-02      0.224 
 338    8    6  1    +0.7125    +0.6934    +0.7108  -1.7447e-02      0.223 
 181    9   11  1    +0.6881    +0.6702    +0.6871  -1.6884e-02      0.222 
 115    0    1  5    +1.8414    +1.8047    +1.8264  -2.1712e-02      0.222 
 126    0   12  5    +0.0328    +0.0315    +0.0368  -5.3324e-03      0.221 
 237   13   49  1    +0.1271    +0.1344    +0.1239  +1.0519e-02      0.216 
   8    0    8  6    +1.0050    +1.0199    +1.0054  +1.4588e-02      0.208 
  38    0   38  6    +1.0781    +1.0635    +1.0786  -1.5017e-02      0.206 
  13    0   13  6    +1.0041    +1.0186    +1.0042  +1.4372e-02      0.204 
 118    0    4  5    -0.0000    -0.0036    +0.0010  -4.5979e-03      0.202 
 183    9   13  1    +0.6405    +0.6545    +0.6393  +1.5271e-02      0.200 
 128    0   14  5    -0.0160    -0.0177    -0.0125  -5.1657e-03      0.199 
  33    0   33  6    +1.0831    +1.0700    +1.0841  -1.4135e-02      0.198 
  40    0   40  6    +1.0641    +1.0793    +1.0651  +1.4203e-02      0.197 
  75    0   18  2    -0.0840    -0.0842    -0.0772  -6.9818e-03      0.196 
 343   13    9  1    -0.6197    -0.6038    -0.6185  +1.4798e-02      0.196 
  16    0   16  6    +1.0197    +1.0336    +1.0198  +1.3829e-02      0.195 
  36    0   36  6    +1.0661    +1.0811    +1.0672  +1.3890e-02      0.192 
 459   36   35  4    +0.0118    +0.0152    +0.0083  +6.8463e-03      0.192 
  68    0   11  2    +0.0000    -0.0038    +0.0001  -3.9396e-03      0.192 
  15    0   15  6    +1.0126    +1.0260    +1.0127  +1.3333e-02      0.189 
  11    0   11  6    +1.0030    +1.0164    +1.0031  +1.3252e-02      0.189 
 336    6    4  1    +0.5846    +0.5689    +0.5825  -1.3622e-02      0.187 
   6    0    6  6    +1.0093    +1.0228    +1.0097  +1.3137e-02      0.187 
 161    0   47  5    -0.0360    -0.0412    -0.0354  -5.8193e-03      0.182 
  47    0   47  6    +1.0890    +1.1025    +1.0893  +1.3253e-02      0.181 
 131    0   17  5    -0.0250    -0.0299    -0.0248  -5.1330e-03      0.181 
 352    6    5  1    +0.4173    +0.4266    +0.4153  +1.1290e-02      0.181 
  42    0   42  6    +1.0533    +1.0401    +1.0527  -1.2597e-02      0.177 
 267    1   16  4    +0.2011    +0.2076    +0.1984  +9.2763e-03      0.174 
 212    7   29  1    +0.3834    +0.3931    +0.3833  +9.8406e-03      0.170 
  29    0   29  6    +1.0494    +1.0616    +1.0494  +1.2142e-02      0.169 
  67    0   10  2    -0.1260    -0.1191    -0.1245  +5.4539e-03      0.168 
 153    0   39  5    +0.0000    -0.0044    +0.0013  -5.6519e-03      0.168 
 178    6    8  1    -0.6950    -0.6804    -0.6934  +1.2991e-02      0.167 
   1    0    1  6    +1.0400    +1.0278    +1.0396  -1.1832e-02      0.165 
 193    7    8  1    -0.9295    -0.9146    -0.9283  +1.3711e-02      0.165 
  71    0   14  2    -0.0330    -0.0352    -0.0310  -4.1534e-03      0.164 
  32    0   32  6    +1.0837    +1.0733    +1.0848  -1.1491e-02      0.161 
 229   15   45  1    -0.0922    -0.0855    -0.0925  +7.0181e-03      0.161 
  18    0   18  6    +1.0574    +1.0433    +1.0548  -1.1537e-02      0.161 
 335    5    4  1    +0.3710    +0.3605    +0.3704  -9.9436e-03      0.160 
  37    0   37  6    +1.0688    +1.0812    +1.0697  +1.1499e-02      0.159 
  50    0   50  6    +1.0828    +1.0713    +1.0828  -1.1502e-02      0.158 
 348   17    1  1    +0.4250    +0.4300    +0.4203  +9.7257e-03      0.158 
 284   22   23  4    +0.0732    +0.0776    +0.0713  +6.3666e-03      0.157 
  61    0    4  2    -0.0000    +0.0016    +0.0046  -3.0574e-03      0.157 
  25    0   25  6    +1.1079    +1.1193    +1.1080  +1.1340e-02      0.156 
 448   26   24  4    -0.1125    -0.1196    -0.1128  -6.8416e-03      0.155 
 358   17   12  1    -0.5551    -0.5678    -0.5569  -1.0849e-02      0.152 
 190    4   18  1    +0.0446    +0.0461    +0.0525  -6.4302e-03      0.152 
 114    0   57  2    -0.0210    -0.0259    -0.0207  -5.1725e-03      0.152 
  72    0   15  2    -0.0680    -0.0703    -0.0671  -3.2049e-03      0.151 
 275   11   13  4    -0.1848    -0.1767    -0.1842  +7.5131e-03      0.149 
 197   12   16  1    +0.6154    +0.6236    +0.6130  +1.0580e-02      0.149 
  30    0   30  6    +1.1003    +1.0896    +1.1003  -1.0733e-02      0.149 
 369   27   26  1    +0.2039    +0.1968    +0.2045  -7.6686e-03      0.148 
 433    8    7  4    -0.1944    -0.1995    -0.1923  -7.1866e-03      0.144 
  14    0   14  6    +1.0024    +0.9925    +1.0026  -1.0112e-02      0.144 
 117    0    3  5    -0.1650    -0.1646    -0.1596  -5.0650e-03      0.143 
 318   29   52  4    -0.0524    -0.0493    -0.0550  +5.7397e-03      0.142 
 146    0   32  5    -0.0020    -0.0057    -0.0015  -4.2072e-03      0.142 
 103    0   46  2    +0.0000    -0.0008    +0.0034  -4.1555e-03      0.141 
 307   41   43  4    +0.0216    +0.0262    +0.0206  +5.6064e-03      0.140 
  73    0   16  2    -0.1330    -0.1260    -0.1305  +4.5428e-03      0.140 
 215   31   32  1    +0.0093    +0.0046    +0.0099  -5.3768e-03      0.140 
 281   19   20  4    +0.0078    +0.0120    +0.0067  +5.3573e-03      0.140 
 194   10   12  1    +0.2199    +0.2287    +0.2214  +7.2487e-03      0.139 
  17    0   17  6    +1.0269    +1.0169    +1.0266  -9.7649e-03      0.137 
 349   15    3  1    -0.4558    -0.4455    -0.4541  +8.5666e-03      0.137 
 150    0   36  5    +0.0000    -0.0035    +0.0003  -3.8143e-03      0.137 
 209   26   27  1    -0.1960    -0.1894    -0.1965  +7.1087e-03      0.137 
 419    9    8  4    +0.5478    +0.5547    +0.5457  +8.9473e-03      0.136 
 439   15   14  4    +0.2923    +0.2822    +0.2900  -7.8239e-03      0.136 
 332    2    1  1    +1.0958    +1.1081    +1.0962  +1.1914e-02      0.135 
 162    0   48  5    +0.0000    -0.0037    -0.0002  -3.5589e-03      0.135 
 400   54   53  1    +0.0015    +0.0062    +0.0011  +5.0839e-03      0.135 
 110    0   53  2    -0.0620    -0.0592    -0.0641  +4.8626e-03      0.134 
 458   35   34  4    +0.0046    -0.0002    +0.0046  -4.7885e-03      0.134 
 120    0    6  5    -0.0860    -0.0848    -0.0809  -3.9340e-03      0.134 
 282   21   20  4    -0.0047    -0.0076    -0.0025  -5.1143e-03      0.133 
 449   27   26  4    -0.1004    -0.1070    -0.1010  -6.0598e-03      0.132 
 342   12    9  1    -0.3740    -0.3818    -0.3733  -8.4742e-03      0.131 
 341   11    9  1    -0.6751    -0.6642    -0.6742  +9.9425e-03      0.131 
 195   11   13  1    +0.5752    +0.5646    +0.5738  -9.1772e-03      0.131 
 471   47   46  4    -0.1802    -0.1729    -0.1793  +6.4148e-03      0.130 
 362   20   21  1    +0.0006    -0.0001    +0.0048  -4.8909e-03      0.129 
 437   16   12  4    +0.1989    +0.1906    +0.1971  -6.5063e-03      0.129 
 322   11   43  4    -0.0169    -0.0119    -0.0167  +4.7946e-03      0.129 
  54    0   54  6    +1.0550    +1.0457    +1.0548  -9.1262e-03      0.127 
 403   45   44  1    -0.0922    -0.0869    -0.0927  +5.7359e-03      0.127 
  31    0   31  6    +1.0880    +1.0985    +1.0894  +9.0348e-03      0.127 
   4    0    4  6    +1.0147    +1.0235    +1.0146  +8.9142e-03      0.126 
 244   40   56  1    -0.0055    -0.0101    -0.0050  -5.1387e-03      0.126 
 265   13   15  4    -0.2376    -0.2295    -0.2366  +7.0229e-03      0.125 
 377   32   34  1    -0.0077    -0.0125    -0.0077  -4.7455e-03      0.125 
 172    1    2  1    -1.0804    -1.0699    -1.0808  +1.0968e-02      0.125 
 207   24   25  1    +0.0288    +0.0344    +0.0292  +5.2324e-03      0.124 
 241   54   55  1    -0.0146    -0.0124    -0.0172  +4.7891e-03      0.124 
 152    0   38  5    -0.0220    -0.0258    -0.0227  -3.0762e-03      0.124 
 384   38   22  1    -0.1141    -0.1200    -0.1148  -5.1889e-03      0.124 
 240   53   54  1    -0.0015    +0.0036    -0.0010  +4.6252e-03      0.122 
  12    0   12  6    +1.0150    +1.0066    +1.0152  -8.6207e-03      0.122 
 428   17    1  4    -0.2225    -0.2137    -0.2201  +6.3747e-03      0.122 
 297   34   32  4    +0.0082    +0.0037    +0.0083  -4.6595e-03      0.121 
 198   12   17  1    +0.5685    +0.5791    +0.5704  +8.6769e-03      0.121 
 370   28   27  1    +0.2365    +0.2292    +0.2355  -6.2997e-03      0.121 
 421   11    9  4    +0.2115    +0.2161    +0.2098  +6.3033e-03      0.121 
 269    3   15  4    -0.0561    -0.0527    -0.0576  +4.8939e-03      0.120 
  41    0   41  6    +1.0577    +1.0488    +1.0574  -8.6254e-03      0.120 
   3    0    3  6    +1.0182    +1.0266    +1.0182  +8.4388e-03      0.119 
 435   13   11  4    +0.1922    +0.1974    +0.1914  +5.9849e-03      0.118 
  21    0   21  6    +1.0788    +1.0877    +1.0791  +8.5911e-03      0.118 
 443   22   21  4    -0.0047    -0.0082    -0.0040  -4.1571e-03      0.117 
 143    0   29  5    -0.0080    -0.0132    -0.0100  -3.2192e-03      0.116 
 418    8    6  4    -0.1418    -0.1361    -0.1419  +5.8401e-03      0.116 
 287   24   25  4    -0.0216    -0.0167    -0.0215  +4.8534e-03      0.116 
  83    0   26  2    -0.0000    -0.0006    +0.0028  -3.3882e-03      0.116 
 327   39   57  4    +0.0247    +0.0304    +0.0255  +4.9050e-03      0.116 
 455   32   31  4    +0.0001    +0.0045    +0.0001  +4.3852e-03      0.116 
 394   50   49  1    +0.0248    +0.0218    +0.0263  -4.4382e-03      0.115 
 345   15   13  1    -0.4403    -0.4315    -0.4391  +7.6378e-03      0.115 
 186    1   15  1    -1.2265    -1.2368    -1.2260  -1.0816e-02      0.113 
 278   12   17  4    -0.1864    -0.1780    -0.1840  +5.9184e-03      0.113 
 232   47   48  1    -0.0125    -0.0097    -0.0138  +4.0576e-03      0.112 
 257    6    7  4    +0.1261    +0.1325    +0.1272  +5.2673e-03      0.112 
 271    4   18  4    -0.0474    -0.0461    -0.0413  -4.7856e-03      0.112 
 457   32   34  4    -0.0081    -0.0040    -0.0082  +4.2860e-03      0.111 
 253    2    3  4    +0.4896    +0.4783    +0.4856  -7.3060e-03      0.111 
 192    5    6  1    -0.4110    -0.4022    -0.4091  +6.9058e-03      0.111 
 463   40   36  4    -0.0491    -0.0528    -0.0485  -4.3016e-03      0.110 
 414    4    3  4    -0.3552    -0.3516    -0.3579  +6.2720e-03      0.110 
 211   28   29  1    -0.2505    -0.2408    -0.2465  +5.6701e-03      0.110 
 314   49   50  4    +0.0882    +0.0950    +0.0902  +4.7847e-03      0.110 
 101    0   44  2    -0.0370    -0.0368    -0.0403  +3.5102e-03      0.108 
 407   57   39  1    -0.0001    +0.0036    -0.0008  +4.3619e-03      0.108 
 147    0   33  5    -0.0060    -0.0105    -0.0067  -3.8686e-03      0.108 
 168    0   54  5    -0.0040    -0.0004    -0.0037  +3.3790e-03      0.108 
 393   49   48  1    +0.0495    +0.0455    +0.0501  -4.6300e-03      0.108 
 158    0   44  5    -0.0060    -0.0019    +0.0014  -3.3046e-03      0.106 
 238   29   52  1    +0.0772    +0.0831    +0.0787  +4.4495e-03      0.106 
 490   48   38  4    +0.1582    +0.1608    +0.1558  +4.9881e-03      0.106 
 480   54   53  4    +0.0232    +0.0190    +0.0232  -4.1977e-03      0.106 
 227   41   43  1    -0.0528    -0.0583    -0.0539  -4.4526e-03      0.105 
 224   22   38  1    +0.1144    +0.1107    +0.1151  -4.4133e-03      0.105 
 124    0   10  5    -0.0500    -0.0535    -0.0503  -3.1463e-03      0.105 
 208   24   26  1    -0.1960    -0.2045    -0.1993  -5.1331e-03      0.104 
 482   43   11  4    +0.0174    +0.0210    +0.0172  +3.8251e-03      0.103 
 406   42   56  1    +0.0223    +0.0186    +0.0227  -4.0819e-03      0.103 
 372   29    7  1    -0.3834    -0.3774    -0.3833  +5.9194e-03      0.102 
 416    6    4  4    -0.1951    -0.1973    -0.1919  -5.3762e-03      0.101 
  27    0   27  6    +1.0388    +1.0317    +1.0389  -7.1292e-03      0.100 
 360   19   18  1    -0.0176    -0.0202    -0.0163  -3.9612e-03      0.100 
 234   49   50  1    -0.0242    -0.0295    -0.0257  -3.8329e-03      0.100 
 165    0   51  5    -0.0160    -0.0130    -0.0098  -3.2436e-03      0.100 
 283   21   22  4    +0.0047    +0.0005    +0.0040  -3.5345e-03      0.099 
 276   12   13  4    +0.1915    +0.1984    +0.1934  +4.9918e-03      0.099 
 417    7    6  4    -0.1230    -0.1290    -0.1244  -4.6177e-03      0.098 
  82    0   25  2    -0.0200    -0.0198    -0.0228  +2.9994e-03      0.098 
 441   20   19  4    -0.0077    -0.0104    -0.0067  -3.7298e-03      0.097 
 233   48   49  1    -0.0493    -0.0541    -0.0499  -4.1826e-03      0.097 
 266    1   15  4    +0.5783    +0.5657    +0.5725  -6.8408e-03      0.097 
 302   37   39  4    +0.0248    +0.0206    +0.0242  -3.6026e-03      0.097 
 137    0   23  5    -0.0070    -0.0021    -0.0051  +3.0754e-03      0.097 
 411   55    9  1    -0.0357    -0.0326    -0.0362  +3.6003e-03      0.097 
 125    0   11  5    -0.0000    -0.0027    -0.0004  -2.3249e-03      0.096 
 205   23   24  1    -0.1339    -0.1276    -0.1321  +4.4747e-03      0.096 
 106    0   49  2    -0.0560    -0.0512    -0.0540  +2.7780e-03      0.095 
  44    0   44  6    +1.0727    +1.0802    +1.0733  +6.9057e-03      0.095 
 399   53   52  1    -0.0605    -0.0669    -0.0630  -3.8825e-03      0.095 
 334    4    3  1    +0.8272    +0.8448    +0.8376  +7.2337e-03      0.095 
 375   32   31  1    -0.0093    -0.0135    -0.0099  -3.6354e-03      0.095 
 175    4    5  1    -0.3601    -0.3539    -0.3596  +5.7701e-03      0.094 
 291   28   29  4    +0.0857    +0.0864    +0.0826  +3.8684e-03      0.093 
 139    0   25  5    -0.0100    -0.0055    -0.0084  +2.8613e-03      0.093 
 479   53   52  4    +0.0615    +0.0551    +0.0589  -3.7881e-03      0.092 
  86    0   29  2    -0.0530    -0.0529    -0.0555  +2.5877e-03      0.092 
 127    0   13  5    -0.0070    -0.0120    -0.0101  -1.8692e-03      0.091 
  97    0   40  2    -0.0000    +0.0010    -0.0021  +3.0955e-03      0.091 
 177    6    7  1    -0.5400    -0.5316    -0.5379  +6.2737e-03      0.091 
 347   16    1  1    +0.4752    +0.4693    +0.4754  -6.1117e-03      0.091 
 159    0   45  5    +0.0000    -0.0039    -0.0012  -2.7429e-03      0.090 
 330   38   48  4    -0.1571    -0.1505    -0.1548  +4.2554e-03      0.090 
   7    0    7  6    +1.0074    +1.0013    +1.0077  -6.3242e-03      0.090 
 163    0   49  5    -0.0260    -0.0309    -0.0285  -2.4095e-03      0.090 
 452   29    7  4    +0.1263    +0.1279    +0.1240  +3.9283e-03      0.090 
  87    0   30  2    -0.0110    -0.0084    -0.0112  +2.8471e-03      0.089 
 201   19   20  1    +0.0076    +0.0026    +0.0060  -3.4101e-03      0.089 
 184   13   14  1    +0.4570    +0.4474    +0.4532  -5.8178e-03      0.089 
 366   25   24  1    -0.0300    -0.0329    -0.0292  -3.7224e-03      0.088 
 134    0   20  5    -0.0030    -0.0013    -0.0041  +2.8432e-03      0.088 
 371   29   28  1    +0.2532    +0.2445    +0.2491  -4.5212e-03      0.088 
  23    0   23  6    +1.0783    +1.0723    +1.0787  -6.3442e-03      0.087 
 470   46   14  4    -0.1785    -0.1835    -0.1793  -4.2793e-03      0.087 
 156    0   42  5    -0.0140    -0.0139    -0.0167  +2.7866e-03      0.087 
   2    0    2  6    +1.0246    +1.0304    +1.0243  +6.1207e-03      0.086 
 310   14   46  4    +0.1809    +0.1858    +0.1816  +4.2316e-03      0.086 
 236   10   51  1    +0.1471    +0.1410    +0.1450  -3.9503e-03      0.086 
 396   51   10  1    -0.1471    -0.1411    -0.1450  +3.9203e-03      0.085 
 424   14   13  4    +0.0995    +0.1039    +0.1001  +3.7977e-03      0.085 
 142    0   28  5    -0.0070    -0.0118    -0.0092  -2.5996e-03      0.085 
   5    0    5  6    +1.0096    +1.0160    +1.0100  +5.9861e-03      0.085 
 304   22   38  4    -0.0685    -0.0744    -0.0711  -3.2675e-03      0.084 
 167    0   53  5    -0.0310    -0.0308    -0.0336  +2.8033e-03      0.083 
 319   52   53  4    -0.0609    -0.0548    -0.0582  +3.4034e-03      0.083 
 422   12    9  4    +0.1058    +0.1095    +0.1055  +4.0332e-03      0.083 
 425   15   13  4    +0.2359    +0.2392    +0.2346  +4.6040e-03      0.082 
 107    0   50  2    -0.0650    -0.0601    -0.0630  +2.8950e-03      0.081 
 447   25   24  4    +0.0229    +0.0263    +0.0229  +3.3873e-03      0.081 
 260    9   10  4    -0.1218    -0.1190    -0.1228  +3.8137e-03      0.079 
 298   34   35  4    -0.0082    -0.0110    -0.0082  -2.8102e-03      0.078 
 444   23   22  4    -0.0730    -0.0679    -0.0710  +3.1477e-03      0.078 
 364   23   22  1    +0.1139    +0.1073    +0.1106  -3.3008e-03      0.077 
 453   30   25  4    -0.0153    -0.0142    -0.0171  +2.8391e-03      0.077 
 473   49   48  4    +0.0089    +0.0039    +0.0070  -3.0405e-03      0.076 
 288   24   26  4    +0.1148    +0.1117    +0.1151  -3.3526e-03      0.076 
 481   55   54  4    +0.0274    +0.0241    +0.0271  -3.0047e-03      0.075 
 239   52   53  1    +0.0611    +0.0666    +0.0636  +3.0678e-03      0.075 
 289   26   27  4    +0.1125    +0.1097    +0.1132  -3.4581e-03      0.075 
 261    9   11  4    -0.1909    -0.1855    -0.1893  +3.8029e-03      0.074 
  56    0   56  6    +1.0580    +1.0525    +1.0578  -5.2909e-03      0.074 
 254    3    4  4    +0.3442    +0.3518    +0.3477  +4.1527e-03      0.074 
  55    0   55  6    +1.0632    +1.0581    +1.0634  -5.3157e-03      0.074 
  77    0   20  2    -0.0070    -0.0036    -0.0012  -2.3520e-03      0.073 
 321   54   55  4    -0.0272    -0.0298    -0.0269  -2.8933e-03      0.073 
 488   56   57  4    -0.0179    -0.0213    -0.0185  -2.7309e-03      0.072 
 491   55    9  4    -0.0384    -0.0362    -0.0389  +2.7306e-03      0.072 
  89    0   32  2    -0.0050    -0.0018    -0.0039  +2.1152e-03      0.072 
  19    0   19  6    +1.0432    +1.0359    +1.0409  -5.0187e-03      0.071 
 104    0   47  2    -0.0920    -0.0966    -0.0938  -2.7107e-03      0.071 
 451   29   28  4    -0.0819    -0.0760    -0.0789  +2.9229e-03      0.071 
  66    0    9  2    -0.0730    -0.0765    -0.0778  +1.2650e-03      0.071 
 113    0   56  2    -0.0240    -0.0275    -0.0254  -2.0110e-03      0.070 
  62    0    5  2    -0.0400    -0.0368    -0.0387  +1.9322e-03      0.069 
 280   18   19  4    +0.0100    +0.0130    +0.0103  +2.7094e-03      0.069 
 151    0   37  5    -0.0000    -0.0036    -0.0017  -1.8589e-03      0.069 
 188    1   17  1    -0.4200    -0.4111    -0.4153  +4.2168e-03      0.068 
 258    6    8  4    +0.1835    +0.1866    +0.1831  +3.5724e-03      0.068 
 169    0   55  5    -0.0110    -0.0139    -0.0118  -2.1441e-03      0.068 
 485   41   56  4    -0.0291    -0.0319    -0.0290  -2.8799e-03      0.067 
 367   25   24  1    -0.0288    -0.0264    -0.0292  +2.8276e-03      0.067 
 164    0   50  5    -0.0330    -0.0367    -0.0389  +2.1816e-03      0.067 
 325   56   41  4    +0.0300    +0.0327    +0.0298  +2.8348e-03      0.066 
 489   49   38  4    +0.0500    +0.0508    +0.0479  +2.9160e-03      0.066 
 141    0   27  5    -0.0020    -0.0056    -0.0036  -2.0309e-03      0.066 
 432    6    5  4    -0.2006    -0.1959    -0.1993  +3.3726e-03      0.066 
 263    9   13  4    -0.1814    -0.1769    -0.1804  +3.4932e-03      0.066 
  88    0   31  2    -0.0180    -0.0131    -0.0152  +2.1476e-03      0.066 
 222   37   39  1    +0.0002    +0.0019    -0.0004  +2.3078e-03      0.065 
 242   11   43  1    +0.0588    +0.0613    +0.0587  +2.6016e-03      0.065 
 456   33   32  4    -0.0060    -0.0090    -0.0067  -2.3186e-03      0.065 
  74    0   17  2    -0.1300    -0.1346    -0.1367  +2.0866e-03      0.065 
 337    7    6  1    +0.5461    +0.5484    +0.5440  +4.4277e-03      0.064 
 405   41   56  1    +0.0292    +0.0262    +0.0290  -2.7154e-03      0.064 
  43    0   43  6    +1.0495    +1.0450    +1.0496  -4.5721e-03      0.064 
 268    1   17  4    +0.2149    +0.2087    +0.2120  -3.2741e-03      0.064 
  53    0   53  6    +1.0496    +1.0541    +1.0495  +4.5452e-03      0.063 
 216   32   33  1    +0.0120    +0.0114    +0.0137  -2.2938e-03      0.063 
 259    8    9  4    -0.3156    -0.3105    -0.3138  +3.3818e-03      0.063 
 398   52   29  1    -0.0761    -0.0748    -0.0775  +2.6337e-03      0.062 
 465   41   11  4    +0.0111    +0.0079    +0.0105  -2.5670e-03      0.062 
 123    0    9  5    -0.0460    -0.0473    -0.0458  -1.4080e-03      0.062 
 248   57   56  1    -0.0209    -0.0176    -0.0200  +2.3556e-03      0.062 
 383   40   36  1    +0.0055    +0.0007    +0.0029  -2.2158e-03      0.062 
  39    0   39  6    +1.0679    +1.0734    +1.0689  +4.4772e-03      0.062 
 431   18    4  4    +0.0496    +0.0458    +0.0431  +2.6502e-03      0.062 
 344   14   13  1    -0.4541    -0.4464    -0.4504  +4.0273e-03      0.062 
 329   38   49  4    -0.0528    -0.0480    -0.0508  +2.7320e-03      0.062 
 438   17   12  4    +0.1975    +0.1920    +0.1953  -3.2477e-03      0.062 
  80    0   23  2    -0.0200    -0.0195    -0.0215  +1.9739e-03      0.062 
  58    0    1  2    -3.1908    -3.1782    -3.1863  +8.1167e-03      0.061 
 225   11   41  1    +0.0412    +0.0444    +0.0418  +2.6436e-03      0.061 
 426   15    1  4    -0.5222    -0.5212    -0.5170  -4.1237e-03      0.060 
  10    0   10  6    +1.0055    +1.0103    +1.0060  +4.2366e-03      0.060 
 203   21   22  1    +0.0006    -0.0017    +0.0004  -2.1066e-03      0.060 
 404   56   40  1    +0.0055    +0.0073    +0.0050  +2.3587e-03      0.058 
 296   32   33  4    +0.0060    +0.0046    +0.0067  -2.0685e-03      0.058 
  96    0   39  2    -0.0000    +0.0032    +0.0012  +1.9681e-03      0.058 
 230   14   46  1    +0.0802    +0.0750    +0.0774  -2.4207e-03      0.057 
 392   48   47  1    +0.0129    +0.0162    +0.0141  +2.0615e-03      0.057 
 446   25   24  4    +0.0239    +0.0205    +0.0229  -2.3727e-03      0.057 
 250   38   48  1    -0.0357    -0.0305    -0.0326  +2.1682e-03      0.056 
  84    0   27  2    -0.0290    -0.0291    -0.0274  -1.7294e-03      0.056 
 199   14   15  1    +0.3409    +0.3453    +0.3419  +3.3001e-03      0.056 
 466   42   41  4    +0.0132    +0.0097    +0.0118  -2.1349e-03      0.055 
 299   35   36  4    -0.0136    -0.0082    -0.0101  +1.9627e-03      0.055 
 306   41   42  4    -0.0125    -0.0090    -0.0112  +2.1318e-03      0.055 
 320   53   54  4    -0.0231    -0.0209    -0.0231  +2.1754e-03      0.055 
 415    5    4  4    -0.2133    -0.2072    -0.2101  +2.9365e-03      0.054 
 313   48   49  4    -0.0144    -0.0102    -0.0124  +2.1897e-03      0.054 
 149    0   35  5    -0.0090    -0.0038    -0.0055  +1.7242e-03      0.054 
  26    0   26  6    +1.0331    +1.0370    +1.0332  +3.8020e-03      0.053 
 196   12   13  1    -0.0987    -0.0963    -0.0985  +2.2507e-03      0.053 
 213   25   30  1    +0.0387    +0.0347    +0.0367  -2.0414e-03      0.053 
  91    0   34  2    -0.0000    -0.0043    -0.0025  -1.7137e-03      0.053 
 294   30   31  4    +0.0093    +0.0057    +0.0076  -1.9390e-03      0.052 
 461   38   37  4    +0.0842    +0.0831    +0.0810  +2.0625e-03      0.052 
 243   44   45  1    +0.0927    +0.0909    +0.0932  -2.3138e-03      0.051 
 476   51   10  4    +0.0362    +0.0406    +0.0386  +1.9693e-03      0.051 
 410   48   38  1    +0.0364    +0.0352    +0.0333  +1.9608e-03      0.051 
 328   57   56  4    +0.0180    +0.0168    +0.0187  -1.9130e-03      0.051 
 315   50   51  4    +0.0543    +0.0482    +0.0504  -2.1492e-03      0.050 
 331    9   55  4    +0.0387    +0.0373    +0.0392  -1.8915e-03      0.050 
 219   35   36  1    -0.0267    -0.0220    -0.0238  +1.8260e-03      0.050 
  57    0   57  6    +1.0590    +1.0626    +1.0591  +3.5263e-03      0.050 
 108    0   51  2    -0.0560    -0.0561    -0.0545  -1.6754e-03      0.050 
 445   24   23  4    -0.0708    -0.0729    -0.0708  -2.1055e-03      0.049 
 478   52   29  4    +0.0539    +0.0546    +0.0566  -1.9646e-03      0.049 
  99    0   42  2    -0.0220    -0.0192    -0.0208  +1.5611e-03      0.048 
  79    0   22  2    +0.0000    +0.0030    +0.0043  -1.2839e-03      0.048 
 472   48   47  4    -0.1438    -0.1457    -0.1436  -2.1667e-03      0.047 
  63    0    6  2    -0.2330    -0.2351    -0.2335  -1.5375e-03      0.047 
 440   19   18  4    -0.0098    -0.0083    -0.0101  +1.8091e-03      0.046 
 391   47   46  1    -0.0795    -0.0820    -0.0801  -1.9383e-03      0.046 
 359   15   14  1    -0.3375    -0.3412    -0.3386  -2.6678e-03      0.045 
 100    0   43  2    -0.0060    -0.0063    -0.0049  -1.3790e-03      0.045 
 323   44   45  4    +0.0300    +0.0348    +0.0330  +1.8133e-03      0.045 
 274   10   12  4    -0.1364    -0.1328    -0.1349  +2.1461e-03      0.045 
 135    0   21  5    +0.0000    +0.0030    +0.0015  +1.4412e-03      0.044 
 129    0   15  5    -0.0160    -0.0154    -0.0145  -9.4170e-04      0.044 
 423   13    9  4    +0.2090    +0.2100    +0.2076  +2.3826e-03      0.044 
 228   38   44  1    +0.1302    +0.1359    +0.1340  +1.9554e-03      0.043 
 460   37   36  4    +0.0611    +0.0551    +0.0568  -1.6741e-03      0.043 
  85    0   28  2    -0.0140    -0.0123    -0.0110  -1.2296e-03      0.043 
 374   31   30  1    -0.0273    -0.0235    -0.0251  +1.6643e-03      0.043 
 171    0   57  5    -0.0060    -0.0074    -0.0060  -1.4066e-03      0.043 
  45    0   45  6    +1.0636    +1.0669    +1.0638  +3.0189e-03      0.042 
 145    0   31  5    -0.0090    -0.0087    -0.0073  -1.3563e-03      0.042 
 474   50   49  4    -0.0873    -0.0911    -0.0892  -1.8193e-03      0.042 
 395   51   50  1    +0.0911    +0.0924    +0.0905  +1.8644e-03      0.041 
 365   24   23  1    +0.1372    +0.1334    +0.1353  -1.8986e-03      0.041 
  22    0   22  6    +1.0783    +1.0816    +1.0787  +2.9576e-03      0.041 
 386   42   41  1    -0.0443    -0.0418    -0.0434  +1.6631e-03      0.040 
 290   27   28  4    +0.0984    +0.0991    +0.0974  +1.7389e-03      0.040 
 346   15    1  1    +1.2578    +1.2533    +1.2572  -3.8396e-03      0.040 
  20    0   20  6    +1.0379    +1.0393    +1.0365  +2.7908e-03      0.040 
 409   49   38  1    +0.0459    +0.0437    +0.0454  -1.7299e-03      0.040 
 204   22   23  1    -0.1138    -0.1087    -0.1104  +1.7038e-03      0.040 
 112    0   55  2    -0.0210    -0.0201    -0.0188  -1.2678e-03      0.039 
 324   40   56  4    +0.0491    +0.0486    +0.0503  -1.7345e-03      0.039 
 286   24   25  4    -0.0225    -0.0199    -0.0215  +1.6234e-03      0.039 
 122    0    8  5    -0.6519    -0.6456    -0.6480  +2.4153e-03      0.039 
 483   45   44  4    -0.0336    -0.0349    -0.0365  +1.5634e-03      0.038 
 380   37   36  1    +0.0214    +0.0238    +0.0224  +1.3718e-03      0.038 
 477   49   13  4    -0.1731    -0.1716    -0.1736  +1.9303e-03      0.037 
 140    0   26  5    -0.0000    +0.0015    +0.0004  +1.0903e-03      0.036 
 133    0   19  5    -0.0020    -0.0022    -0.0034  +1.1465e-03      0.036 
 166    0   52  5    -0.0070    -0.0027    -0.0016  -1.1112e-03      0.036 
 442   20   21  4    +0.0047    +0.0039    +0.0025  +1.3731e-03      0.036 
 397   49   13  1    -0.1271    -0.1222    -0.1239  +1.7208e-03      0.035 
 381   38   37  1    +0.0220    +0.0179    +0.0191  -1.2601e-03      0.035 
 182    9   12  1    +0.3841    +0.3857    +0.3834  +2.2654e-03      0.035 
 373   30   25  1    -0.0386    -0.0379    -0.0366  -1.3201e-03      0.034 
  98    0   41  2    -0.0200    -0.0220    -0.0229  +9.2722e-04      0.034 
 187    1   16  1    -0.4639    -0.4620    -0.4642  +2.2284e-03      0.033 
 464   38   22  4    +0.0690    +0.0729    +0.0716  +1.2931e-03      0.033 
 402   43   11  1    -0.0588    -0.0600    -0.0587  -1.3116e-03      0.033 
 305   11   41  4    -0.0098    -0.0079    -0.0093  +1.3141e-03      0.032 
  24    0   24  6    +1.0829    +1.0808    +1.0830  -2.2811e-03      0.031 
 389   45   15  1    +0.0922    +0.0939    +0.0925  +1.3119e-03      0.030 
 303   36   40  4    +0.0492    +0.0498    +0.0486  +1.1744e-03      0.030 
 475   51   50  4    -0.0522    -0.0471    -0.0484  +1.2770e-03      0.030 
 363   22   21  1    -0.0006    -0.0014    -0.0004  -1.0244e-03      0.029 
  69    0   12  2    +0.4930    +0.4934    +0.4919  +1.4198e-03      0.029 
 251    9   55  1    +0.0357    +0.0372    +0.0362  +1.0697e-03      0.029 
 235   50   51  1    -0.0898    -0.0906    -0.0893  -1.2968e-03      0.029 
 408   56   57  1    +0.0210    +0.0190    +0.0201  -1.0819e-03      0.029 
 413    3    2  4    -0.4531    -0.4478    -0.4496  +1.8284e-03      0.028 
  90    0   33  2    -0.0120    -0.0127    -0.0137  +1.0061e-03      0.028 
 174    3    4  1    -0.8186    -0.8307    -0.8287  -2.0414e-03      0.027 
 486   42   56  4    -0.0272    -0.0295    -0.0285  -1.0785e-03      0.027 
 376   33   32  1    -0.0120    -0.0146    -0.0137  -9.6391e-04      0.027 
 220   36   37  1    -0.0213    -0.0214    -0.0223  +9.3376e-04      0.026 
 484   56   40  4    -0.0467    -0.0490    -0.0478  -1.1347e-03      0.026 
 111    0   54  2    -0.0130    -0.0169    -0.0161  -8.2706e-04      0.026 
 223   36   40  1    -0.0054    -0.0019    -0.0028  +9.1331e-04      0.026 
 378   35   34  1    +0.0077    +0.0094    +0.0103  -8.9749e-04      0.025 
  52    0   52  6    +1.0483    +1.0504    +1.0486  +1.7892e-03      0.025 
 136    0   22  5    +0.0000    -0.0032    -0.0039  +6.8208e-04      0.025 
 256    4    6  4    +0.2136    +0.2086    +0.2099  -1.3452e-03      0.025 
  46    0   46  6    +1.1019    +1.1002    +1.1020  -1.7946e-03      0.024 
 354   12   10  1    -0.2182    -0.2184    -0.2197  +1.2664e-03      0.024 
 300   36   37  4    -0.0610    -0.0557    -0.0567  +9.3492e-04      0.024 
 295   31   32  4    -0.0000    -0.0009    -0.0000  -8.5803e-04      0.023 
 312   47   48  4    +0.1442    +0.1450    +0.1440  +1.0259e-03      0.022 
 189    3   15  1    +0.4591    +0.4560    +0.4574  -1.3891e-03      0.022 
 272    5    6  4    +0.2013    +0.1988    +0.1999  -1.0971e-03      0.022 
 245   56   41  1    -0.0284    -0.0290    -0.0281  -9.0577e-04      0.021 
 301   37   38  4    -0.0859    -0.0819    -0.0827  +8.4778e-04      0.021 
 121    0    7  5    -0.0000    -0.0019    -0.0014  -5.1241e-04      0.021 
  94    0   37  2    +0.0000    +0.0027    +0.0033  -5.7871e-04      0.021 
 285   23   24  4    +0.0660    +0.0650    +0.0659  -8.6229e-04      0.020 
 246   56   42  1    -0.0221    -0.0216    -0.0224  +8.0803e-04      0.020 
 160    0   46  5    +0.0000    -0.0022    -0.0016  -5.7404e-04      0.020 
  78    0   21  2    -0.0000    -0.0050    -0.0044  -6.5574e-04      0.020 
  92    0   35  2    -0.0190    -0.0142    -0.0135  -6.6153e-04      0.020 
 218   34   35  1    -0.0077    -0.0096    -0.0103  +7.2077e-04      0.020 
 155    0   41  5    -0.0090    -0.0096    -0.0090  -5.4863e-04      0.020 
 249   38   49  1    -0.0454    -0.0442    -0.0450  +8.6220e-04      0.020 
   9    0    9  6    +1.0035    +1.0052    +1.0038  +1.3764e-03      0.020 
 468   44   38  4    -0.0360    -0.0308    -0.0316  +7.5212e-04      0.019 
 176    4    6  1    -0.5689    -0.5682    -0.5669  -1.3284e-03      0.018 
 361   20   19  1    -0.0076    -0.0067    -0.0060  -7.0107e-04      0.018 
  59    0    2  2    -0.0090    -0.0070    -0.0073  +3.5409e-04      0.018 
 316   10   51  4    -0.0348    -0.0366    -0.0372  +6.7719e-04      0.018 
 293   25   30  4    +0.0156    +0.0167    +0.0173  -6.5070e-04      0.018 
 388   44   38  1    -0.1297    -0.1343    -0.1335  -7.8592e-04      0.017 
 217   34   32  1    +0.0077    +0.0071    +0.0077  -6.5445e-04      0.017 
 264   13   14  4    -0.1012    -0.1012    -0.1019  +7.2676e-04      0.016 
 427   16    1  4    -0.2079    -0.2044    -0.2053  +8.4089e-04      0.016 
 154    0   40  5    +0.0000    +0.0023    +0.0018  +5.1390e-04      0.015 
 326   56   42  4    +0.0276    +0.0283    +0.0289  -6.1455e-04      0.015 
 309   15   45  4    -0.0327    -0.0350    -0.0344  -5.9676e-04      0.015 
 357   16   12  1    -0.6082    -0.6049    -0.6059  +1.0545e-03      0.015 
 221   37   38  1    -0.0216    -0.0192    -0.0187  -5.0825e-04      0.014 
 462   39   37  4    -0.0247    -0.0237    -0.0242  +5.2316e-04      0.014 
 214   30   31  1    +0.0276    +0.0259    +0.0253  +5.3723e-04      0.014 
 401   55   54  1    +0.0147    +0.0179    +0.0174  +5.3193e-04      0.014 
 311   46   47  4    +0.1785    +0.1783    +0.1777  +6.6525e-04      0.014 
 200   18   19  1    +0.0178    +0.0159    +0.0164  -5.2454e-04      0.013 
 148    0   34  5    -0.0000    +0.0006    +0.0001  +4.3023e-04      0.013 
 279   14   15  4    -0.2964    -0.2934    -0.2942  +7.4501e-04      0.013 
 185   13   15  1    +0.4470    +0.4449    +0.4457  -8.3804e-04      0.013 
 450   28   27  4    -0.0927    -0.0923    -0.0918  -5.3794e-04      0.012 
  60    0    3  2    +0.7880    +0.7740    +0.7747  -7.1496e-04      0.012 
  76    0   19  2    -0.0100    -0.0106    -0.0102  -3.7136e-04      0.012 
 420   10    9  4    +0.1212    +0.1224    +0.1218  +5.5046e-04      0.012 
 231   46   47  1    +0.0802    +0.0803    +0.0808  -4.6622e-04      0.011 
  81    0   24  2    +0.0000    -0.0047    -0.0045  -2.7252e-04      0.011 
 379   36   35  1    +0.0268    +0.0242    +0.0238  +3.7938e-04      0.010 
 356   13   12  1    +0.0997    +0.0991    +0.0996  -4.3875e-04      0.010 
 351   18    4  1    -0.0571    -0.0521    -0.0525  +4.4018e-04      0.010 
 157    0   43  5    -0.0030    -0.0019    -0.0022  +3.1244e-04      0.010 
 368   26   24  1    +0.1960    +0.1989    +0.1993  -4.7695e-04      0.010 
 382   39   37  1    -0.0001    +0.0001    +0.0004  -3.3999e-04      0.010 
 210   27   28  1    -0.2329    -0.2323    -0.2318  -4.6086e-04      0.009 
 273    7    8  4    +0.2398    +0.2378    +0.2374  +4.5117e-04      0.009 
 277   12   16  4    -0.1889    -0.1869    -0.1873  +4.2749e-04      0.009 
 105    0   48  2    +0.0000    -0.0023    -0.0025  +2.3972e-04      0.009 
 308   38   44  4    +0.0347    +0.0305    +0.0302  +2.8076e-04      0.007 
 262    9   12  4    -0.1384    -0.1379    -0.1382  +3.6652e-04      0.007 
  51    0   51  6    +1.0836    +1.0837    +1.0842  -5.1849e-04      0.007 
 467   43   41  4    -0.0204    -0.0191    -0.0194  +2.7738e-04      0.007 
 202   21   20  1    -0.0006    -0.0045    -0.0048  +2.6090e-04      0.007 
 144    0   30  5    -0.0060    -0.0092    -0.0094  +2.1014e-04      0.007 
 353    8    7  1    +0.9422    +0.9414    +0.9409  +5.3655e-04      0.006 
  70    0   13  2    -0.0560    -0.0618    -0.0619  +1.3712e-04      0.006 
 130    0   16  5    -0.0090    -0.0084    -0.0082  -1.6537e-04      0.006 
 434   12   10  4    +0.1108    +0.1095    +0.1093  +2.5684e-04      0.006 
  28    0   28  6    +1.0440    +1.0445    +1.0441  +3.8766e-04      0.005 
 385   41   11  1    -0.0412    -0.0415    -0.0418  +2.2643e-04      0.005 
 469   45   15  4    +0.0336    +0.0355    +0.0353  +1.9365e-04      0.005 
 119    0    5  5    -0.0120    -0.0104    -0.0103  -1.4063e-04      0.005 
 170    0   56  5    -0.0070    -0.0078    -0.0076  -1.2540e-04      0.005 
 247   39   57  1    +0.0001    +0.0006    +0.0008  -1.8188e-04      0.005 
 206   24   25  1    +0.0300    +0.0294    +0.0292  +1.8242e-04      0.004 
 292    7   29  4    -0.1167    -0.1146    -0.1144  -1.8584e-04      0.004 
 226   41   42  1    +0.0447    +0.0436    +0.0438  -1.7127e-04      0.004 
 317   13   49  4    +0.1805    +0.1811    +0.1809  +2.0692e-04      0.004 
 436   13   12  4    -0.2497    -0.2518    -0.2516  -2.1319e-04      0.004 
 387   43   41  1    +0.0528    +0.0540    +0.0539  +1.6257e-04      0.004 
  49    0   49  6    +1.0913    +1.0917    +1.0914  +2.5911e-04      0.004 
  64    0    7  2    +0.0000    -0.0011    -0.0010  -6.1018e-05      0.003 
 102    0   45  2    -0.0000    -0.0002    -0.0001  -9.2149e-05      0.003 
 487   57   39  4    -0.0240    -0.0249    -0.0247  -1.3365e-04      0.003 
 109    0   52  2    -0.0150    -0.0138    -0.0139  +9.1549e-05      0.003 
 138    0   24  5    +0.0000    +0.0004    +0.0004  -7.7698e-05      0.003 
 429   15    3  4    +0.0108    +0.0122    +0.0123  -1.0129e-04      0.003 
 454   31   30  4    -0.0090    -0.0074    -0.0073  -9.8256e-05      0.003 
  93    0   36  2    -0.0000    -0.0013    -0.0013  +6.6448e-05      0.002 
 390   46   14  1    -0.0802    -0.0775    -0.0774  -7.9251e-05      0.002 
  95    0   38  2    -0.0430    -0.0393    -0.0394  +3.6869e-05      0.001 
----------------------------------------------------------------------------------
Não foram identificados erros grosseiros.
Não foram identificadas medidas críticas.
Possíveis conjuntos críticos:
Conjunto 1: 487 102
Conjunto 2: 436 317
Conjunto 3: 292 206
Conjunto 4: 247 170
Conjunto 5: 202 467
Conjunto 6: 51 262
Conjunto 7: 105 277 273
Conjunto 8: 277 273
Conjunto 9: 382 368
Conjunto 10: 356 379
Conjunto 11: 420 76
Conjunto 12: 450 185
Conjunto 13: 148 200
Conjunto 14: 401 214
Conjunto 15: 309 326
Conjunto 16: 154 427
Conjunto 17: 217 388
Conjunto 18: 388 293 316
Conjunto 19: 293 316
Conjunto 20: 361 176
Conjunto 21: 468 9
Conjunto 22: 9 249
Conjunto 23: 249 155
Conjunto 24: 218 92 78
Conjunto 25: 92 78 160 246 285
Conjunto 26: 78 160 246 285
Conjunto 27: 160 246 285
Conjunto 28: 246 285
Conjunto 29: 94 121
Conjunto 30: 121 301
Conjunto 31: 189 312
Conjunto 32: 312 295
Conjunto 33: 354 46
Conjunto 34: 256 136 52 378
Conjunto 35: 136 52 378
Conjunto 36: 52 378
Conjunto 37: 223 111 484
Conjunto 38: 111 484
Conjunto 39: 484 220
Conjunto 40: 376 486 174
Conjunto 41: 486 174
Conjunto 42: 413 408 235
Conjunto 43: 408 235 251 69
Conjunto 44: 235 251 69
Conjunto 45: 251 69
Conjunto 46: 475 303 389
Conjunto 47: 303 389
Conjunto 48: 464 187
Conjunto 49: 381 397
Conjunto 50: 442 166 133
Conjunto 51: 166 133 140
Conjunto 52: 133 140
Conjunto 53: 380 483
Conjunto 54: 122 286
Conjunto 55: 324 112 204
Conjunto 56: 112 204
Conjunto 57: 204 409 20 346
Conjunto 58: 409 20 346
Conjunto 59: 20 346 290
Conjunto 60: 346 290 386
Conjunto 61: 290 386
Conjunto 62: 22 365 395
Conjunto 63: 365 395
Conjunto 64: 474 145 45
Conjunto 65: 145 45
Conjunto 66: 171 374 85
Conjunto 67: 374 85 460
Conjunto 68: 85 460 228
Conjunto 69: 460 228
Conjunto 70: 228 423 129
Conjunto 71: 423 129
Conjunto 72: 135 274 323
Conjunto 73: 274 323 100 359
Conjunto 74: 323 100 359
Conjunto 75: 100 359
Conjunto 76: 391 440
Conjunto 77: 79 99
Conjunto 78: 99 478
Conjunto 79: 478 445
Conjunto 80: 108 57 219 331
Conjunto 81: 57 219 331 315
Conjunto 82: 219 331 315
Conjunto 83: 331 315
Conjunto 84: 328 410 476
Conjunto 85: 410 476
Conjunto 86: 476 243
Conjunto 87: 243 461 294
Conjunto 88: 461 294
Conjunto 89: 91 213 196
Conjunto 90: 213 196
Conjunto 91: 26 149
Conjunto 92: 149 313
Conjunto 93: 313 415 320
Conjunto 94: 415 320 306 299
Conjunto 95: 320 306 299 466
Conjunto 96: 306 299 466
Conjunto 97: 299 466
Conjunto 98: 199 84 250
Conjunto 99: 84 250
Conjunto 100: 446 392 230
Conjunto 101: 392 230
Conjunto 102: 230 96 296
Conjunto 103: 96 296 404
Conjunto 104: 296 404
Conjunto 105: 203 10 426
Conjunto 106: 10 426 225
Conjunto 107: 426 225
Conjunto 108: 58 80 438 329 344 431 39 383 248
Conjunto 109: 80 438 329 344 431 39 383 248 123
Conjunto 110: 438 329 344 431 39 383 248 123 465
Conjunto 111: 329 344 431 39 383 248 123 465
Conjunto 112: 344 431 39 383 248 123 465
Conjunto 113: 431 39 383 248 123 465
Conjunto 114: 39 383 248 123 465 398
Conjunto 115: 383 248 123 465 398
Conjunto 116: 248 123 465 398
Conjunto 117: 123 465 398
Conjunto 118: 465 398
Conjunto 119: 398 259
Conjunto 120: 259 216 53
Conjunto 121: 216 53 268 43 405 337
Conjunto 122: 53 268 43 405 337
Conjunto 123: 268 43 405 337
Conjunto 124: 43 405 337
Conjunto 125: 405 337
Conjunto 126: 74 456 242
Conjunto 127: 456 242
Conjunto 128: 242 222 88 263
Conjunto 129: 222 88 263
Conjunto 130: 88 263 432 141
Conjunto 131: 263 432 141 489
Conjunto 132: 432 141 489 325
Conjunto 133: 141 489 325
Conjunto 134: 489 325 164
Conjunto 135: 325 164
Conjunto 136: 164 367 485
Conjunto 137: 367 485 169 258
Conjunto 138: 485 169 258
Conjunto 139: 169 258
Conjunto 140: 258 188
Conjunto 141: 188 151 280
Conjunto 142: 151 280 62
Conjunto 143: 280 62
Conjunto 144: 62 113
Conjunto 145: 113 66
Conjunto 146: 66 451 104
Conjunto 147: 451 104 19
Conjunto 148: 104 19
Conjunto 149: 19 89 491
Conjunto 150: 89 491 488 321
Conjunto 151: 491 488 321 77
Conjunto 152: 488 321 77
Conjunto 153: 321 77
Conjunto 154: 55 254 56 261
Conjunto 155: 254 56 261 289
Conjunto 156: 56 261 289
Conjunto 157: 261 289
Conjunto 158: 289 239 481
Conjunto 159: 239 481
Conjunto 160: 481 288 473
Conjunto 161: 288 473 453 364
Conjunto 162: 473 453 364
Conjunto 163: 453 364
Conjunto 164: 444 298
Conjunto 165: 447 107
Conjunto 166: 425 422 319 167
Conjunto 167: 422 319 167
Conjunto 168: 319 167
Conjunto 169: 5 142 424 396
Conjunto 170: 142 424 396
Conjunto 171: 424 396
Conjunto 172: 396 236 310
Conjunto 173: 236 310 2 156
Conjunto 174: 310 2 156 470
Conjunto 175: 2 156 470
Conjunto 176: 156 470 23
Conjunto 177: 470 23 371
Conjunto 178: 23 371
Conjunto 179: 371 134 366
Conjunto 180: 134 366
Conjunto 181: 184 201 87 452 163 7 330 159
Conjunto 182: 201 87 452 163 7 330 159
Conjunto 183: 87 452 163 7 330 159
Conjunto 184: 452 163 7 330 159 347 177
Conjunto 185: 163 7 330 159 347 177
Conjunto 186: 7 330 159 347 177
Conjunto 187: 330 159 347 177
Conjunto 188: 159 347 177
Conjunto 189: 347 177 97 127
Conjunto 190: 177 97 127
Conjunto 191: 97 127
Conjunto 192: 86 479 139
Conjunto 193: 479 139
Conjunto 194: 291 175
Conjunto 195: 175 375
Conjunto 196: 375 334 399 44 106
Conjunto 197: 334 399 44 106
Conjunto 198: 399 44 106 205
Conjunto 199: 44 106 205
Conjunto 200: 106 205 125
Conjunto 201: 205 125 411 137
Conjunto 202: 125 411 137 302 266
Conjunto 203: 411 137 302 266 233 441
Conjunto 204: 137 302 266 233 441
Conjunto 205: 302 266 233 441
Conjunto 206: 266 233 441 82
Conjunto 207: 233 441 82
Conjunto 208: 441 82 417
Conjunto 209: 82 417
Conjunto 210: 276 283 165 234 360 27
Conjunto 211: 283 165 234 360 27
Conjunto 212: 165 234 360 27
Conjunto 213: 234 360 27
Conjunto 214: 360 27
Conjunto 215: 372 406 482
Conjunto 216: 406 482
Conjunto 217: 208 124 224 227
Conjunto 218: 124 224 227 480 490 238
Conjunto 219: 224 227 480 490 238 158
Conjunto 220: 227 480 490 238 158
Conjunto 221: 480 490 238 158
Conjunto 222: 490 238 158
Conjunto 223: 238 158
Conjunto 224: 393 168 147 407 101
Conjunto 225: 168 147 407 101
Conjunto 226: 147 407 101
Conjunto 227: 407 101
Conjunto 228: 314 211 414 463
Conjunto 229: 211 414 463
Conjunto 230: 414 463 192 253
Conjunto 231: 463 192 253
Conjunto 232: 192 253 457 271
Conjunto 233: 253 457 271 257
Conjunto 234: 457 271 257 232
Conjunto 235: 271 257 232
Conjunto 236: 257 232
Conjunto 237: 232 278
Conjunto 238: 278 186
Conjunto 239: 345 394 455 327
Conjunto 240: 394 455 327 83 287 418
Conjunto 241: 455 327 83 287 418 143
Conjunto 242: 327 83 287 418 143 443
Conjunto 243: 83 287 418 143 443
Conjunto 244: 287 418 143 443
Conjunto 245: 418 143 443
Conjunto 246: 143 443
Conjunto 247: 21 435 3
Conjunto 248: 435 3
Conjunto 249: 3 41
Conjunto 250: 41 269 421 370 198 297
Conjunto 251: 269 421 370 198 297
Conjunto 252: 421 370 198 297 428
Conjunto 253: 370 198 297 428 12
Conjunto 254: 198 297 428 12
Conjunto 255: 297 428 12 240
Conjunto 256: 428 12 240
Conjunto 257: 12 240
Conjunto 258: 240 384
Conjunto 259: 384 152 241 207
Conjunto 260: 152 241 207 172
Conjunto 261: 241 207 172 377 265
Conjunto 262: 207 172 377 265
Conjunto 263: 172 377 265 244 4
Conjunto 264: 377 265 244 4
Conjunto 265: 265 244 4
Conjunto 266: 244 4 31 403 54
Conjunto 267: 4 31 403 54
Conjunto 268: 31 403 54
Conjunto 269: 403 54
Conjunto 270: 322 437 362 471
Conjunto 271: 437 362 471
Conjunto 272: 362 471
Conjunto 273: 471 195
Conjunto 274: 195 341 342
Conjunto 275: 341 342 449
Conjunto 276: 342 449
Conjunto 277: 449 282 120
Conjunto 278: 282 120 458 110 400
Conjunto 279: 120 458 110 400 162
Conjunto 280: 458 110 400 162 332
Conjunto 281: 110 400 162 332
Conjunto 282: 400 162 332
Conjunto 283: 162 332
Conjunto 284: 332 439 419
Conjunto 285: 439 419 209 150 349 17
Conjunto 286: 419 209 150 349 17
Conjunto 287: 209 150 349 17
Conjunto 288: 150 349 17
Conjunto 289: 349 17
Conjunto 290: 194 281 215 73 307
Conjunto 291: 281 215 73 307 103
Conjunto 292: 215 73 307 103
Conjunto 293: 73 307 103 146
Conjunto 294: 307 103 146 318
Conjunto 295: 103 146 318
Conjunto 296: 146 318
Conjunto 297: 117 14 433
Conjunto 298: 14 433
Conjunto 299: 369 30
Conjunto 300: 30 197 275
Conjunto 301: 197 275
Conjunto 302: 72 114 190 358
Conjunto 303: 114 190 358
Conjunto 304: 190 358
Conjunto 305: 448 25
Conjunto 306: 25 61 284 348 50
Conjunto 307: 61 284 348 50
Conjunto 308: 284 348 50 37
Conjunto 309: 348 50 37
Conjunto 310: 50 37
Conjunto 311: 37 335
Conjunto 312: 335 18 229 32
Conjunto 313: 18 229 32
Conjunto 314: 229 32
Conjunto 315: 71 193 1
Conjunto 316: 193 1
Conjunto 317: 178 153 67
Conjunto 318: 153 67 29
Conjunto 319: 67 29 212
Conjunto 320: 29 212
Conjunto 321: 352 131 47 161
Conjunto 322: 131 47 161
Conjunto 323: 47 161
Conjunto 324: 6 336
Conjunto 325: 336 11 15
Conjunto 326: 11 15
Conjunto 327: 68 459 36
Conjunto 328: 459 36
Conjunto 329: 16 343 75 40
Conjunto 330: 343 75 40
Conjunto 331: 75 40 33
Conjunto 332: 40 33
Conjunto 333: 33 128 183
Conjunto 334: 128 183
Conjunto 335: 118 13
Conjunto 336: 13 38
Conjunto 337: 38 8
Conjunto 338: 126 115 181
Conjunto 339: 115 181 338 34
Conjunto 340: 181 338 34
Conjunto 341: 338 34
Conjunto 342: 34 355 48 180 179
Conjunto 343: 355 48 180 179
Conjunto 344: 48 180 179
Conjunto 345: 180 179
Conjunto 346: 65 340 412
Conjunto 347: 340 412 191
Conjunto 348: 412 191
Conjunto 349: 173 339
Conjunto 350: 116 252 333
Conjunto 351: 252 333
