================================================================================= 
=== UFF - Doutorado em Computação - Aplicaçoes em Sistemas de Potencia        === 
=== ESTIMADOR DE ESTADO MÍNIMOS QUADRADOS PONDERADOS INCLUINDO MEDIDAS DE PMU === 
=== Desenvolvido por: Rui Menezes de Moraes - 2009                            === 
================================================================================= 
Arquivo de medidores:          F:\Documents\Uff\Artigos\SimSEP\VERSAO WELDAN V2\Codigos\Med\ieee57_17_1700.med
Arquivo do sistema:            F:\Documents\Uff\Artigos\SimSEP\VERSAO WELDAN V2\Codigos\Carga\ieee57_17_1700.txt
Tolerância entre iteraçoes:     1.00e-04
Limite de iteraçoes:           100

--- DADOS DA REDE --------------------------------------------------------------- 
Data do caso:                  08/25/93
Origem:                        UW ARCHIVE          
MVA base:                      100
Ano:                           1961
Estação:                       W
Identificação:                 IEEE 57 Bus Test Case
Número de barras:              57 
Número de ramos:               80 
Referência na barra:           1

--- TELEMEDIDAS ------------------------------------------------------------------
    Tipo 1 = Fluxo de potencia ativa        Tipo  6 = Módulo da tensão            
    Tipo 2 = Injeção de potencia ativa      Tipo  7 = Corrente de ramo (real)     
    Tipo 3 = Ângulo de fase da tensão       Tipo  8 = Corrente de ramo (imag)     
    Tipo 4 = Fluxo de potencia reativa      Tipo  9 = Injeção de corrente (real)  
    Tipo 5 = Injeção de potencia reativa    Tipo 10 = Injeção de corrente (imag)  
----------------------------------------------------------------------------------
   N    D    P TP  PN ST   Exa   FS       DP      V_Ref      V_Med          E(%) 
----------------------------------------------------------------------------------
   1    0    1  6   0  0 0.015 01.1  0.00520   +1.04000   +1.02732     -1.219231 
   2    0    2  6   0  0 0.015 01.1  0.00505   +1.01000   +0.99656     -1.330693 
   3    0    3  6   0  0 0.015 01.1  0.00505   +1.01012   +0.99641     -1.357264 
   4    0    4  6   0  0 0.015 01.1  0.00498   +0.99497   +1.00042     +0.547755 
   5    0    5  6   0  0 0.015 01.1  0.00489   +0.97887   +0.97815     -0.073554 
   6    0    6  6   0  0 0.015 01.1  0.00490   +0.98000   +0.99255     +1.280612 
   7    0    7  6   0  0 0.015 01.1  0.00490   +0.98014   +0.97753     -0.266288 
   8    0    8  6   0  0 0.015 01.1  0.00502   +1.00500   +1.01616     +1.110448 
   9    0    9  6   0  0 0.015 01.1  0.00490   +0.97942   +0.98559     +0.629965 
  10    0   10  6   0  0 0.015 01.1  0.00490   +0.97897   +0.99196     +1.326905 
  11    0   11  6   0  0 0.015 01.1  0.00485   +0.96915   +0.96858     -0.058814 
  12    0   12  6   0  0 0.015 01.1  0.00507   +1.01500   +1.01301     -0.196059 
  13    0   13  6   0  0 0.015 01.1  0.00488   +0.97516   +0.97552     +0.036917 
  14    0   14  6   0  0 0.015 01.1  0.00483   +0.96613   +0.96684     +0.073489 
  15    0   15  6   0  0 0.015 01.1  0.00495   +0.99022   +0.98930     -0.092909 
  16    0   16  6   0  0 0.015 01.1  0.00507   +1.01477   +1.02873     +1.375681 
  17    0   17  6   0  0 0.015 01.1  0.00509   +1.01836   +1.02924     +1.068384 
  18    0   18  6   0  0 0.015 01.1  0.00504   +1.00724   +1.00136     -0.583773 
  19    0   19  6   0  0 0.015 01.1  0.00480   +0.96003   +0.96638     +0.661438 
  20    0   20  6   0  0 0.015 01.1  0.00473   +0.94654   +0.95661     +1.063875 
  21    0   21  6   0  0 0.015 01.1  0.00496   +0.99143   +0.98571     -0.576944 
  22    0   22  6   0  0 0.015 01.1  0.00496   +0.99157   +0.98136     -1.029680 
  23    0   23  6   0  0 0.015 01.1  0.00495   +0.98944   +0.97689     -1.268394 
  24    0   24  6   0  0 0.015 01.1  0.00486   +0.97286   +0.98010     +0.744198 
  25    0   25  6   0  0 0.015 01.1  0.00470   +0.93902   +0.93998     +0.102234 
  26    0   26  6   0  0 0.015 01.1  0.00468   +0.93627   +0.93498     -0.137781 
  27    0   27  6   0  0 0.015 01.1  0.00482   +0.96470   +0.97316     +0.876957 
  28    0   28  6   0  0 0.015 01.1  0.00492   +0.98327   +0.97497     -0.844122 
  29    0   29  6   0  0 0.015 01.1  0.00500   +0.99948   +0.99368     -0.580302 
  30    0   30  6   0  0 0.015 01.1  0.00457   +0.91440   +0.92075     +0.694444 
  31    0   31  6   0  0 0.015 01.1  0.00441   +0.88226   +0.88120     -0.120146 
  32    0   32  6   0  0 0.015 01.1  0.00452   +0.90408   +0.90151     -0.284267 
  33    0   33  6   0  0 0.015 01.1  0.00451   +0.90116   +0.89445     -0.744596 
  34    0   34  6   0  0 0.015 01.1  0.00463   +0.92628   +0.92853     +0.242907 
  35    0   35  6   0  0 0.015 01.1  0.00468   +0.93598   +0.94464     +0.925233 
  36    0   36  6   0  0 0.015 01.1  0.00474   +0.94881   +0.93601     -1.349058 
  37    0   37  6   0  0 0.015 01.1  0.00480   +0.96040   +0.95028     -1.053728 
  38    0   38  6   0  0 0.015 01.1  0.00498   +0.99575   +0.99549     -0.026111 
  39    0   39  6   0  0 0.015 01.1  0.00479   +0.95790   +0.96916     +1.175488 
  40    0   40  6   0  0 0.015 01.1  0.00473   +0.94544   +0.94013     -0.561643 
  41    0   41  6   0  0 0.015 01.1  0.00490   +0.97966   +0.97328     -0.651246 
  42    0   42  6   0  0 0.015 01.1  0.00470   +0.94033   +0.92805     -1.305925 
  43    0   43  6   0  0 0.015 01.1  0.00500   +1.00096   +0.98776     -1.318734 
  44    0   44  6   0  0 0.015 01.1  0.00502   +1.00348   +1.00587     +0.238171 
  45    0   45  6   0  0 0.015 01.1  0.00517   +1.03375   +1.04420     +1.010883 
  46    0   46  6   0  0 0.015 01.1  0.00526   +1.05193   +1.04711     -0.458205 
  47    0   47  6   0  0 0.015 01.1  0.00510   +1.01997   +1.01533     -0.454915 
  48    0   48  6   0  0 0.015 01.1  0.00506   +1.01286   +0.99893     -1.375313 
  49    0   49  6   0  0 0.015 01.1  0.00511   +1.02299   +1.01965     -0.326494 
  50    0   50  6   0  0 0.015 01.1  0.00503   +1.00690   +1.01796     +1.098421 
  51    0   51  6   0  0 0.015 01.1  0.00521   +1.04266   +1.02781     -1.424242 
  52    0   52  6   0  0 0.015 01.1  0.00481   +0.96112   +0.95164     -0.986349 
  53    0   53  6   0  0 0.015 01.1  0.00474   +0.94866   +0.95808     +0.992980 
  54    0   54  6   0  0 0.015 01.1  0.00491   +0.98288   +0.96851     -1.462030 
  55    0   55  6   0  0 0.015 01.1  0.00514   +1.02835   +1.02732     -0.100160 
  56    0   56  6   0  0 0.015 01.1  0.00470   +0.94076   +0.95011     +0.993877 
  57    0   57  6   0  0 0.015 01.1  0.00468   +0.93548   +0.94672     +1.201522 
  58    0    1  2   0  0 0.020 01.0  0.00812   +0.95857   +0.95891     +0.035470 
  59    0    2  2   0  0 0.020 01.0  0.00198   -0.03700   -0.03298    -10.864865 
  60    0    3  2   0  0 0.020 01.0  0.02774   +3.90100   +3.91226     +0.288644 
  61    0    4  2   0  0 0.020 01.0  0.00173   -0.00000   +0.00285     +0.000000 
  62    0    5  2   0  0 0.020 01.0  0.00279   -0.15900   -0.16214     +1.974843 
  63    0    6  2   0  0 0.020 01.0  0.00783   -0.91500   -0.93344     +2.015301 
  64    0    7  2   0  0 0.020 01.0  0.00173   +0.00000   +0.00202     +0.000000 
  65    0    8  2   0  0 0.020 01.0  0.00953   +1.17000   +1.18383     +1.182051 
  66    0    9  2   0  0 0.020 01.0  0.00867   -1.04100   -1.04636     +0.514890 
  67    0   10  2   0  0 0.020 01.0  0.00249   -0.11300   -0.11529     +2.026549 
  68    0   11  2   0  0 0.020 01.0  0.00173   +0.00000   -0.00463     +0.000000 
  69    0   12  2   0  0 0.020 01.0  0.01219   +1.56800   +1.55885     -0.583546 
  70    0   13  2   0  0 0.020 01.0  0.00320   -0.22000   -0.22256     +1.163636 
  71    0   14  2   0  0 0.020 01.0  0.00259   -0.12800   -0.13135     +2.617187 
  72    0   15  2   0  0 0.020 01.0  0.00352   -0.26800   -0.25925     -3.264925 
  73    0   16  2   0  0 0.020 01.0  0.00523   -0.52500   -0.51997     -0.958095 
  74    0   17  2   0  0 0.020 01.0  0.00515   -0.51200   -0.51430     +0.449219 
  75    0   18  2   0  0 0.020 01.0  0.00395   -0.33200   -0.32904     -0.891566 
  76    0   19  2   0  0 0.020 01.0  0.00200   -0.04000   -0.03880     -3.000000 
  77    0   20  2   0  0 0.020 01.0  0.00192   -0.02800   -0.02246    -19.785714 
  78    0   21  2   0  0 0.020 01.0  0.00173   -0.00000   +0.00275     +0.000000 
  79    0   22  2   0  0 0.020 01.0  0.00173   -0.00000   +0.00228     +0.000000 
  80    0   23  2   0  0 0.020 01.0  0.00225   -0.07700   -0.07187     -6.662338 
  81    0   24  2   0  0 0.020 01.0  0.00173   +0.00000   -0.00509     +0.000000 
  82    0   25  2   0  0 0.020 01.0  0.00225   -0.07700   -0.07604     -1.246753 
  83    0   26  2   0  0 0.020 01.0  0.00173   +0.00000   +0.00490     +0.000000 
  84    0   27  2   0  0 0.020 01.0  0.00249   -0.11300   -0.11250     -0.442478 
  85    0   28  2   0  0 0.020 01.0  0.00211   -0.05600   -0.06153     +9.875000 
  86    0   29  2   0  0 0.020 01.0  0.00311   -0.20700   -0.20579     -0.584541 
  87    0   30  2   0  0 0.020 01.0  0.00203   -0.04400   -0.04731     +7.522727 
  88    0   31  2   0  0 0.020 01.0  0.00221   -0.07100   -0.07179     +1.112676 
  89    0   32  2   0  0 0.020 01.0  0.00187   -0.02000   -0.02449    +22.450000 
  90    0   33  2   0  0 0.020 01.0  0.00204   -0.04600   -0.05056     +9.913043 
  91    0   34  2   0  0 0.020 01.0  0.00173   -0.00000   +0.00314     +0.000000 
  92    0   35  2   0  0 0.020 01.0  0.00222   -0.07300   -0.07626     +4.465753 
  93    0   36  2   0  0 0.020 01.0  0.00173   -0.00000   -0.00000     +0.000000 
  94    0   37  2   0  0 0.020 01.0  0.00173   +0.00000   +0.00024     +0.000000 
  95    0   38  2   0  0 0.020 01.0  0.00287   -0.17100   -0.17928     +4.842105 
  96    0   39  2   0  0 0.020 01.0  0.00173   +0.00000   +0.00392     +0.000000 
  97    0   40  2   0  0 0.020 01.0  0.00173   +0.00000   -0.00041     +0.000000 
  98    0   41  2   0  0 0.020 01.0  0.00225   -0.07700   -0.07053     -8.402597 
  99    0   42  2   0  0 0.020 01.0  0.00231   -0.08700   -0.08604     -1.103448 
 100    0   43  2   0  0 0.020 01.0  0.00189   -0.02400   -0.01975    -17.708333 
 101    0   44  2   0  0 0.020 01.0  0.00271   -0.14600   -0.15020     +2.876712 
 102    0   45  2   0  0 0.020 01.0  0.00173   +0.00000   -0.00398     +0.000000 
 103    0   46  2   0  0 0.020 01.0  0.00173   +0.00000   -0.00363     +0.000000 
 104    0   47  2   0  0 0.020 01.0  0.00415   -0.36200   -0.37296     +3.027624 
 105    0   48  2   0  0 0.020 01.0  0.00173   -0.00000   -0.00312     +0.000000 
 106    0   49  2   0  0 0.020 01.0  0.00320   -0.22000   -0.21293     -3.213636 
 107    0   50  2   0  0 0.020 01.0  0.00344   -0.25600   -0.25041     -2.183594 
 108    0   51  2   0  0 0.020 01.0  0.00320   -0.22000   -0.21171     -3.768182 
 109    0   52  2   0  0 0.020 01.0  0.00213   -0.06000   -0.06537     +8.950000 
 110    0   53  2   0  0 0.020 01.0  0.00336   -0.24400   -0.25267     +3.553279 
 111    0   54  2   0  0 0.020 01.0  0.00207   -0.05000   -0.04408    -11.840000 
 112    0   55  2   0  0 0.020 01.0  0.00229   -0.08300   -0.08270     -0.361446 
 113    0   56  2   0  0 0.020 01.0  0.00235   -0.09300   -0.08894     -4.365591 
 114    0   57  2   0  0 0.020 01.0  0.00228   -0.08200   -0.08460     +3.170732 
 115    0    1  5   0  0 0.020 01.0  0.01321   +1.72108   +1.69085     -1.756455 
 116    0    2  5   0  0 0.020 01.0  0.00931   -1.13662   -1.13743     +0.071264 
 117    0    3  5   0  0 0.020 01.0  0.00411   -0.35600   -0.35809     +0.587079 
 118    0    4  5   0  0 0.020 01.0  0.00173   +0.00000   +0.00432     +0.000000 
 119    0    5  5   0  0 0.020 01.0  0.00206   -0.04900   -0.05321     +8.591837 
 120    0    6  5   0  0 0.020 01.0  0.00243   +0.10472   +0.10039     -4.134836 
 121    0    7  5   0  0 0.020 01.0  0.00173   +0.00000   -0.00364     +0.000000 
 122    0    8  5   0  0 0.020 01.0  0.00660   +0.72937   +0.74749     +2.484336 
 123    0    9  5   0  0 0.020 01.0  0.00263   -0.13400   -0.13008     -2.925373 
 124    0   10  5   0  0 0.020 01.0  0.00203   -0.04500   -0.04858     +7.955556 
 125    0   11  5   0  0 0.020 01.0  0.00173   +0.00000   +0.00172     +0.000000 
 126    0   12  5   0  0 0.020 01.0  0.00575   +0.60291   +0.59323     -1.605546 
 127    0   13  5   0  0 0.020 01.0  0.00192   -0.02800   -0.02858     +2.071429 
 128    0   14  5   0  0 0.020 01.0  0.00217   -0.06500   -0.05928     -8.800000 
 129    0   15  5   0  0 0.020 01.0  0.00214   -0.06100   -0.05995     -1.721311 
 130    0   16  5   0  0 0.020 01.0  0.00198   -0.03700   -0.04119    +11.324324 
 131    0   17  5   0  0 0.020 01.0  0.00239   -0.09800   -0.09615     -1.887755 
 132    0   18  5   0  0 0.020 01.0  0.00253   -0.12000   -0.12480     +4.000000 
 133    0   19  5   0  0 0.020 01.0  0.00178   -0.00700   -0.01145    +63.571429 
 134    0   20  5   0  0 0.020 01.0  0.00181   -0.01200   -0.01511    +25.916667 
 135    0   21  5   0  0 0.020 01.0  0.00173   +0.00000   +0.00027     +0.000000 
 136    0   22  5   0  0 0.020 01.0  0.00173   +0.00000   +0.00173     +0.000000 
 137    0   23  5   0  0 0.020 01.0  0.00191   -0.02600   -0.02647     +1.807692 
 138    0   24  5   0  0 0.020 01.0  0.00173   -0.00000   -0.00296     +0.000000 
 139    0   25  5   0  0 0.020 01.0  0.00199   -0.03900   -0.04235     +8.589744 
 140    0   26  5   0  0 0.020 01.0  0.00173   +0.00000   +0.00406     +0.000000 
 141    0   27  5   0  0 0.020 01.0  0.00177   -0.00600   -0.00811    +35.166667 
 142    0   28  5   0  0 0.020 01.0  0.00192   -0.02800   -0.03088    +10.285714 
 143    0   29  5   0  0 0.020 01.0  0.00195   -0.03200   -0.02737    -14.468750 
 144    0   30  5   0  0 0.020 01.0  0.00188   -0.02200   -0.02629    +19.500000 
 145    0   31  5   0  0 0.020 01.0  0.00197   -0.03500   -0.03305     -5.571429 
 146    0   32  5   0  0 0.020 01.0  0.00180   -0.01000   -0.01186    +18.600000 
 147    0   33  5   0  0 0.020 01.0  0.00189   -0.02300   -0.02497     +8.565217 
 148    0   34  5   0  0 0.020 01.0  0.00173   -0.00000   +0.00339     +0.000000 
 149    0   35  5   0  0 0.020 01.0  0.00198   -0.03700   -0.03640     -1.621622 
 150    0   36  5   0  0 0.020 01.0  0.00173   +0.00000   +0.00151     +0.000000 
 151    0   37  5   0  0 0.020 01.0  0.00173   +0.00000   +0.00359     +0.000000 
 152    0   38  5   0  0 0.020 01.0  0.00230   -0.08500   -0.08369     -1.541176 
 153    0   39  5   0  0 0.020 01.0  0.00173   -0.00000   -0.00176     +0.000000 
 154    0   40  5   0  0 0.020 01.0  0.00173   -0.00000   -0.00300     +0.000000 
 155    0   41  5   0  0 0.020 01.0  0.00198   -0.03700   -0.03551     -4.027027 
 156    0   42  5   0  0 0.020 01.0  0.00209   -0.05400   -0.05698     +5.518519 
 157    0   43  5   0  0 0.020 01.0  0.00181   -0.01200   -0.00682    -43.166667 
 158    0   44  5   0  0 0.020 01.0  0.00188   -0.02200   -0.02582    +17.363636 
 159    0   45  5   0  0 0.020 01.0  0.00173   +0.00000   +0.00306     +0.000000 
 160    0   46  5   0  0 0.020 01.0  0.00173   +0.00000   +0.00441     +0.000000 
 161    0   47  5   0  0 0.020 01.0  0.00268   -0.14200   -0.14254     +0.380282 
 162    0   48  5   0  0 0.020 01.0  0.00173   +0.00000   +0.00118     +0.000000 
 163    0   49  5   0  0 0.020 01.0  0.00243   -0.10400   -0.10530     +1.250000 
 164    0   50  5   0  0 0.020 01.0  0.00259   -0.12800   -0.12072     -5.687500 
 165    0   51  5   0  0 0.020 01.0  0.00217   -0.06500   -0.06301     -3.061538 
 166    0   52  5   0  0 0.020 01.0  0.00191   -0.02700   -0.02388    -11.555556 
 167    0   53  5   0  0 0.020 01.0  0.00255   -0.12200   -0.12330     +1.065574 
 168    0   54  5   0  0 0.020 01.0  0.00185   -0.01700   -0.02089    +22.882353 
 169    0   55  5   0  0 0.020 01.0  0.00201   -0.04100   -0.04107     +0.170732 
 170    0   56  5   0  0 0.020 01.0  0.00191   -0.02700   -0.02300    -14.814815 
 171    0   57  5   0  0 0.020 01.0  0.00189   -0.02400   -0.02198     -8.416667 
 172    1    2  1   0  0 0.020 01.0  0.00442   -0.40352   -0.40495     +0.354381 
 173    2    3  1   0  0 0.020 01.0  0.00476   -0.45360   -0.45369     +0.019841 
 174    3    4  1   0  0 0.020 01.0  0.01289   +1.67327   +1.64668     -1.589104 
 175    4    5  1   0  0 0.020 01.0  0.00530   +0.53483   +0.54113     +1.177944 
 176    4    6  1   0  0 0.020 01.0  0.00639   +0.69855   +0.68723     -1.620500 
 177    6    7  1   0  0 0.020 01.0  0.00297   +0.18527   +0.18843     +1.705619 
 178    6    8  1   0  0 0.020 01.0  0.00221   -0.07109   -0.07606     +6.991138 
 179    8    9  1   0  0 0.020 01.0  0.00607   +0.65112   +0.65460     +0.534464 
 180    9   10  1   0  0 0.020 01.0  0.00206   -0.04959   -0.04621     -6.815890 
 181    9   11  1   0  0 0.020 01.0  0.00248   -0.11144   -0.11026     -1.058866 
 182    9   12  1   0  0 0.020 01.0  0.00344   -0.25614   -0.25234     -1.483564 
 183    9   13  1   0  0 0.020 01.0  0.00334   -0.24071   -0.24217     +0.606539 
 184   13   14  1   0  0 0.020 01.0  0.00233   -0.08968   -0.09280     +3.479037 
 185   13   15  1   0  0 0.020 01.0  0.00552   -0.56741   -0.55159     -2.788107 
 186    1   15  1   0  0 0.020 01.0  0.00476   +0.45388   +0.46716     +2.925883 
 187    1   16  1   0  0 0.020 01.0  0.00419   +0.36811   +0.37384     +1.556600 
 188    1   17  1   0  0 0.020 01.0  0.00533   +0.54009   +0.54729     +1.333111 
 189    3   15  1   0  0 0.020 01.0  0.01351   +1.76729   +1.77904     +0.664860 
 190    4   18  1   0  0 0.020 01.0  0.00293   +0.17943   +0.17215     -4.057293 
 191    4   18  1   0  0 0.020 01.0  0.00327   +0.22970   +0.23024     +0.235089 
 192    5    6  1   0  0 0.020 01.0  0.00411   +0.35703   +0.36571     +2.431168 
 193    7    8  1   0  0 0.020 01.0  0.00469   -0.44329   -0.45145     +1.840781 
 194   10   12  1   0  0 0.020 01.0  0.00528   -0.53119   -0.52085     -1.946573 
 195   11   13  1   0  0 0.020 01.0  0.00431   -0.38704   -0.39464     +1.963621 
 196   12   13  1   0  0 0.020 01.0  0.00590   +0.62548   +0.62461     -0.139093 
 197   12   16  1   0  0 0.020 01.0  0.00282   +0.16320   +0.15981     -2.077206 
 198   12   17  1   0  0 0.020 01.0  0.00188   -0.02142   -0.02316     +8.123249 
 199   14   15  1   0  0 0.020 01.0  0.00721   -0.82217   -0.80365     -2.252576 
 200   18   19  1   0  0 0.020 01.0  0.00225   +0.07713   +0.07079     -8.219888 
 201   19   20  1   0  0 0.020 01.0  0.00196   +0.03426   +0.03685     +7.559837 
 202   21   20  1   0  0 0.020 01.0  0.00177   -0.00588   -0.00720    +22.448980 
 203   21   22  1   0  0 0.020 01.0  0.00177   +0.00588   +0.00682    +15.986395 
 204   22   23  1   0  0 0.020 01.0  0.00299   +0.18890   +0.18584     -1.619905 
 205   23   24  1   0  0 0.020 01.0  0.00248   +0.11154   +0.11696     +4.859243 
 206   24   25  1   0  0 0.020 01.0  0.00229   +0.08338   +0.08825     +5.840729 
 207   24   25  1   0  0 0.020 01.0  0.00227   +0.08012   +0.08078     +0.823764 
 208   24   26  1   0  0 0.020 01.0  0.00209   -0.05408   -0.05982    +10.613905 
 209   26   27  1   0  0 0.020 01.0  0.00209   -0.05408   -0.05366     -0.776627 
 210   27   28  1   0  0 0.020 01.0  0.00286   -0.16855   -0.16297     -3.310590 
 211   28   29  1   0  0 0.020 01.0  0.00325   -0.22684   -0.22554     -0.573091 
 212    7   29  1   0  0 0.020 01.0  0.00592   +0.62782   +0.61785     -1.588035 
 213   25   30  1   0  0 0.020 01.0  0.00231   +0.08650   +0.08405     -2.832370 
 214   30   31  1   0  0 0.020 01.0  0.00201   +0.04086   +0.03563    -12.799804 
 215   31   32  1   0  0 0.020 01.0  0.00194   -0.03120   -0.03267     +4.711538 
 216   32   33  1   0  0 0.020 01.0  0.00204   +0.04613   +0.04317     -6.416649 
 217   34   32  1   0  0 0.020 01.0  0.00239   +0.09797   +0.09455     -3.490865 
 218   34   35  1   0  0 0.020 01.0  0.00239   -0.09797   -0.09837     +0.408288 
 219   35   36  1   0  0 0.020 01.0  0.00288   -0.17171   -0.17870     +4.070817 
 220   36   37  1   0  0 0.020 01.0  0.00319   -0.21870   -0.22706     +3.822588 
 221   37   38  1   0  0 0.020 01.0  0.00353   -0.27002   -0.26331     -2.485001 
 222   37   39  1   0  0 0.020 01.0  0.00206   +0.04927   +0.04393    -10.838238 
 223   36   40  1   0  0 0.020 01.0  0.00203   +0.04518   +0.04271     -5.467021 
 224   22   38  1   0  0 0.020 01.0  0.00295   -0.18302   -0.17792     -2.786581 
 225   11   41  1   0  0 0.020 01.0  0.00247   +0.11078   +0.11013     -0.586749 
 226   41   42  1   0  0 0.020 01.0  0.00244   +0.10605   +0.11205     +5.657709 
 227   41   43  1   0  0 0.020 01.0  0.00267   -0.13985   -0.13904     -0.579192 
 228   38   44  1   0  0 0.020 01.0  0.00388   -0.32191   -0.32356     +0.512566 
 229   15   45  1   0  0 0.020 01.0  0.00496   +0.48471   +0.48170     -0.620990 
 230   14   46  1   0  0 0.020 01.0  0.00576   +0.60364   +0.58855     -2.499834 
 231   46   47  1   0  0 0.020 01.0  0.00576   +0.60364   +0.61111     +1.237493 
 232   47   48  1   0  0 0.020 01.0  0.00328   +0.23222   +0.23655     +1.864611 
 233   48   49  1   0  0 0.020 01.0  0.00180   -0.00972   -0.00712    -26.748971 
 234   49   50  1   0  0 0.020 01.0  0.00248   +0.11229   +0.11511     +2.511355 
 235   50   51  1   0  0 0.020 01.0  0.00270   -0.14494   -0.14882     +2.676970 
 236   10   51  1   0  0 0.020 01.0  0.00419   +0.36850   +0.35618     -3.343284 
 237   13   49  1   0  0 0.020 01.0  0.00451   +0.41646   +0.41241     -0.972482 
 238   29   52  1   0  0 0.020 01.0  0.00301   +0.19125   +0.19840     +3.738562 
 239   52   53  1   0  0 0.020 01.0  0.00257   +0.12545   +0.12920     +2.989239 
 240   53   54  1   0  0 0.020 01.0  0.00253   -0.11990   -0.12303     +2.610509 
 241   54   55  1   0  0 0.020 01.0  0.00289   -0.17326   -0.17873     +3.157105 
 242   11   43  1   0  0 0.020 01.0  0.00283   +0.16385   +0.15814     -3.484895 
 243   44   45  1   0  0 0.020 01.0  0.00487   -0.47096   -0.48336     +2.632920 
 244   40   56  1   0  0 0.020 01.0  0.00203   +0.04506   +0.04429     -1.708833 
 245   56   41  1   0  0 0.020 01.0  0.00217   -0.06495   -0.06792     +4.572748 
 246   56   42  1   0  0 0.020 01.0  0.00184   -0.01603   -0.01893    +18.091079 
 247   39   57  1   0  0 0.020 01.0  0.00206   +0.04918   +0.04481     -8.885726 
 248   57   56  1   0  0 0.020 01.0  0.00195   -0.03282   -0.03317     +1.066423 
 249   38   49  1   0  0 0.020 01.0  0.00221   -0.07209   -0.06905     -4.216951 
 250   38   48  1   0  0 0.020 01.0  0.00332   -0.23767   -0.23984     +0.913031 
 251    9   55  1   0  0 0.020 01.0  0.00348   +0.26236   +0.25517     -2.740509 
 252    1    2  4   0  0 0.020 01.0  0.00955   +1.17207   +1.15154     -1.751602 
 253    2    3  4   0  0 0.020 01.0  0.00258   +0.12688   +0.13314     +4.933796 
 254    3    4  4   0  0 0.020 01.0  0.00214   -0.06156   -0.06346     +3.086420 
 255    4    5  4   0  0 0.020 01.0  0.00254   -0.12133   -0.12652     +4.277590 
 256    4    6  4   0  0 0.020 01.0  0.00227   -0.08043   -0.07536     -6.303618 
 257    6    7  4   0  0 0.020 01.0  0.00206   -0.04894   -0.04518     -7.682877 
 258    6    8  4   0  0 0.020 01.0  0.00273   -0.15007   -0.14623     -2.558806 
 259    8    9  4   0  0 0.020 01.0  0.00415   +0.36227   +0.36208     -0.052447 
 260    9   10  4   0  0 0.020 01.0  0.00178   -0.00735   -0.00840    +14.285714 
 261    9   11  4   0  0 0.020 01.0  0.00269   +0.14312   +0.14897     +4.087479 
 262    9   12  4   0  0 0.020 01.0  0.00233   -0.09002   -0.09449     +4.965563 
 263    9   13  4   0  0 0.020 01.0  0.00231   +0.08634   +0.09224     +6.833449 
 264   13   14  4   0  0 0.020 01.0  0.00324   +0.22568   +0.23194     +2.773839 
 265   13   15  4   0  0 0.020 01.0  0.00180   +0.01058   +0.01260    +19.092628 
 266    1   15  4   0  0 0.020 01.0  0.00462   +0.43239   +0.43153     -0.198895 
 267    1   16  4   0  0 0.020 01.0  0.00193   +0.02903   +0.03352    +15.466759 
 268    1   17  4   0  0 0.020 01.0  0.00232   +0.08758   +0.09429     +7.661567 
 269    3   15  4   0  0 0.020 01.0  0.00242   -0.10362   -0.11042     +6.562440 
 270    4   18  4   0  0 0.020 01.0  0.00202   +0.04287   +0.04680     +9.167250 
 271    4   18  4   0  0 0.020 01.0  0.00197   +0.03503   +0.03691     +5.366828 
 272    5    6  4   0  0 0.020 01.0  0.00297   -0.18491   -0.18583     +0.497539 
 273    7    8  4   0  0 0.020 01.0  0.00346   -0.25941   -0.25788     -0.589800 
 274   10   12  4   0  0 0.020 01.0  0.00282   -0.16281   -0.15777     -3.095633 
 275   11   13  4   0  0 0.020 01.0  0.00197   +0.03572   +0.03729     +4.395297 
 276   12   13  4   0  0 0.020 01.0  0.00494   +0.48050   +0.48908     +1.785640 
 277   12   16  4   0  0 0.020 01.0  0.00202   -0.04328   -0.04862    +12.338262 
 278   12   17  4   0  0 0.020 01.0  0.00199   -0.03878   -0.04010     +3.403816 
 279   14   15  4   0  0 0.020 01.0  0.00279   -0.15826   -0.15960     +0.846708 
 280   18   19  4   0  0 0.020 01.0  0.00186   +0.01897   +0.02080     +9.646811 
 281   19   20  4   0  0 0.020 01.0  0.00178   +0.00771   +0.00915    +18.677043 
 282   21   20  4   0  0 0.020 01.0  0.00177   +0.00492   +0.00901    +83.130081 
 283   21   22  4   0  0 0.020 01.0  0.00177   -0.00492   -0.00374    -23.983740 
 284   22   23  4   0  0 0.020 01.0  0.00184   +0.01598   +0.01726     +8.010013 
 285   23   24  4   0  0 0.020 01.0  0.00180   -0.01057   -0.00649    -38.599811 
 286   24   25  4   0  0 0.020 01.0  0.00195   +0.03237   +0.03549     +9.638554 
 287   24   25  4   0  0 0.020 01.0  0.00194   +0.03111   +0.03402     +9.353905 
 288   24   26  4   0  0 0.020 01.0  0.00219   -0.06922   -0.07429     +7.324473 
 289   26   27  4   0  0 0.020 01.0  0.00220   -0.06964   -0.07355     +5.614589 
 290   27   28  4   0  0 0.020 01.0  0.00225   -0.07790   -0.08308     +6.649551 
 291   28   29  4   0  0 0.020 01.0  0.00246   -0.10943   -0.10438     -4.614822 
 292    7   29  4   0  0 0.020 01.0  0.00329   +0.23321   +0.23087     -1.003388 
 293   25   30  4   0  0 0.020 01.0  0.00211   +0.05691   +0.05632     -1.036725 
 294   30   31  4   0  0 0.020 01.0  0.00195   +0.03245   +0.02747    -15.346687 
 295   31   32  4   0  0 0.020 01.0  0.00176   -0.00417   -0.00919   +120.383693 
 296   32   33  4   0  0 0.020 01.0  0.00189   +0.02312   +0.02834    +22.577855 
 297   34   32  4   0  0 0.020 01.0  0.00207   +0.05114   +0.04689     -8.310520 
 298   34   35  4   0  0 0.020 01.0  0.00207   -0.05114   -0.04575    -10.539695 
 299   35   36  4   0  0 0.020 01.0  0.00231   -0.08647   -0.09011     +4.209552 
 300   36   37  4   0  0 0.020 01.0  0.00258   -0.12690   -0.13347     +5.177305 
 301   37   38  4   0  0 0.020 01.0  0.00281   -0.16171   -0.15880     -1.799518 
 302   37   39  4   0  0 0.020 01.0  0.00195   +0.03221   +0.02735    -15.088482 
 303   36   40  4   0  0 0.020 01.0  0.00200   +0.03959   +0.03435    -13.235666 
 304   22   38  4   0  0 0.020 01.0  0.00187   -0.02091   -0.01872    -10.473458 
 305   11   41  4   0  0 0.020 01.0  0.00208   +0.05226   +0.04604    -11.902028 
 306   41   42  4   0  0 0.020 01.0  0.00205   +0.04827   +0.04404     -8.763207 
 307   41   43  4   0  0 0.020 01.0  0.00204   -0.04653   -0.04929     +5.931657 
 308   38   44  4   0  0 0.020 01.0  0.00193   +0.02972   +0.02758     -7.200538 
 309   15   45  4   0  0 0.020 01.0  0.00202   +0.04261   +0.04520     +6.078385 
 310   14   46  4   0  0 0.020 01.0  0.00391   +0.32651   +0.32819     +0.514532 
 311   46   47  4   0  0 0.020 01.0  0.00371   +0.29647   +0.29680     +0.111310 
 312   47   48  4   0  0 0.020 01.0  0.00260   +0.13004   +0.13125     +0.930483 
 313   48   49  4   0  0 0.020 01.0  0.00224   -0.07559   -0.08224     +8.797460 
 314   49   50  4   0  0 0.020 01.0  0.00212   +0.05866   +0.05677     -3.221957 
 315   50   51  4   0  0 0.020 01.0  0.00221   -0.07131   -0.07071     -0.841397 
 316   10   51  4   0  0 0.020 01.0  0.00275   +0.15218   +0.14546     -4.415823 
 317   13   49  4   0  0 0.020 01.0  0.00436   +0.39469   +0.38873     -1.510046 
 318   29   52  4   0  0 0.020 01.0  0.00213   +0.05963   +0.06079     +1.945330 
 319   52   53  4   0  0 0.020 01.0  0.00190   +0.02512   +0.01947    -22.492038 
 320   53   54  4   0  0 0.020 01.0  0.00201   -0.04193   -0.04759    +13.498688 
 321   54   55  4   0  0 0.020 01.0  0.00215   -0.06309   -0.06468     +2.520209 
 322   11   43  4   0  0 0.020 01.0  0.00222   +0.07266   +0.06820     -6.138178 
 323   44   45  4   0  0 0.020 01.0  0.00176   +0.00355   +0.00150    -57.746479 
 324   40   56  4   0  0 0.020 01.0  0.00200   +0.03941   +0.03665     -7.003299 
 325   56   41  4   0  0 0.020 01.0  0.00173   +0.00001   -0.00200  -20100.000000 
 326   56   42  4   0  0 0.020 01.0  0.00181   +0.01086   +0.01177     +8.379374 
 327   39   57  4   0  0 0.020 01.0  0.00195   +0.03207   +0.03252     +1.403181 
 328   57   56  4   0  0 0.020 01.0  0.00176   +0.00318   +0.00624    +96.226415 
 329   38   49  4   0  0 0.020 01.0  0.00245   -0.10788   -0.10975     +1.733407 
 330   38   48  4   0  0 0.020 01.0  0.00306   -0.19937   -0.19474     -2.322315 
 331    9   55  4   0  0 0.020 01.0  0.00254   +0.12133   +0.12366     +1.920382 
 332    2    1  1   0  0 0.020 01.0  0.00451   +0.41660   +0.41801     +0.338454 
 333    3    2  1   0  0 0.020 01.0  0.00480   +0.46044   +0.47056     +2.197898 
 334    4    3  1   0  0 0.020 01.0  0.01268   -1.64252   -1.64820     +0.345810 
 335    5    4  1   0  0 0.020 01.0  0.00517   -0.51603   -0.51372     -0.447648 
 336    6    4  1   0  0 0.020 01.0  0.00625   -0.67718   -0.66713     -1.484096 
 337    7    6  1   0  0 0.020 01.0  0.00296   -0.18453   -0.18383     -0.379342 
 338    8    6  1   0  0 0.020 01.0  0.00221   +0.07184   +0.07827     +8.950445 
 339    9    8  1   0  0 0.020 01.0  0.00604   -0.64548   -0.65976     +2.212307 
 340   10    9  1   0  0 0.020 01.0  0.00206   +0.04969   +0.04722     -4.970819 
 341   11    9  1   0  0 0.020 01.0  0.00248   +0.11241   +0.11062     -1.592385 
 342   12    9  1   0  0 0.020 01.0  0.00347   +0.26076   +0.26020     -0.214757 
 343   13    9  1   0  0 0.020 01.0  0.00336   +0.24418   +0.23858     -2.293390 
 344   14   13  1   0  0 0.020 01.0  0.00234   +0.09053   +0.08802     -2.772562 
 345   15   13  1   0  0 0.020 01.0  0.00558   +0.57653   +0.56739     -1.585347 
 346   15    1  1   0  0 0.020 01.0  0.00471   -0.44661   -0.46012     +3.025011 
 347   16    1  1   0  0 0.020 01.0  0.00415   -0.36228   -0.37434     +3.328917 
 348   17    1  1   0  0 0.020 01.0  0.00529   -0.53344   -0.52443     -1.689037 
 349   15    3  1   0  0 0.020 01.0  0.01318   -1.71761   -1.75568     +2.216452 
 350   18    4  1   0  0 0.020 01.0  0.00293   -0.17943   -0.17235     -3.945828 
 351   18    4  1   0  0 0.020 01.0  0.00327   -0.22970   -0.23564     +2.585982 
 352    6    5  1   0  0 0.020 01.0  0.00408   -0.35200   -0.34933     -0.758523 
 353    8    7  1   0  0 0.020 01.0  0.00471   +0.44704   +0.44769     +0.145401 
 354   12   10  1   0  0 0.020 01.0  0.00533   +0.53997   +0.54659     +1.225994 
 355   13   11  1   0  0 0.020 01.0  0.00434   +0.39065   +0.38683     -0.977857 
 356   13   12  1   0  0 0.020 01.0  0.00583   -0.61420   -0.60514     -1.475090 
 357   16   12  1   0  0 0.020 01.0  0.00282   -0.16272   -0.16262     -0.061455 
 358   17   12  1   0  0 0.020 01.0  0.00188   +0.02144   +0.02443    +13.945896 
 359   15   14  1   0  0 0.020 01.0  0.00730   +0.83498   +0.82896     -0.720975 
 360   19   18  1   0  0 0.020 01.0  0.00223   -0.07426   -0.06858     -7.648802 
 361   20   19  1   0  0 0.020 01.0  0.00196   -0.03388   -0.02917    -13.902007 
 362   20   21  1   0  0 0.020 01.0  0.00177   +0.00588   +0.00643     +9.353741 
 363   22   21  1   0  0 0.020 01.0  0.00177   -0.00588   -0.00566     -3.741497 
 364   23   22  1   0  0 0.020 01.0  0.00299   -0.18854   -0.19429     +3.049751 
 365   24   23  1   0  0 0.020 01.0  0.00246   -0.10942   -0.10781     -1.471395 
 366   25   24  1   0  0 0.020 01.0  0.00229   -0.08338   -0.08025     -3.753898 
 367   25   24  1   0  0 0.020 01.0  0.00227   -0.08012   -0.07501     -6.377933 
 368   26   24  1   0  0 0.020 01.0  0.00209   +0.05408   +0.05375     -0.610207 
 369   27   26  1   0  0 0.020 01.0  0.00210   +0.05555   +0.05873     +5.724572 
 370   28   27  1   0  0 0.020 01.0  0.00287   +0.17084   +0.16534     -3.219387 
 371   29   28  1   0  0 0.020 01.0  0.00326   +0.22958   +0.22020     -4.085722 
 372   29    7  1   0  0 0.020 01.0  0.00592   -0.62782   -0.64099     +2.097735 
 373   30   25  1   0  0 0.020 01.0  0.00230   -0.08486   -0.07989     -5.856705 
 374   31   30  1   0  0 0.020 01.0  0.00200   -0.03980   -0.03624     -8.944724 
 375   32   31  1   0  0 0.020 01.0  0.00195   +0.03185   +0.02820    -11.459969 
 376   33   32  1   0  0 0.020 01.0  0.00204   -0.04600   -0.05002     +8.739130 
 377   32   34  1   0  0 0.020 01.0  0.00239   -0.09797   -0.09546     -2.562009 
 378   35   34  1   0  0 0.020 01.0  0.00239   +0.09871   +0.09727     -1.458819 
 379   36   35  1   0  0 0.020 01.0  0.00289   +0.17351   +0.18107     +4.357098 
 380   37   36  1   0  0 0.020 01.0  0.00320   +0.22076   +0.22030     -0.208371 
 381   38   37  1   0  0 0.020 01.0  0.00358   +0.27699   +0.27489     -0.758150 
 382   39   37  1   0  0 0.020 01.0  0.00206   -0.04918   -0.05301     +7.787719 
 383   40   36  1   0  0 0.020 01.0  0.00203   -0.04506   -0.04705     +4.416334 
 384   38   22  1   0  0 0.020 01.0  0.00296   +0.18368   +0.18263     -0.571646 
 385   41   11  1   0  0 0.020 01.0  0.00247   -0.11078   -0.11614     +4.838418 
 386   42   41  1   0  0 0.020 01.0  0.00242   -0.10312   -0.09614     -6.768813 
 387   43   41  1   0  0 0.020 01.0  0.00267   +0.13985   +0.13889     -0.686450 
 388   44   38  1   0  0 0.020 01.0  0.00390   +0.32496   +0.33207     +2.187962 
 389   45   15  1   0  0 0.020 01.0  0.00496   -0.48471   -0.47525     -1.951682 
 390   46   14  1   0  0 0.020 01.0  0.00576   -0.60364   -0.61292     +1.537340 
 391   47   46  1   0  0 0.020 01.0  0.00570   -0.59422   -0.58939     -0.812830 
 392   48   47  1   0  0 0.020 01.0  0.00327   -0.23098   -0.23574     +2.060784 
 393   49   48  1   0  0 0.020 01.0  0.00180   +0.01016   +0.00610    -39.960630 
 394   50   49  1   0  0 0.020 01.0  0.00247   -0.11106   -0.11244     +1.242572 
 395   51   50  1   0  0 0.020 01.0  0.00272   +0.14850   +0.14144     -4.754209 
 396   51   10  1   0  0 0.020 01.0  0.00419   -0.36850   -0.37831     +2.662144 
 397   49   13  1   0  0 0.020 01.0  0.00451   -0.41646   -0.41566     -0.192095 
 398   52   29  1   0  0 0.020 01.0  0.00297   -0.18545   -0.19059     +2.771637 
 399   53   52  1   0  0 0.020 01.0  0.00256   -0.12410   -0.13139     +5.874295 
 400   54   53  1   0  0 0.020 01.0  0.00255   +0.12326   +0.13084     +6.149602 
 401   55   54  1   0  0 0.020 01.0  0.00293   +0.17936   +0.18366     +2.397413 
 402   43   11  1   0  0 0.020 01.0  0.00283   -0.16385   -0.15568     -4.986268 
 403   45   44  1   0  0 0.020 01.0  0.00496   +0.48471   +0.49815     +2.772792 
 404   56   40  1   0  0 0.020 01.0  0.00203   -0.04506   -0.04541     +0.776742 
 405   41   56  1   0  0 0.020 01.0  0.00218   +0.06758   +0.07397     +9.455460 
 406   42   56  1   0  0 0.020 01.0  0.00184   +0.01612   +0.02002    +24.193548 
 407   57   39  1   0  0 0.020 01.0  0.00206   -0.04918   -0.05154     +4.798699 
 408   56   57  1   0  0 0.020 01.0  0.00195   +0.03304   +0.03833    +16.010896 
 409   49   38  1   0  0 0.020 01.0  0.00223   +0.07400   +0.06884     -6.972973 
 410   48   38  1   0  0 0.020 01.0  0.00334   +0.24070   +0.23304     -3.182385 
 411   55    9  1   0  0 0.020 01.0  0.00348   -0.26236   -0.27279     +3.975454 
 412    2    1  4   0  0 0.020 01.0  0.01016   -1.26350   -1.27549     +0.948951 
 413    3    2  4   0  0 0.020 01.0  0.00300   -0.19082   -0.19318     +1.236768 
 414    4    3  4   0  0 0.020 01.0  0.00256   +0.12386   +0.11803     -4.706927 
 415    5    4  4   0  0 0.020 01.0  0.00264   +0.13591   +0.13926     +2.464866 
 416    6    4  4   0  0 0.020 01.0  0.00253   +0.12004   +0.12700     +5.798067 
 417    7    6  4   0  0 0.020 01.0  0.00191   +0.02621   +0.02417     -7.783289 
 418    8    6  4   0  0 0.020 01.0  0.00245   +0.10761   +0.11185     +3.940154 
 419    9    8  4   0  0 0.020 01.0  0.00432   -0.38743   -0.38299     -1.146013 
 420   10    9  4   0  0 0.020 01.0  0.00196   -0.03438   -0.03897    +13.350785 
 421   11    9  4   0  0 0.020 01.0  0.00280   -0.16063   -0.15687     -2.340783 
 422   12    9  4   0  0 0.020 01.0  0.00196   +0.03426   +0.03877    +13.164040 
 423   13    9  4   0  0 0.020 01.0  0.00249   -0.11373   -0.12120     +6.568188 
 424   14   13  4   0  0 0.020 01.0  0.00329   -0.23325   -0.24110     +3.365488 
 425   15   13  4   0  0 0.020 01.0  0.00176   -0.00333   -0.00469    +40.840841 
 426   15    1  4   0  0 0.020 01.0  0.00505   -0.49707   -0.48451     -2.526807 
 427   16    1  4   0  0 0.020 01.0  0.00214   -0.06021   -0.05382    -10.612855 
 428   17    1  4   0  0 0.020 01.0  0.00232   -0.08769   -0.09227     +5.222944 
 429   15    3  4   0  0 0.020 01.0  0.00314   +0.21173   +0.20556     -2.914089 
 430   18    4  4   0  0 0.020 01.0  0.00190   -0.02492   -0.02944    +18.138042 
 431   18    4  4   0  0 0.020 01.0  0.00182   -0.01260   -0.01144     -9.206349 
 432    6    5  4   0  0 0.020 01.0  0.00296   +0.18368   +0.18212     -0.849303 
 433    8    7  4   0  0 0.020 01.0  0.00346   +0.25950   +0.25442     -1.957611 
 434   12   10  4   0  0 0.020 01.0  0.00287   +0.17020   +0.16506     -3.019976 
 435   13   11  4   0  0 0.020 01.0  0.00201   -0.04165   -0.04542     +9.051621 
 436   13   12  4   0  0 0.020 01.0  0.00509   -0.50357   -0.49185     -2.327382 
 437   16   12  4   0  0 0.020 01.0  0.00189   +0.02321   +0.02470     +6.419647 
 438   17   12  4   0  0 0.020 01.0  0.00180   -0.01031   -0.00898    -12.900097 
 439   15   14  4   0  0 0.020 01.0  0.00297   +0.18505   +0.18787     +1.523912 
 440   19   18  4   0  0 0.020 01.0  0.00183   -0.01471   -0.01826    +24.133243 
 441   20   19  4   0  0 0.020 01.0  0.00178   -0.00713   -0.00578    -18.934081 
 442   20   21  4   0  0 0.020 01.0  0.00177   -0.00487   -0.00088    -81.930185 
 443   22   21  4   0  0 0.020 01.0  0.00177   +0.00493   +0.00152    -69.168357 
 444   23   22  4   0  0 0.020 01.0  0.00184   -0.01543   -0.01382    -10.434219 
 445   24   23  4   0  0 0.020 01.0  0.00177   +0.00575   +0.00983    +70.956522 
 446   25   24  4   0  0 0.020 01.0  0.00188   -0.02238   -0.02520    +12.600536 
 447   25   24  4   0  0 0.020 01.0  0.00188   -0.02150   -0.02053     -4.511628 
 448   26   24  4   0  0 0.020 01.0  0.00220   +0.06964   +0.06947     -0.244113 
 449   27   26  4   0  0 0.020 01.0  0.00221   +0.07190   +0.07640     +6.258693 
 450   28   27  4   0  0 0.020 01.0  0.00228   +0.08143   +0.07531     -7.515658 
 451   29   28  4   0  0 0.020 01.0  0.00249   +0.11328   +0.11686     +3.160311 
 452   29    7  4   0  0 0.020 01.0  0.00310   -0.20491   -0.20390     -0.492899 
 453   30   25  4   0  0 0.020 01.0  0.00210   -0.05445   -0.05534     +1.634527 
 454   31   30  4   0  0 0.020 01.0  0.00194   -0.03083   -0.02758    -10.541680 
 455   32   31  4   0  0 0.020 01.0  0.00177   +0.00513   +0.00403    -21.442495 
 456   33   32  4   0  0 0.020 01.0  0.00189   -0.02300   -0.02462     +7.043478 
 457   32   34  4   0  0 0.020 01.0  0.00199   -0.03825   -0.03634     -4.993464 
 458   35   34  4   0  0 0.020 01.0  0.00206   +0.04947   +0.04816     -2.648070 
 459   36   35  4   0  0 0.020 01.0  0.00231   +0.08730   +0.08284     -5.108820 
 460   37   36  4   0  0 0.020 01.0  0.00260   +0.12950   +0.12255     -5.366795 
 461   38   37  4   0  0 0.020 01.0  0.00287   +0.17060   +0.16624     -2.555686 
 462   39   37  4   0  0 0.020 01.0  0.00195   -0.03207   -0.02738    -14.624259 
 463   40   36  4   0  0 0.020 01.0  0.00200   -0.03941   -0.03363    -14.666328 
 464   38   22  4   0  0 0.020 01.0  0.00188   +0.02193   +0.02175     -0.820793 
 465   41   11  4   0  0 0.020 01.0  0.00201   -0.04135   -0.04563    +10.350665 
 466   42   41  4   0  0 0.020 01.0  0.00202   -0.04329   -0.04315     -0.323400 
 467   43   41  4   0  0 0.020 01.0  0.00211   +0.05585   +0.06209    +11.172784 
 468   44   38  4   0  0 0.020 01.0  0.00190   -0.02555   -0.02255    -11.741683 
 469   45   15  4   0  0 0.020 01.0  0.00186   -0.01966   -0.01445    -26.500509 
 470   46   14  4   0  0 0.020 01.0  0.00371   -0.29647   -0.28690     -3.227983 
 471   47   46  4   0  0 0.020 01.0  0.00355   -0.27204   -0.27765     +2.062197 
 472   48   47  4   0  0 0.020 01.0  0.00259   -0.12846   -0.13471     +4.865328 
 473   49   48  4   0  0 0.020 01.0  0.00221   +0.07130   +0.07011     -1.669004 
 474   50   49  4   0  0 0.020 01.0  0.00211   -0.05669   -0.06136     +8.237784 
 475   51   50  4   0  0 0.020 01.0  0.00225   +0.07697   +0.08040     +4.456282 
 476   51   10  4   0  0 0.020 01.0  0.00268   -0.14197   -0.14441     +1.718673 
 477   49   13  4   0  0 0.020 01.0  0.00401   -0.34173   -0.34293     +0.351154 
 478   52   29  4   0  0 0.020 01.0  0.00208   -0.05212   -0.05587     +7.194935 
 479   53   52  4   0  0 0.020 01.0  0.00189   -0.02338   -0.02069    -11.505560 
 480   54   53  4   0  0 0.020 01.0  0.00204   +0.04609   +0.04245     -7.897592 
 481   55   54  4   0  0 0.020 01.0  0.00221   +0.07106   +0.07461     +4.995778 
 482   43   11  4   0  0 0.020 01.0  0.00219   -0.06785   -0.07125     +5.011054 
 483   45   44  4   0  0 0.020 01.0  0.00186   +0.01966   +0.02094     +6.510682 
 484   56   40  4   0  0 0.020 01.0  0.00197   -0.03501   -0.03683     +5.198515 
 485   41   56  4   0  0 0.020 01.0  0.00175   +0.00261   +0.00495    +89.655172 
 486   42   56  4   0  0 0.020 01.0  0.00180   -0.01071   -0.01486    +38.748833 
 487   57   39  4   0  0 0.020 01.0  0.00192   -0.02718   -0.03085    +13.502575 
 488   56   57  4   0  0 0.020 01.0  0.00175   -0.00286   -0.00608   +112.587413 
 489   49   38  4   0  0 0.020 01.0  0.00245   +0.10777   +0.10572     -1.902199 
 490   48   38  4   0  0 0.020 01.0  0.00309   +0.20405   +0.20227     -0.872335 
 491   55    9  4   0  0 0.020 01.0  0.00248   -0.11206   -0.11614     +3.640907 
----------------------------------------------------------------------------------
Número de medidores SCADA:     491
Número de PMUs:                0
Número de medidas das PMUs:    0
----------------------------------------------------------------------------------

Não há medidas de ângulo.
Não há medidores desabilitados.
============================== Estado Estimado ===================================
                 Barra     Mod(pu)    Ang(graus)              
----------------------------------------------------------------------------------
                    1            1.0393              0.00        
                    2            1.0095              1.18        
                    3            1.0095              3.64        
                    4            0.9945              0.14        
                    5            0.9782             -4.46        
                    6            0.9793             -6.16        
                    7            0.9796             -7.33        
                    8            1.0048             -5.67        
                    9            0.9791             -7.39        
                   10            0.9783             -6.88        
                   11            0.9688             -6.58        
                   12            1.0141             -3.24        
                   13            0.9745             -4.81        
                   14            0.9655             -4.38        
                   15            0.9896             -1.83        
                   16            1.0140             -4.01        
                   17            1.0175             -3.04        
                   18            1.0045             -5.05        
                   19            0.9585             -7.58        
                   20            0.9454             -8.48        
                   21            0.9911             -9.12        
                   22            0.9909             -9.21        
                   23            0.9887             -9.37        
                   24            0.9720            -11.14        
                   25            0.9364            -17.34        
                   26            0.9356            -10.96        
                   27            0.9645            -10.81        
                   28            0.9828            -10.15        
                   29            0.9990             -9.65        
                   30            0.9119            -17.98        
                   31            0.8826            -18.65        
                   32            0.9035            -17.19        
                   33            0.9005            -17.24        
                   34            0.9258            -10.93        
                   35            0.9353            -10.59        
                   36            0.9483            -10.21        
                   37            0.9600             -9.93        
                   38            0.9949             -8.93        
                   39            0.9577            -10.00        
                   40            0.9451            -10.27        
                   41            0.9792            -11.29        
                   42            0.9395            -12.99        
                   43            1.0009             -7.95        
                   44            1.0027             -7.80        
                   45            1.0333             -4.54        
                   46            1.0513             -6.64        
                   47            1.0191             -8.46        
                   48            1.0119             -8.63        
                   49            1.0222             -8.90        
                   50            1.0063             -9.44        
                   51            1.0421             -8.24        
                   52            0.9591            -11.35        
                   53            0.9463            -12.03        
                   54            0.9814            -10.71        
                   55            1.0278             -9.09        
                   56            0.9406            -13.57        
                   57            0.9354            -14.24        
----------------------------------------------------------------------------------
Convergiu em:    3 iteraçoes. 
----------------------------------------------------------------------------------
--- RESIDUOS NORMALIZADOS --------------------------------------------------------
   N    D    P  TP      Real     Medido   Estimado      Med-Est        rn 
----------------------------------------------------------------------------------
 190    4   18  1    +0.1794    +0.1721    +0.2150  -4.2859e-02      0.847 
 350   18    4  1    -0.1794    -0.1724    -0.2150  +4.2659e-02      0.843 
  75    0   18  2    -0.3320    -0.3290    -0.3083  -2.0771e-02      0.427 
  72    0   15  2    -0.2680    -0.2592    -0.2703  +1.1017e-02      0.391 
 351   18    4  1    -0.2297    -0.2356    -0.2150  -2.0631e-02      0.383 
 349   15    3  1    -1.7176    -1.7557    -1.7230  -3.2727e-02      0.303 
 191    4   18  1    +0.2297    +0.2302    +0.2150  +1.5231e-02      0.283 
 199   14   15  1    -0.8222    -0.8036    -0.8243  +2.0661e-02      0.254 
 430   18    4  4    -0.0249    -0.0294    -0.0191  -1.0379e-02      0.254 
 185   13   15  1    -0.5674    -0.5516    -0.5690  +1.7446e-02      0.241 
 412    2    1  4    -1.2635    -1.2755    -1.2548  -2.0682e-02      0.229 
 176    4    6  1    +0.6986    +0.6872    +0.7047  -1.7504e-02      0.226 
 396   51   10  1    -0.3685    -0.3783    -0.3656  -1.2759e-02      0.221 
  61    0    4  2    -0.0000    +0.0029    -0.0005  +3.3873e-03      0.215 
 230   14   46  1    +0.6036    +0.5886    +0.6038  -1.5206e-02      0.215 
 104    0   47  2    -0.3620    -0.3730    -0.3620  -1.0916e-02      0.214 
 115    0    1  5    +1.7211    +1.6908    +1.7105  -1.9616e-02      0.211 
 212    7   29  1    +0.6278    +0.6179    +0.6323  -1.4490e-02      0.210 
 128    0   14  5    -0.0650    -0.0593    -0.0653  +5.9807e-03      0.209 
  16    0   16  6    +1.0148    +1.0287    +1.0140  +1.4727e-02      0.208 
 336    6    4  1    -0.6772    -0.6671    -0.6830  +1.5839e-02      0.206 
  51    0   51  6    +1.0427    +1.0278    +1.0421  -1.4324e-02      0.200 
  10    0   10  6    +0.9790    +0.9920    +0.9783  +1.3615e-02      0.196 
 334    4    3  1    -1.6425    -1.6482    -1.6282  -2.0038e-02      0.193 
 431   18    4  4    -0.0126    -0.0114    -0.0191  +7.6210e-03      0.191 
   6    0    6  6    +0.9800    +0.9926    +0.9793  +1.3200e-02      0.190 
  43    0   43  6    +1.0010    +0.9878    +1.0009  -1.3175e-02      0.188 
 276   12   13  4    +0.4805    +0.4891    +0.4770  +1.2101e-02      0.187 
 270    4   18  4    +0.0429    +0.0468    +0.0389  +7.8853e-03      0.187 
  54    0   54  6    +0.9829    +0.9685    +0.9814  -1.2899e-02      0.186 
   3    0    3  6    +1.0101    +0.9964    +1.0095  -1.3134e-02      0.186 
 403   45   44  1    +0.4847    +0.4981    +0.4857  +1.2438e-02      0.185 
  48    0   48  6    +1.0129    +0.9989    +1.0119  -1.3003e-02      0.184 
   2    0    2  6    +1.0100    +0.9966    +1.0095  -1.2961e-02      0.184 
  36    0   36  6    +0.9488    +0.9360    +0.9483  -1.2337e-02      0.181 
 206   24   25  1    +0.0834    +0.0882    +0.0799  +8.3053e-03      0.181 
  78    0   21  2    -0.0000    +0.0027    -0.0030  +5.7750e-03      0.180 
 346   15    1  1    -0.4466    -0.4601    -0.4486  -1.1531e-02      0.179 
 186    1   15  1    +0.4539    +0.4672    +0.4559  +1.1290e-02      0.175 
 251    9   55  1    +0.2624    +0.2552    +0.2641  -8.9003e-03      0.175 
  53    0   53  6    +0.9487    +0.9581    +0.9463  +1.1810e-02      0.174 
 122    0    8  5    +0.7294    +0.7475    +0.7363  +1.1163e-02      0.172 
 243   44   45  1    -0.4710    -0.4834    -0.4719  -1.1469e-02      0.172 
 411   55    9  1    -0.2624    -0.2728    -0.2641  -8.7197e-03      0.171 
  42    0   42  6    +0.9403    +0.9281    +0.9395  -1.1407e-02      0.171 
  23    0   23  6    +0.9894    +0.9769    +0.9887  -1.1858e-02      0.170 
  57    0   57  6    +0.9355    +0.9467    +0.9354  +1.1288e-02      0.170 
 362   20   21  1    +0.0059    +0.0064    +0.0129  -6.4398e-03      0.169 
 361   20   19  1    -0.0339    -0.0292    -0.0360  +6.7870e-03      0.169 
 130    0   16  5    -0.0370    -0.0412    -0.0356  -5.5766e-03      0.169 
 162    0   48  5    +0.0000    +0.0012    -0.0031  +4.3199e-03      0.168 
  39    0   39  6    +0.9579    +0.9692    +0.9577  +1.1499e-02      0.168 
  20    0   20  6    +0.9465    +0.9566    +0.9454  +1.1197e-02      0.168 
   1    0    1  6    +1.0400    +1.0273    +1.0393  -1.1954e-02      0.167 
  50    0   50  6    +1.0069    +1.0180    +1.0063  +1.1701e-02      0.167 
 433    8    7  4    +0.2595    +0.2544    +0.2633  -8.8951e-03      0.166 
  17    0   17  6    +1.0184    +1.0292    +1.0175  +1.1704e-02      0.165 
 382   39   37  1    -0.0492    -0.0530    -0.0466  -6.3837e-03      0.164 
 429   15    3  4    +0.2117    +0.2056    +0.2137  -8.1744e-03      0.163 
 236   10   51  1    +0.3685    +0.3562    +0.3656  -9.3707e-03      0.162 
 320   53   54  4    -0.0419    -0.0476    -0.0409  -6.6483e-03      0.162 
   8    0    8  6    +1.0050    +1.0162    +1.0048  +1.1363e-02      0.161 
 389   45   15  1    -0.4847    -0.4753    -0.4859  +1.0611e-02      0.161 
 470   46   14  4    -0.2965    -0.2869    -0.2959  +9.0224e-03      0.161 
 103    0   46  2    +0.0000    -0.0036    +0.0001  -3.7586e-03      0.160 
 102    0   45  2    +0.0000    -0.0040    -0.0001  -3.8311e-03      0.160 
 132    0   18  5    -0.1200    -0.1248    -0.1312  +6.3869e-03      0.160 
 347   16    1  1    -0.3623    -0.3743    -0.3644  -9.9289e-03      0.160 
 386   42   41  1    -0.1031    -0.0961    -0.1034  +7.2382e-03      0.160 
 300   36   37  4    -0.1269    -0.1335    -0.1266  -6.8362e-03      0.158 
 348   17    1  1    -0.5334    -0.5244    -0.5349  +1.0431e-02      0.156 
 119    0    5  5    -0.0490    -0.0532    -0.0482  -5.0510e-03      0.156 
 395   51   50  1    +0.1485    +0.1414    +0.1490  -7.5258e-03      0.155 
 460   37   36  4    +0.1295    +0.1226    +0.1293  -6.7388e-03      0.155 
 474   50   49  4    -0.0567    -0.0614    -0.0550  -6.3348e-03      0.155 
 195   11   13  1    -0.3870    -0.3946    -0.3852  -9.4151e-03      0.154 
 426   15    1  4    -0.4971    -0.4845    -0.4949  +1.0347e-02      0.153 
  45    0   45  6    +1.0337    +1.0442    +1.0333  +1.0868e-02      0.152 
 385   41   11  1    -0.1108    -0.1161    -0.1089  -7.2180e-03      0.149 
 345   15   13  1    +0.5765    +0.5674    +0.5782  -1.0831e-02      0.149 
 202   21   20  1    -0.0059    -0.0072    -0.0129  +5.6698e-03      0.149 
 371   29   28  1    +0.2296    +0.2202    +0.2275  -7.3464e-03      0.149 
 333    3    2  1    +0.4604    +0.4706    +0.4612  +9.3823e-03      0.148 
 319   52   53  4    +0.0251    +0.0195    +0.0250  -5.4983e-03      0.145 
 268    1   17  4    +0.0876    +0.0943    +0.0881  +6.1490e-03      0.144 
 164    0   50  5    -0.1280    -0.1207    -0.1265  +5.7543e-03      0.144 
 166    0   52  5    -0.0270    -0.0239    -0.0286  +4.6742e-03      0.143 
  37    0   37  6    +0.9604    +0.9503    +0.9600  -9.7492e-03      0.142 
 269    3   15  4    -0.1036    -0.1104    -0.1043  -6.1050e-03      0.142 
  56    0   56  6    +0.9408    +0.9501    +0.9406  +9.5033e-03      0.142 
 424   14   13  4    -0.2333    -0.2411    -0.2335  -7.5693e-03      0.142 
 313   48   49  4    -0.0756    -0.0822    -0.0759  -6.3493e-03      0.142 
 450   28   27  4    +0.0814    +0.0753    +0.0812  -5.9347e-03      0.140 
 305   11   41  4    +0.0523    +0.0460    +0.0523  -6.2141e-03      0.140 
 422   12    9  4    +0.0343    +0.0388    +0.0327  +6.1041e-03      0.140 
 116    0    2  5    -1.1366    -1.1374    -1.1265  -1.0957e-02      0.139 
 134    0   20  5    -0.0120    -0.0151    -0.0105  -4.5949e-03      0.139 
  35    0   35  6    +0.9360    +0.9446    +0.9353  +9.3297e-03      0.138 
  30    0   30  6    +0.9144    +0.9207    +0.9119  +8.8276e-03      0.137 
  22    0   22  6    +0.9916    +0.9814    +0.9909  -9.5201e-03      0.137 
 194   10   12  1    -0.5312    -0.5209    -0.5302  +9.3543e-03      0.136 
  60    0    3  2    +3.9010    +3.9123    +3.8926  +1.9663e-02      0.136 
 252    1    2  4    +1.1721    +1.1515    +1.1631  -1.1546e-02      0.135 
 107    0   50  2    -0.2560    -0.2504    -0.2568  +6.3438e-03      0.135 
  88    0   31  2    -0.0710    -0.0718    -0.0668  -4.9554e-03      0.134 
 291   28   29  4    -0.1094    -0.1044    -0.1101  +5.7683e-03      0.134 
 364   23   22  1    -0.1885    -0.1943    -0.1879  -6.3604e-03      0.134 
 427   16    1  4    -0.0602    -0.0538    -0.0596  +5.8270e-03      0.132 
 482   43   11  4    -0.0678    -0.0712    -0.0658  -5.4109e-03      0.131 
 295   31   32  4    -0.0042    -0.0092    -0.0042  -4.9825e-03      0.130 
 106    0   49  2    -0.2200    -0.2129    -0.2179  +4.9695e-03      0.130 
 390   46   14  1    -0.6036    -0.6129    -0.6038  -9.1640e-03      0.130 
 436   13   12  4    -0.5036    -0.4919    -0.5004  +8.5897e-03      0.129 
 388   44   38  1    +0.3250    +0.3321    +0.3250  +7.0878e-03      0.128 
 405   41   56  1    +0.0676    +0.0740    +0.0682  +5.7456e-03      0.127 
 442   20   21  4    -0.0049    -0.0009    -0.0058  +4.8874e-03      0.127 
 226   41   42  1    +0.1061    +0.1120    +0.1063  +5.7089e-03      0.127 
 261    9   11  4    +0.1431    +0.1490    +0.1429  +6.0520e-03      0.126 
  27    0   27  6    +0.9647    +0.9732    +0.9645  +8.6525e-03      0.126 
 372   29    7  1    -0.6278    -0.6410    -0.6323  -8.6504e-03      0.125 
 423   13    9  4    -0.1137    -0.1212    -0.1151  -6.1026e-03      0.125 
 290   27   28  4    -0.0779    -0.0831    -0.0778  -5.2309e-03      0.124 
 262    9   12  4    -0.0900    -0.0945    -0.0886  -5.9090e-03      0.124 
 306   41   42  4    +0.0483    +0.0440    +0.0491  -5.1081e-03      0.123 
 467   43   41  4    +0.0558    +0.0621    +0.0569  +5.2283e-03      0.123 
 393   49   48  1    +0.0102    +0.0061    +0.0109  -4.8487e-03      0.123 
 154    0   40  5    -0.0000    -0.0030    +0.0011  -4.1076e-03      0.123 
  84    0   27  2    -0.1130    -0.1125    -0.1078  -4.7135e-03      0.122 
 120    0    6  5    +0.1047    +0.1004    +0.1043  -3.8816e-03      0.122 
 416    6    4  4    +0.1200    +0.1270    +0.1213  +5.7387e-03      0.119 
  24    0   24  6    +0.9729    +0.9801    +0.9720  +8.1314e-03      0.118 
 363   22   21  1    -0.0059    -0.0057    -0.0098  +4.1759e-03      0.118 
  19    0   19  6    +0.9600    +0.9664    +0.9585  +7.9055e-03      0.118 
 472   48   47  4    -0.1285    -0.1347    -0.1295  -5.1951e-03      0.118 
 309   15   45  4    +0.0426    +0.0452    +0.0405  +4.6952e-03      0.118 
 445   24   23  4    +0.0057    +0.0098    +0.0054  +4.4177e-03      0.117 
 410   48   38  1    +0.2407    +0.2330    +0.2390  -5.9774e-03      0.116 
 409   49   38  1    +0.0740    +0.0688    +0.0741  -5.2735e-03      0.116 
 146    0   32  5    -0.0100    -0.0119    -0.0083  -3.5125e-03      0.116 
 463   40   36  4    -0.0394    -0.0336    -0.0381  +4.4249e-03      0.115 
 247   39   57  1    +0.0492    +0.0448    +0.0499  -5.0763e-03      0.115 
 368   26   24  1    +0.0541    +0.0537    +0.0583  -4.5390e-03      0.115 
 277   12   16  4    -0.0433    -0.0486    -0.0441  -4.5168e-03      0.114 
 108    0   51  2    -0.2200    -0.2117    -0.2166  +4.8749e-03      0.114 
 152    0   38  5    -0.0850    -0.0837    -0.0870  +3.2889e-03      0.114 
  89    0   32  2    -0.0200    -0.0245    -0.0211  -3.3498e-03      0.114 
  28    0   28  6    +0.9833    +0.9750    +0.9828  -7.8408e-03      0.113 
 174    3    4  1    +1.6733    +1.6467    +1.6584  -1.1725e-02      0.113 
 264   13   14  4    +0.2257    +0.2319    +0.2260  +5.9449e-03      0.113 
 354   12   10  1    +0.5400    +0.5466    +0.5390  +7.6398e-03      0.111 
 267    1   16  4    +0.0290    +0.0335    +0.0289  +4.6241e-03      0.111 
 258    6    8  4    -0.1501    -0.1462    -0.1519  +5.6397e-03      0.111 
  80    0   23  2    -0.0770    -0.0719    -0.0758  +3.9739e-03      0.111 
  52    0   52  6    +0.9611    +0.9516    +0.9591  -7.4295e-03      0.109 
 205   23   24  1    +0.1115    +0.1170    +0.1121  +4.8743e-03      0.108 
 257    6    7  4    -0.0489    -0.0452    -0.0497  +4.5031e-03      0.108 
 367   25   24  1    -0.0801    -0.0750    -0.0799  +4.9347e-03      0.108 
 253    2    3  4    +0.1269    +0.1331    +0.1283  +4.8057e-03      0.108 
 155    0   41  5    -0.0370    -0.0355    -0.0387  +3.1773e-03      0.108 
 256    4    6  4    -0.0804    -0.0754    -0.0802  +4.8870e-03      0.107 
 220   36   37  1    -0.2187    -0.2271    -0.2218  -5.2385e-03      0.107 
 192    5    6  1    +0.3570    +0.3657    +0.3596  +6.1213e-03      0.106 
  85    0   28  2    -0.0560    -0.0615    -0.0582  -3.3690e-03      0.105 
 297   34   32  4    +0.0511    +0.0469    +0.0513  -4.3731e-03      0.105 
 459   36   35  4    +0.0873    +0.0828    +0.0871  -4.2682e-03      0.105 
 384   38   22  1    +0.1837    +0.1826    +0.1779  +4.7719e-03      0.104 
 150    0   36  5    +0.0000    +0.0015    -0.0013  +2.8013e-03      0.104 
 448   26   24  4    +0.0696    +0.0695    +0.0737  -4.2388e-03      0.104 
 231   46   47  1    +0.6036    +0.6111    +0.6039  +7.2254e-03      0.103 
 303   36   40  4    +0.0396    +0.0343    +0.0382  -3.8843e-03      0.101 
 335    5    4  1    -0.5160    -0.5137    -0.5207  +7.0267e-03      0.101 
 141    0   27  5    -0.0060    -0.0081    -0.0050  -3.1479e-03      0.101 
  90    0   33  2    -0.0460    -0.0506    -0.0467  -3.8792e-03      0.101 
 359   15   14  1    +0.8350    +0.8290    +0.8372  -8.2328e-03      0.101 
 476   51   10  4    -0.1420    -0.1444    -0.1398  -4.5829e-03      0.100 
 428   17    1  4    -0.0877    -0.0923    -0.0880  -4.2770e-03      0.100 
 317   13   49  4    +0.3947    +0.3887    +0.3951  -6.3787e-03      0.100 
 153    0   39  5    -0.0000    -0.0018    +0.0016  -3.3193e-03      0.099 
 281   19   20  4    +0.0077    +0.0092    +0.0054  +3.7635e-03      0.098 
 177    6    7  1    +0.1853    +0.1884    +0.1836  +4.8112e-03      0.097 
 285   23   24  4    -0.0106    -0.0065    -0.0102  +3.6967e-03      0.097 
 263    9   13  4    +0.0863    +0.0922    +0.0877  +4.5250e-03      0.097 
 299   35   36  4    -0.0865    -0.0901    -0.0862  -3.9409e-03      0.096 
 316   10   51  4    +0.1522    +0.1455    +0.1499  -4.4094e-03      0.095 
 216   32   33  1    +0.0461    +0.0432    +0.0468  -3.6458e-03      0.095 
  33    0   33  6    +0.9012    +0.8944    +0.9005  -6.0564e-03      0.095 
 151    0   37  5    +0.0000    +0.0036    +0.0011  +2.4706e-03      0.095 
  94    0   37  2    +0.0000    +0.0002    +0.0026  -2.3412e-03      0.094 
  76    0   19  2    -0.0400    -0.0388    -0.0356  -3.1840e-03      0.094 
 296   32   33  4    +0.0231    +0.0283    +0.0249  +3.4798e-03      0.094 
   9    0    9  6    +0.9794    +0.9856    +0.9791  +6.5142e-03      0.094 
 392   48   47  1    -0.2310    -0.2357    -0.2311  -4.6243e-03      0.093 
 255    4    5  4    -0.1213    -0.1265    -0.1221  -4.4571e-03      0.093 
 221   37   38  1    -0.2700    -0.2633    -0.2681  +4.7411e-03      0.093 
 465   41   11  4    -0.0413    -0.0456    -0.0416  -3.9977e-03      0.092 
 440   19   18  4    -0.0147    -0.0183    -0.0146  -3.6127e-03      0.091 
 487   57   39  4    -0.0272    -0.0308    -0.0270  -3.8583e-03      0.090 
 273    7    8  4    -0.2594    -0.2579    -0.2627  +4.8622e-03      0.090 
 414    4    3  4    +0.1239    +0.1180    +0.1219  -3.8647e-03      0.090 
 200   18   19  1    +0.0771    +0.0708    +0.0747  -3.9078e-03      0.090 
 352    6    5  1    -0.3520    -0.3493    -0.3545  +5.1591e-03      0.090 
 101    0   44  2    -0.1460    -0.1502    -0.1469  -3.2907e-03      0.089 
  73    0   16  2    -0.5250    -0.5200    -0.5252  +5.2474e-03      0.087 
 485   41   56  4    +0.0026    +0.0050    +0.0014  +3.5198e-03      0.087 
 376   33   32  1    -0.0460    -0.0500    -0.0467  -3.3392e-03      0.087 
 443   22   21  4    +0.0049    +0.0015    +0.0046  -3.0781e-03      0.086 
 233   48   49  1    -0.0097    -0.0071    -0.0105  +3.3806e-03      0.086 
 179    8    9  1    +0.6511    +0.6546    +0.6603  -5.7202e-03      0.086 
 188    1   17  1    +0.5401    +0.5473    +0.5416  +5.7303e-03      0.086 
  41    0   41  6    +0.9797    +0.9733    +0.9792  -5.9128e-03      0.086 
 203   21   22  1    +0.0059    +0.0068    +0.0098  -3.0247e-03      0.086 
 302   37   39  4    +0.0322    +0.0273    +0.0305  -3.1924e-03      0.085 
   4    0    4  6    +0.9950    +1.0004    +0.9945  +5.9093e-03      0.084 
 232   47   48  1    +0.2322    +0.2366    +0.2324  +4.1868e-03      0.084 
 419    9    8  4    -0.3874    -0.3830    -0.3879  +4.8813e-03      0.084 
 217   34   32  1    +0.0980    +0.0945    +0.0982  -3.6840e-03      0.083 
 373   30   25  1    -0.0849    -0.0799    -0.0833  +3.4300e-03      0.082 
 149    0   35  5    -0.0370    -0.0364    -0.0391  +2.7240e-03      0.082 
 420   10    9  4    -0.0344    -0.0390    -0.0356  -3.3680e-03      0.081 
 462   39   37  4    -0.0321    -0.0274    -0.0304  +3.0343e-03      0.081 
 111    0   54  2    -0.0500    -0.0441    -0.0467  +2.6116e-03      0.081 
 449   27   26  4    +0.0719    +0.0764    +0.0729  +3.5130e-03      0.080 
 325   56   41  4    +0.0000    -0.0020    +0.0012  -3.2361e-03      0.080 
 113    0   56  2    -0.0930    -0.0889    -0.0916  +2.6966e-03      0.080 
 282   21   20  4    +0.0049    +0.0090    +0.0059  +3.0698e-03      0.080 
 343   13    9  1    +0.2442    +0.2386    +0.2431  -4.4902e-03      0.080 
  98    0   41  2    -0.0770    -0.0705    -0.0729  +2.4184e-03      0.079 
  63    0    6  2    -0.9150    -0.9334    -0.9279  -5.5288e-03      0.079 
 469   45   15  4    -0.0197    -0.0144    -0.0174  +2.9889e-03      0.079 
 339    9    8  1    -0.6455    -0.6598    -0.6545  -5.2149e-03      0.078 
 360   19   18  1    -0.0743    -0.0686    -0.0720  +3.4095e-03      0.078 
 338    8    6  1    +0.0718    +0.0783    +0.0749  +3.4133e-03      0.078 
  21    0   21  6    +0.9914    +0.9857    +0.9911  -5.3589e-03      0.077 
 298   34   35  4    -0.0511    -0.0457    -0.0488  +3.0017e-03      0.077 
  29    0   29  6    +0.9995    +0.9937    +0.9990  -5.3103e-03      0.076 
 380   37   36  1    +0.2208    +0.2203    +0.2239  -3.6252e-03      0.074 
 250   38   48  1    -0.2377    -0.2398    -0.2360  -3.8098e-03      0.074 
 215   31   32  1    -0.0312    -0.0327    -0.0297  -2.9773e-03      0.074 
 475   51   50  4    +0.0770    +0.0804    +0.0772  +3.2500e-03      0.073 
  59    0    2  2    -0.0370    -0.0330    -0.0349  +1.9028e-03      0.073 
  40    0   40  6    +0.9454    +0.9401    +0.9451  -4.9240e-03      0.073 
 480   54   53  4    +0.0461    +0.0425    +0.0454  -2.9856e-03      0.072 
 421   11    9  4    -0.1606    -0.1569    -0.1604  +3.5562e-03      0.072 
 222   37   39  1    +0.0493    +0.0439    +0.0467  -2.7771e-03      0.072 
 286   24   25  4    +0.0324    +0.0355    +0.0325  +3.0296e-03      0.071 
 391   47   46  1    -0.5942    -0.5894    -0.5944  +5.0176e-03      0.071 
 170    0   56  5    -0.0270    -0.0230    -0.0251  +2.1007e-03      0.071 
 235   50   51  1    -0.1449    -0.1488    -0.1454  -3.4458e-03      0.071 
 344   14   13  1    +0.0905    +0.0880    +0.0911  -3.0392e-03      0.071 
 353    8    7  1    +0.4470    +0.4477    +0.4521  -4.4111e-03      0.070 
 399   53   52  1    -0.1241    -0.1314    -0.1283  -3.1267e-03      0.070 
 249   38   49  1    -0.0721    -0.0691    -0.0722  +3.1492e-03      0.070 
 417    7    6  4    +0.0262    +0.0242    +0.0269  -2.7614e-03      0.070 
  91    0   34  2    -0.0000    +0.0031    +0.0010  +2.1382e-03      0.069 
 167    0   53  5    -0.1220    -0.1233    -0.1205  -2.8446e-03      0.069 
 157    0   43  5    -0.0120    -0.0068    -0.0090  +2.1574e-03      0.069 
 289   26   27  4    -0.0696    -0.0736    -0.0706  -2.9909e-03      0.068 
 133    0   19  5    -0.0070    -0.0115    -0.0093  -2.1892e-03      0.068 
 406   42   56  1    +0.0161    +0.0200    +0.0174  +2.6249e-03      0.068 
 451   29   28  4    +0.1133    +0.1169    +0.1140  +2.9023e-03      0.067 
 124    0   10  5    -0.0450    -0.0486    -0.0467  -1.9177e-03      0.066 
 468   44   38  4    -0.0255    -0.0226    -0.0250  +2.4951e-03      0.066 
 131    0   17  5    -0.0980    -0.0961    -0.0985  +2.3833e-03      0.065 
 241   54   55  1    -0.1733    -0.1787    -0.1755  -3.2274e-03      0.065 
 158    0   44  5    -0.0220    -0.0258    -0.0237  -2.1023e-03      0.064 
 248   57   56  1    -0.0328    -0.0332    -0.0356  +2.4607e-03      0.064 
 274   10   12  4    -0.1628    -0.1578    -0.1609  +3.1597e-03      0.064 
 479   53   52  4    -0.0234    -0.0207    -0.0231  +2.4117e-03      0.064 
 408   56   57  1    +0.0330    +0.0383    +0.0359  +2.4409e-03      0.064 
 434   12   10  4    +0.1702    +0.1651    +0.1682  -3.1514e-03      0.064 
 356   13   12  1    -0.6142    -0.6051    -0.6095  +4.4003e-03      0.064 
  82    0   25  2    -0.0770    -0.0760    -0.0782  +2.1679e-03      0.063 
 229   15   45  1    +0.4847    +0.4817    +0.4859  -4.1613e-03      0.063 
 383   40   36  1    -0.0451    -0.0471    -0.0446  -2.4343e-03      0.063 
  92    0   35  2    -0.0730    -0.0763    -0.0785  +2.1940e-03      0.063 
 377   32   34  1    -0.0980    -0.0955    -0.0982  +2.7740e-03      0.062 
 444   23   22  4    -0.0154    -0.0138    -0.0161  +2.2325e-03      0.062 
  68    0   11  2    +0.0000    -0.0046    -0.0060  +1.3904e-03      0.062 
 142    0   28  5    -0.0280    -0.0309    -0.0289  -1.9764e-03      0.062 
 214   30   31  1    +0.0409    +0.0356    +0.0380  -2.4089e-03      0.061 
 184   13   14  1    -0.0897    -0.0928    -0.0902  -2.5969e-03      0.061 
 439   15   14  4    +0.1850    +0.1879    +0.1848  +3.0880e-03      0.061 
 379   36   35  1    +0.1735    +0.1811    +0.1783  +2.7855e-03      0.060 
  71    0   14  2    -0.1280    -0.1313    -0.1295  -1.8543e-03      0.060 
  87    0   30  2    -0.0440    -0.0473    -0.0453  -2.0289e-03      0.060 
 254    3    4  4    -0.0616    -0.0635    -0.0612  -2.2387e-03      0.059 
  95    0   38  2    -0.1710    -0.1793    -0.1774  -1.8637e-03      0.059 
 330   38   48  4    -0.1994    -0.1947    -0.1977  +2.9109e-03      0.059 
 260    9   10  4    -0.0073    -0.0084    -0.0061  -2.2941e-03      0.058 
 478   52   29  4    -0.0521    -0.0559    -0.0535  -2.3475e-03      0.058 
  83    0   26  2    +0.0000    +0.0049    +0.0031  +1.7854e-03      0.058 
 446   25   24  4    -0.0224    -0.0252    -0.0228  -2.4326e-03      0.058 
 324   40   56  4    +0.0394    +0.0367    +0.0392  -2.5124e-03      0.058 
  74    0   17  2    -0.5120    -0.5143    -0.5110  -3.3227e-03      0.058 
 109    0   52  2    -0.0600    -0.0654    -0.0635  -1.8960e-03      0.058 
  46    0   46  6    +1.0519    +1.0471    +1.0513  -4.1404e-03      0.058 
 234   49   50  1    +0.1123    +0.1151    +0.1126  +2.5096e-03      0.057 
 196   12   13  1    +0.6255    +0.6246    +0.6207  +3.9351e-03      0.057 
 187    1   16  1    +0.3681    +0.3738    +0.3703  +3.5213e-03      0.057 
 304   22   38  4    -0.0209    -0.0187    -0.0207  +2.0011e-03      0.056 
 402   43   11  1    -0.1638    -0.1557    -0.1583  +2.6174e-03      0.056 
 189    3   15  1    +1.7673    +1.7790    +1.7730  +6.0259e-03      0.055 
  25    0   25  6    +0.9390    +0.9400    +0.9364  +3.6078e-03      0.055 
 280   18   19  4    +0.0190    +0.0208    +0.0187  +2.1284e-03      0.054 
 447   25   24  4    -0.0215    -0.0205    -0.0228  +2.2374e-03      0.054 
 398   52   29  1    -0.1855    -0.1906    -0.1932  +2.5927e-03      0.053 
  47    0   47  6    +1.0200    +1.0153    +1.0191  -3.7467e-03      0.053 
 123    0    9  5    -0.1340    -0.1301    -0.1286  -1.5125e-03      0.053 
 245   56   41  1    -0.0649    -0.0679    -0.0655  -2.3813e-03      0.053 
 471   47   46  4    -0.2720    -0.2777    -0.2748  -2.8698e-03      0.052 
 223   36   40  1    +0.0452    +0.0427    +0.0447  -2.0212e-03      0.052 
 375   32   31  1    +0.0319    +0.0282    +0.0303  -2.0781e-03      0.052 
 491   55    9  4    -0.1121    -0.1161    -0.1139  -2.2180e-03      0.052 
 204   22   23  1    +0.1889    +0.1858    +0.1883  -2.4499e-03      0.052 
 322   11   43  4    +0.0727    +0.0682    +0.0703  -2.1278e-03      0.051 
 193    7    8  1    -0.4433    -0.4515    -0.4483  -3.1898e-03      0.051 
 138    0   24  5    -0.0000    -0.0030    -0.0016  -1.3796e-03      0.051 
 159    0   45  5    +0.0000    +0.0031    +0.0046  -1.5362e-03      0.051 
  67    0   10  2    -0.1130    -0.1153    -0.1168  +1.5204e-03      0.050 
 219   35   36  1    -0.1717    -0.1787    -0.1764  -2.3040e-03      0.050 
 432    6    5  4    +0.1837    +0.1821    +0.1846  -2.4431e-03      0.049 
 369   27   26  1    +0.0556    +0.0587    +0.0567  +2.0434e-03      0.049 
 237   13   49  1    +0.4165    +0.4124    +0.4156  -3.1522e-03      0.049 
 271    4   18  4    +0.0350    +0.0369    +0.0389  -2.0047e-03      0.048 
 168    0   54  5    -0.0170    -0.0209    -0.0194  -1.5072e-03      0.048 
 365   24   23  1    -0.1094    -0.1078    -0.1099  +2.1362e-03      0.047 
 457   32   34  4    -0.0382    -0.0363    -0.0383  +1.9468e-03      0.047 
 418    8    6  4    +0.1076    +0.1119    +0.1096  +2.2392e-03      0.047 
  93    0   36  2    -0.0000    -0.0000    +0.0012  -1.1941e-03      0.046 
 240   53   54  1    -0.1199    -0.1230    -0.1252  +2.1433e-03      0.046 
 484   56   40  4    -0.0350    -0.0368    -0.0348  -2.0053e-03      0.046 
 311   46   47  4    +0.2965    +0.2968    +0.2994  -2.5693e-03      0.046 
 326   56   42  4    +0.0109    +0.0118    +0.0136  -1.7862e-03      0.046 
 183    9   13  1    -0.2407    -0.2422    -0.2396  -2.5571e-03      0.046 
  18    0   18  6    +1.0072    +1.0014    +1.0045  -3.1895e-03      0.046 
 178    6    8  1    -0.0711    -0.0761    -0.0741  -1.9884e-03      0.045 
  44    0   44  6    +1.0035    +1.0059    +1.0027  +3.1569e-03      0.045 
 136    0   22  5    +0.0000    +0.0017    +0.0005  +1.2474e-03      0.044 
 329   38   49  4    -0.1079    -0.1098    -0.1076  -2.1239e-03      0.044 
 400   54   53  1    +0.1233    +0.1308    +0.1288  +2.0290e-03      0.044 
  65    0    8  2    +1.1700    +1.1838    +1.1873  -3.4481e-03      0.044 
 308   38   44  4    +0.0297    +0.0276    +0.0292  -1.6484e-03      0.043 
 246   56   42  1    -0.0160    -0.0189    -0.0173  -1.6507e-03      0.043 
  79    0   22  2    -0.0000    +0.0023    +0.0012  +1.0614e-03      0.041 
  70    0   13  2    -0.2200    -0.2226    -0.2213  -1.2175e-03      0.041 
 182    9   12  1    -0.2561    -0.2523    -0.2547  +2.3746e-03      0.041 
 275   11   13  4    +0.0357    +0.0373    +0.0389  -1.6209e-03      0.041 
 357   16   12  1    -0.1627    -0.1626    -0.1608  -1.8137e-03      0.041 
  66    0    9  2    -1.0410    -1.0464    -1.0436  -2.7906e-03      0.041 
  34    0   34  6    +0.9263    +0.9285    +0.9258  +2.6888e-03      0.040 
  64    0    7  2    +0.0000    +0.0020    +0.0012  +8.2864e-04      0.040 
 278   12   17  4    -0.0388    -0.0401    -0.0384  -1.6539e-03      0.040 
 307   41   43  4    -0.0465    -0.0493    -0.0476  -1.6567e-03      0.039 
 438   17   12  4    -0.0103    -0.0090    -0.0105  +1.5603e-03      0.039 
 294   30   31  4    +0.0324    +0.0275    +0.0290  -1.5313e-03      0.039 
 208   24   26  1    -0.0541    -0.0598    -0.0583  -1.5310e-03      0.039 
 486   42   56  4    -0.0107    -0.0149    -0.0134  -1.4968e-03      0.038 
 310   14   46  4    +0.3265    +0.3282    +0.3260  +2.1998e-03      0.038 
 279   14   15  4    -0.1583    -0.1596    -0.1577  -1.8798e-03      0.038 
 401   55   54  1    +0.1794    +0.1837    +0.1818  +1.8631e-03      0.038 
 489   49   38  4    +0.1078    +0.1057    +0.1075  -1.8005e-03      0.038 
 407   57   39  1    -0.0492    -0.0515    -0.0499  -1.6537e-03      0.037 
 126    0   12  5    +0.6029    +0.5932    +0.5953  -2.0775e-03      0.037 
 415    5    4  4    +0.1359    +0.1393    +0.1375  +1.7999e-03      0.037 
 180    9   10  1    -0.0496    -0.0462    -0.0477  +1.5368e-03      0.037 
 265   13   15  4    +0.0106    +0.0126    +0.0111  +1.4908e-03      0.037 
 287   24   25  4    +0.0311    +0.0340    +0.0325  +1.5596e-03      0.037 
 481   55   54  4    +0.0711    +0.0746    +0.0730  +1.5603e-03      0.036 
 160    0   46  5    +0.0000    +0.0044    +0.0034  +9.6311e-04      0.036 
 209   26   27  1    -0.0541    -0.0537    -0.0552  +1.5144e-03      0.036 
  49    0   49  6    +1.0230    +1.0196    +1.0222  -2.5209e-03      0.036 
  58    0    1  2    +0.9586    +0.9589    +0.9613  -2.3709e-03      0.035 
 145    0   31  5    -0.0350    -0.0331    -0.0318  -1.2086e-03      0.035 
 473   49   48  4    +0.0713    +0.0701    +0.0716  -1.5087e-03      0.034 
 135    0   21  5    +0.0000    +0.0003    +0.0014  -1.0862e-03      0.033 
 197   12   16  1    +0.1632    +0.1598    +0.1613  -1.4706e-03      0.033 
 355   13   11  1    +0.3906    +0.3868    +0.3888  -1.9748e-03      0.032 
 210   27   28  1    -0.1686    -0.1630    -0.1645  +1.5031e-03      0.032 
  32    0   32  6    +0.9041    +0.9015    +0.9035  -2.0177e-03      0.032 
 341   11    9  1    +0.1124    +0.1106    +0.1120  -1.3651e-03      0.031 
 139    0   25  5    -0.0390    -0.0423    -0.0414  -9.9883e-04      0.030 
   7    0    7  6    +0.9801    +0.9775    +0.9796  -2.0677e-03      0.030 
 140    0   26  5    +0.0000    +0.0041    +0.0031  +9.1027e-04      0.029 
 228   38   44  1    -0.3219    -0.3236    -0.3219  -1.6302e-03      0.029 
 458   35   34  4    +0.0495    +0.0482    +0.0470  +1.1149e-03      0.029 
 161    0   47  5    -0.1420    -0.1425    -0.1437  +1.1283e-03      0.029 
  69    0   12  2    +1.5680    +1.5589    +1.5563  +2.5180e-03      0.029 
 370   28   27  1    +0.1708    +0.1653    +0.1667  -1.3328e-03      0.028 
 483   45   44  4    +0.0197    +0.0209    +0.0220  -1.0951e-03      0.028 
 488   56   57  4    -0.0029    -0.0061    -0.0051  -1.0117e-03      0.028 
 148    0   34  5    -0.0000    +0.0034    +0.0025  +8.7857e-04      0.028 
 292    7   29  4    +0.2332    +0.2309    +0.2323  -1.3836e-03      0.028 
 455   32   31  4    +0.0051    +0.0040    +0.0051  -1.0492e-03      0.027 
  62    0    5  2    -0.1590    -0.1621    -0.1612  -9.8198e-04      0.027 
 441   20   19  4    -0.0071    -0.0058    -0.0047  -1.0322e-03      0.027 
 218   34   35  1    -0.0980    -0.0984    -0.0972  -1.1378e-03      0.027 
 425   15   13  4    -0.0033    -0.0047    -0.0036  -1.0685e-03      0.027 
 125    0   11  5    +0.0000    +0.0017    +0.0011  +6.5339e-04      0.026 
 144    0   30  5    -0.0220    -0.0263    -0.0254  -8.5830e-04      0.026 
 288   24   26  4    -0.0692    -0.0743    -0.0732  -1.0583e-03      0.026 
 172    1    2  1    -0.4035    -0.4049    -0.4065  +1.5172e-03      0.026 
 461   38   37  4    +0.1706    +0.1662    +0.1674  -1.1519e-03      0.025 
 225   11   41  1    +0.1108    +0.1101    +0.1089  +1.2080e-03      0.025 
 394   50   49  1    -0.1111    -0.1124    -0.1114  -1.0604e-03      0.024 
 114    0   57  2    -0.0820    -0.0846    -0.0855  +9.1700e-04      0.024 
 283   21   22  4    -0.0049    -0.0037    -0.0046  +8.4400e-04      0.024 
 259    8    9  4    +0.3623    +0.3621    +0.3634  -1.3214e-03      0.024 
 332    2    1  1    +0.4166    +0.4180    +0.4194  -1.4048e-03      0.023 
 466   42   41  4    -0.0433    -0.0432    -0.0441  +9.5982e-04      0.023 
 163    0   49  5    -0.1040    -0.1053    -0.1060  +7.2547e-04      0.023 
 374   31   30  1    -0.0398    -0.0362    -0.0371  +9.0193e-04      0.023 
 453   30   25  4    -0.0544    -0.0553    -0.0544  -9.0696e-04      0.023 
 238   29   52  1    +0.1913    +0.1984    +0.1995  -1.0825e-03      0.022 
 413    3    2  4    -0.1908    -0.1932    -0.1921  -1.1030e-03      0.022 
 318   29   52  4    +0.0596    +0.0608    +0.0617  -9.0204e-04      0.022 
  31    0   31  6    +0.8823    +0.8812    +0.8826  -1.3790e-03      0.022 
 328   57   56  4    +0.0032    +0.0062    +0.0055  +7.8565e-04      0.022 
 105    0   48  2    -0.0000    -0.0031    -0.0026  -5.2108e-04      0.021 
 213   25   30  1    +0.0865    +0.0840    +0.0849  -8.7798e-04      0.021 
 143    0   29  5    -0.0320    -0.0274    -0.0279  +5.7947e-04      0.020 
  96    0   39  2    +0.0000    +0.0039    +0.0033  +6.6003e-04      0.020 
 129    0   15  5    -0.0610    -0.0600    -0.0595  -4.9247e-04      0.020 
  14    0   14  6    +0.9661    +0.9668    +0.9655  +1.3459e-03      0.020 
 337    7    6  1    -0.1845    -0.1838    -0.1829  -9.4200e-04      0.019 
 266    1   15  4    +0.4324    +0.4315    +0.4303  +1.1877e-03      0.019 
  77    0   20  2    -0.0280    -0.0225    -0.0231  +6.2719e-04      0.019 
 207   24   25  1    +0.0801    +0.0808    +0.0799  +8.3531e-04      0.018 
 284   22   23  4    +0.0160    +0.0173    +0.0166  +6.5433e-04      0.018 
 198   12   17  1    -0.0214    -0.0232    -0.0239  +6.9382e-04      0.018 
 437   16   12  4    +0.0232    +0.0247    +0.0240  +6.6645e-04      0.018 
 175    4    5  1    +0.5348    +0.5411    +0.5399  +1.2068e-03      0.017 
 181    9   11  1    -0.1114    -0.1103    -0.1110  +7.6033e-04      0.017 
 315   50   51  4    -0.0713    -0.0707    -0.0714  +7.3911e-04      0.017 
 127    0   13  5    -0.0280    -0.0286    -0.0282  -3.4573e-04      0.016 
 110    0   53  2    -0.2440    -0.2527    -0.2534  +7.6661e-04      0.016 
 404   56   40  1    -0.0451    -0.0454    -0.0447  -7.0235e-04      0.016 
 378   35   34  1    +0.0987    +0.0973    +0.0979  -6.7191e-04      0.016 
 342   12    9  1    +0.2608    +0.2602    +0.2593  +9.1975e-04      0.016 
  12    0   12  6    +1.0150    +1.0130    +1.0141  -1.1201e-03      0.016 
  97    0   40  2    +0.0000    -0.0004    +0.0001  -5.0199e-04      0.015 
 340   10    9  1    +0.0497    +0.0472    +0.0478  -6.2318e-04      0.015 
 224   22   38  1    -0.1830    -0.1779    -0.1772  -6.8457e-04      0.015 
 211   28   29  1    -0.2268    -0.2255    -0.2248  -7.0619e-04      0.014 
 358   17   12  1    +0.0214    +0.0244    +0.0239  +5.4669e-04      0.014 
  13    0   13  6    +0.9752    +0.9755    +0.9745  +9.7717e-04      0.014 
 156    0   42  5    -0.0540    -0.0570    -0.0575  +4.9299e-04      0.014 
 293   25   30  4    +0.0569    +0.0563    +0.0568  -5.1905e-04      0.013 
  86    0   29  2    -0.2070    -0.2058    -0.2053  -4.7930e-04      0.013 
 477   49   13  4    -0.3417    -0.3429    -0.3421  -7.8923e-04      0.013 
 112    0   55  2    -0.0830    -0.0827    -0.0823  -4.2660e-04      0.013 
 327   39   57  4    +0.0321    +0.0325    +0.0320  +5.4642e-04      0.013 
 435   13   11  4    -0.0416    -0.0454    -0.0449  -5.0982e-04      0.013 
 171    0   57  5    -0.0240    -0.0220    -0.0215  -4.4264e-04      0.013 
 201   19   20  1    +0.0343    +0.0369    +0.0364  +4.7654e-04      0.012 
 239   52   53  1    +0.1255    +0.1292    +0.1297  -5.0872e-04      0.012 
 117    0    3  5    -0.3560    -0.3581    -0.3576  -4.7673e-04      0.010 
 173    2    3  1    -0.4536    -0.4537    -0.4543  +6.0760e-04      0.010 
 244   40   56  1    +0.0451    +0.0443    +0.0447  -4.1765e-04      0.010 
 165    0   51  5    -0.0650    -0.0630    -0.0627  -3.3293e-04      0.010 
  26    0   26  6    +0.9363    +0.9350    +0.9356  -6.3874e-04      0.009 
 227   41   43  1    -0.1399    -0.1390    -0.1386  -4.4811e-04      0.009 
  38    0   38  6    +0.9958    +0.9955    +0.9949  +5.4683e-04      0.008 
 331    9   55  4    +0.1213    +0.1237    +0.1234  +3.0227e-04      0.007 
 137    0   23  5    -0.0260    -0.0265    -0.0262  -2.3078e-04      0.007 
 366   25   24  1    -0.0834    -0.0803    -0.0799  -3.0531e-04      0.007 
 147    0   33  5    -0.0230    -0.0250    -0.0247  -2.3375e-04      0.006 
 387   43   41  1    +0.1399    +0.1389    +0.1386  +2.9811e-04      0.006 
 452   29    7  4    -0.2049    -0.2039    -0.2036  -3.0084e-04      0.006 
  55    0   55  6    +1.0284    +1.0273    +1.0278  -4.3282e-04      0.006 
 169    0   55  5    -0.0410    -0.0411    -0.0409  -1.9768e-04      0.006 
 314   49   50  4    +0.0587    +0.0568    +0.0570  -2.0613e-04      0.005 
  15    0   15  6    +0.9902    +0.9893    +0.9896  -3.1834e-04      0.005 
 323   44   45  4    +0.0036    +0.0015    +0.0013  +1.7257e-04      0.005 
 272    5    6  4    -0.1849    -0.1858    -0.1856  -2.1093e-04      0.004 
 121    0    7  5    +0.0000    -0.0036    -0.0036  -8.2821e-05      0.003 
  11    0   11  6    +0.9691    +0.9686    +0.9688  -2.3418e-04      0.003 
 242   11   43  1    +0.1638    +0.1581    +0.1583  -1.5736e-04      0.003 
 321   54   55  4    -0.0631    -0.0647    -0.0648  +1.3841e-04      0.003 
 456   33   32  4    -0.0230    -0.0246    -0.0247  +1.1625e-04      0.003 
 312   47   48  4    +0.1300    +0.1313    +0.1311  +1.3808e-04      0.003 
 118    0    4  5    +0.0000    +0.0043    +0.0044  -7.1065e-05      0.003 
 464   38   22  4    +0.0219    +0.0217    +0.0217  +7.2213e-05      0.002 
 301   37   38  4    -0.1617    -0.1588    -0.1587  -8.8303e-05      0.002 
  99    0   42  2    -0.0870    -0.0860    -0.0860  -5.6949e-05      0.002 
 397   49   13  1    -0.4165    -0.4157    -0.4156  -9.7815e-05      0.002 
 100    0   43  2    -0.0240    -0.0198    -0.0197  -4.4523e-05      0.001 
 454   31   30  4    -0.0308    -0.0276    -0.0276  +5.3913e-05      0.001 
   5    0    5  6    +0.9789    +0.9781    +0.9782  -9.4354e-05      0.001 
  81    0   24  2    +0.0000    -0.0051    -0.0051  +9.3572e-06      0.000 
 381   38   37  1    +0.2770    +0.2749    +0.2749  +5.1602e-06      0.000 
 490   48   38  4    +0.2041    +0.2023    +0.2023  +4.3687e-06      0.000 
----------------------------------------------------------------------------------
Não foram identificados erros grosseiros.
Não foram identificadas medidas críticas.
Possíveis conjuntos críticos:
Conjunto 1: 5 454
Conjunto 2: 312 456
Conjunto 3: 11 121
Conjunto 4: 323 15
Conjunto 5: 452 387
Conjunto 6: 366 137
Conjunto 7: 26 165 244
Conjunto 8: 165 244 173
Conjunto 9: 244 173
Conjunto 10: 171 435 327 112 477
Conjunto 11: 435 327 112 477
Conjunto 12: 327 112 477 86
Conjunto 13: 112 477 86
Conjunto 14: 477 86
Conjunto 15: 86 293
Conjunto 16: 13 358
Conjunto 17: 358 211
Conjunto 18: 224 340
Conjunto 19: 12 342 378
Conjunto 20: 342 378
Conjunto 21: 378 404
Conjunto 22: 404 110
Conjunto 23: 110 127
Conjunto 24: 198 284
Conjunto 25: 284 207
Conjunto 26: 77 266
Conjunto 27: 96 143
Conjunto 28: 213 105
Conjunto 29: 105 328
Conjunto 30: 318 413 238
Conjunto 31: 413 238
Conjunto 32: 453 374
Conjunto 33: 163 466
Conjunto 34: 466 332
Conjunto 35: 332 259 283 114
Conjunto 36: 259 283 114
Conjunto 37: 283 114
Conjunto 38: 461 172
Conjunto 39: 172 288
Conjunto 40: 144 125
Conjunto 41: 425 218 441
Conjunto 42: 218 441 62
Conjunto 43: 441 62
Conjunto 44: 62 455
Conjunto 45: 455 292 148
Conjunto 46: 292 148 488 483
Conjunto 47: 148 488 483
Conjunto 48: 488 483
Conjunto 49: 69 161 458
Conjunto 50: 161 458
Conjunto 51: 228 140
Conjunto 52: 7 139
Conjunto 53: 32 210
Conjunto 54: 145 58
Conjunto 55: 209 160 481
Conjunto 56: 160 481
Conjunto 57: 287 265 180 415
Conjunto 58: 265 180 415
Conjunto 59: 180 415
Conjunto 60: 126 407 489 401
Conjunto 61: 407 489 401
Conjunto 62: 489 401
Conjunto 63: 279 310 486
Conjunto 64: 310 486 208
Conjunto 65: 486 208
Conjunto 66: 208 294
Conjunto 67: 438 307 278 64
Conjunto 68: 307 278 64
Conjunto 69: 278 64
Conjunto 70: 66 357
Conjunto 71: 357 275 182 70
Conjunto 72: 275 182 70
Conjunto 73: 182 70 79
Conjunto 74: 70 79
Conjunto 75: 308 65
Conjunto 76: 65 400
Conjunto 77: 400 329 136
Conjunto 78: 329 136
Conjunto 79: 44 178
Conjunto 80: 178 18 183
Conjunto 81: 18 183
Conjunto 82: 326 311 484 240 93
Conjunto 83: 311 484 240 93
Conjunto 84: 484 240 93
Conjunto 85: 240 93
Conjunto 86: 418 457 365
Conjunto 87: 457 365
Conjunto 88: 365 168
Conjunto 89: 271 237
Conjunto 90: 237 369 432
Conjunto 91: 369 432
Conjunto 92: 67 159 138 193
Conjunto 93: 159 138 193
Conjunto 94: 138 193
Conjunto 95: 193 322
Conjunto 96: 322 204 491
Conjunto 97: 204 491 375
Conjunto 98: 491 375
Conjunto 99: 375 223 471
Conjunto 100: 223 471 245 123
Conjunto 101: 471 245 123 47
Conjunto 102: 245 123 47 398
Conjunto 103: 123 47 398
Conjunto 104: 47 398
Conjunto 105: 398 447 280
Conjunto 106: 447 280
Conjunto 107: 189 402
Conjunto 108: 304 187 196
Conjunto 109: 187 196
Conjunto 110: 234 46 109 74 324
Conjunto 111: 46 109 74 324 446 83
Conjunto 112: 109 74 324 446 83
Conjunto 113: 74 324 446 83 478 260
Conjunto 114: 324 446 83 478 260
Conjunto 115: 446 83 478 260 330 95
Conjunto 116: 83 478 260 330 95
Conjunto 117: 478 260 330 95 254
Conjunto 118: 260 330 95 254
Conjunto 119: 330 95 254
Conjunto 120: 95 254
Conjunto 121: 87 71 379
Conjunto 122: 71 379 439 184
Conjunto 123: 379 439 184
Conjunto 124: 439 184 214
Conjunto 125: 184 214
Conjunto 126: 214 142
Conjunto 127: 142 68 444 377
Conjunto 128: 68 444 377
Conjunto 129: 444 377
Conjunto 130: 377 92
Conjunto 131: 92 383
Conjunto 132: 383 229 82 356 434
Conjunto 133: 229 82 356 434 408 479
Conjunto 134: 82 356 434 408 479 274
Conjunto 135: 356 434 408 479 274 248
Conjunto 136: 434 408 479 274 248
Conjunto 137: 408 479 274 248 158
Conjunto 138: 479 274 248 158
Conjunto 139: 274 248 158
Conjunto 140: 248 158
Conjunto 141: 158 241
Conjunto 142: 241 131
Conjunto 143: 468 124
Conjunto 144: 451 406
Conjunto 145: 406 133 289
Conjunto 146: 133 289 157
Conjunto 147: 289 157
Conjunto 148: 157 167 91
Conjunto 149: 167 91 417 249
Conjunto 150: 91 417 249
Conjunto 151: 417 249
Conjunto 152: 399 353 344 235
Conjunto 153: 353 344 235
Conjunto 154: 344 235 170 391 286 222
Conjunto 155: 235 170 391 286 222
Conjunto 156: 170 391 286 222
Conjunto 157: 391 286 222 421
Conjunto 158: 286 222 421
Conjunto 159: 222 421 480
Conjunto 160: 421 480 40 59
Conjunto 161: 480 40 59
Conjunto 162: 40 59
Conjunto 163: 215 250 380
Conjunto 164: 250 380
Conjunto 165: 298 21
Conjunto 166: 21 338 360
Conjunto 167: 338 360
Conjunto 168: 360 339
Conjunto 169: 339 469
Conjunto 170: 63 98 343 282
Conjunto 171: 98 343 282
Conjunto 172: 343 282 113 325 449 111 462
Conjunto 173: 282 113 325 449 111 462
Conjunto 174: 113 325 449 111 462 420
Conjunto 175: 325 449 111 462 420
Conjunto 176: 449 111 462 420
Conjunto 177: 111 462 420
Conjunto 178: 462 420
Conjunto 179: 420 149
Conjunto 180: 149 373
Conjunto 181: 373 217
Conjunto 182: 419 232 4
Conjunto 183: 232 4 302
Conjunto 184: 4 302
Conjunto 185: 302 203
Conjunto 186: 203 41 188 179 233
Conjunto 187: 41 188 179 233 443
Conjunto 188: 188 179 233 443
Conjunto 189: 179 233 443 376
Conjunto 190: 233 443 376
Conjunto 191: 443 376 485
Conjunto 192: 376 485 73
Conjunto 193: 485 73
Conjunto 194: 101 352 200 414
Conjunto 195: 352 200 414 273 487
Conjunto 196: 200 414 273 487
Conjunto 197: 414 273 487
Conjunto 198: 273 487
Conjunto 199: 440 465
Conjunto 200: 221 255 392
Conjunto 201: 255 392 9 296
Conjunto 202: 392 9 296
Conjunto 203: 9 296 76 94 151
Conjunto 204: 296 76 94 151 33
Conjunto 205: 76 94 151 33 216 316
Conjunto 206: 94 151 33 216 316
Conjunto 207: 151 33 216 316
Conjunto 208: 33 216 316
Conjunto 209: 216 316
Conjunto 210: 299 263 285
Conjunto 211: 263 285 177
Conjunto 212: 285 177
Conjunto 213: 177 281
Conjunto 214: 281 153
Conjunto 215: 153 317 428 476
Conjunto 216: 317 428 476
Conjunto 217: 428 476
Conjunto 218: 476 359 90
Conjunto 219: 359 90 141 335 303
Conjunto 220: 90 141 335 303
Conjunto 221: 141 335 303
Conjunto 222: 335 303
Conjunto 223: 448 150 384 459
Conjunto 224: 150 384 459 297
Conjunto 225: 384 459 297 85
Conjunto 226: 459 297 85
Conjunto 227: 297 85
Conjunto 228: 85 192
Conjunto 229: 192 220
Conjunto 230: 220 256 155 253 367 257 205
Conjunto 231: 256 155 253 367 257 205
Conjunto 232: 155 253 367 257 205 52
Conjunto 233: 253 367 257 205 52
Conjunto 234: 367 257 205 52
Conjunto 235: 257 205 52
Conjunto 236: 205 52
Conjunto 237: 80 258 267 354
Conjunto 238: 258 267 354
Conjunto 239: 267 354
Conjunto 240: 264 174 28 89 152
Conjunto 241: 174 28 89 152 108
Conjunto 242: 28 89 152 108
Conjunto 243: 89 152 108 277 368
Conjunto 244: 152 108 277 368
Conjunto 245: 108 277 368
Conjunto 246: 277 368 247
Conjunto 247: 368 247 463 146
Conjunto 248: 247 463 146
Conjunto 249: 463 146 409 410
Conjunto 250: 146 409 410
Conjunto 251: 409 410 445 309 472
Conjunto 252: 410 445 309 472
Conjunto 253: 445 309 472 19 363 24
Conjunto 254: 309 472 19 363 24
Conjunto 255: 472 19 363 24
Conjunto 256: 19 363 24
Conjunto 257: 363 24 416
Conjunto 258: 24 416
Conjunto 259: 120 84 154 393 467 306
Conjunto 260: 84 154 393 467 306
Conjunto 261: 154 393 467 306 262 290
Conjunto 262: 393 467 306 262 290
Conjunto 263: 467 306 262 290
Conjunto 264: 306 262 290
Conjunto 265: 262 290 423
Conjunto 266: 290 423 372
Conjunto 267: 423 372 27 261
Conjunto 268: 372 27 261
Conjunto 269: 27 261 226 442 405
Conjunto 270: 261 226 442 405
Conjunto 271: 226 442 405
Conjunto 272: 442 405 388
Conjunto 273: 405 388
Conjunto 274: 436 390 106 295
Conjunto 275: 390 106 295
Conjunto 276: 106 295
Conjunto 277: 482 427
Conjunto 278: 364 291 88 107
Conjunto 279: 291 88 107 252 60
Conjunto 280: 88 107 252 60
Conjunto 281: 107 252 60 194 22
Conjunto 282: 252 60 194 22 30
Conjunto 283: 60 194 22 30
Conjunto 284: 194 22 30
Conjunto 285: 22 30
Conjunto 286: 35 134 116
Conjunto 287: 134 116 422
Conjunto 288: 116 422
Conjunto 289: 422 305 450
Conjunto 290: 305 450
Conjunto 291: 450 313 424
Conjunto 292: 313 424 56 269 37
Conjunto 293: 424 56 269 37
Conjunto 294: 56 269 37 166
Conjunto 295: 269 37 166
Conjunto 296: 37 166
Conjunto 297: 166 164 268
Conjunto 298: 164 268 319
Conjunto 299: 268 319
Conjunto 300: 333 371
Conjunto 301: 371 202 345 385
Conjunto 302: 202 345 385
Conjunto 303: 345 385
Conjunto 304: 45 426
Conjunto 305: 426 195
Conjunto 306: 195 474 460 395
Conjunto 307: 474 460 395 119 348
Conjunto 308: 460 395 119 348
Conjunto 309: 395 119 348
Conjunto 310: 119 348
Conjunto 311: 348 300
Conjunto 312: 386 347 132 102 103 470
Conjunto 313: 347 132 102 103 470 389 8 320
Conjunto 314: 132 102 103 470 389 8 320
Conjunto 315: 102 103 470 389 8 320
Conjunto 316: 103 470 389 8 320
Conjunto 317: 470 389 8 320 236
Conjunto 318: 389 8 320 236 429
Conjunto 319: 8 320 236 429
Conjunto 320: 320 236 429
Conjunto 321: 236 429
Conjunto 322: 382 17
Conjunto 323: 17 433 50 1
Conjunto 324: 433 50 1 20
Conjunto 325: 50 1 20 39 162
Conjunto 326: 1 20 39 162
Conjunto 327: 20 39 162 130 361 362
Conjunto 328: 39 162 130 361 362
Conjunto 329: 162 130 361 362
Conjunto 330: 130 361 362 57 23
Conjunto 331: 361 362 57 23 42
Conjunto 332: 362 57 23 42
Conjunto 333: 57 23 42 411 243
Conjunto 334: 23 42 411 243
Conjunto 335: 42 411 243 122
Conjunto 336: 411 243 122
Conjunto 337: 243 122
Conjunto 338: 53 251 186
Conjunto 339: 251 186
Conjunto 340: 346 78 206
Conjunto 341: 78 206 36
Conjunto 342: 206 36
Conjunto 343: 2 48 403
Conjunto 344: 48 403 3
Conjunto 345: 403 3 54 270 276
Conjunto 346: 3 54 270 276
Conjunto 347: 54 270 276 43
Conjunto 348: 270 276 43
Conjunto 349: 276 43
Conjunto 350: 6 431
Conjunto 351: 336 16
Conjunto 352: 16 128 212
Conjunto 353: 128 212 115
Conjunto 354: 212 115
Conjunto 355: 104 230 61
Conjunto 356: 230 61
Conjunto 357: 430 199
Conjunto 358: 350 190
