================================================================================= 
=== UFF - Doutorado em Computação - Aplicaçoes em Sistemas de Potencia        === 
=== ESTIMADOR DE ESTADO MÍNIMOS QUADRADOS PONDERADOS INCLUINDO MEDIDAS DE PMU === 
=== Desenvolvido por: Rui Menezes de Moraes - 2009                            === 
================================================================================= 
Arquivo de medidores:          F:\Documents\Uff\Artigos\SimSEP\VERSAO WELDAN V2\Codigos\Med\ieee57_22_2200.med
Arquivo do sistema:            F:\Documents\Uff\Artigos\SimSEP\VERSAO WELDAN V2\Codigos\Carga\ieee57_22_2200.txt
Tolerância entre iteraçoes:     1.00e-04
Limite de iteraçoes:           100

--- DADOS DA REDE --------------------------------------------------------------- 
Data do caso:                  08/25/93
Origem:                        UW ARCHIVE          
MVA base:                      100
Ano:                           1961
Estação:                       W
Identificação:                 IEEE 57 Bus Test Case
Número de barras:              57 
Número de ramos:               80 
Referência na barra:           1

--- TELEMEDIDAS ------------------------------------------------------------------
    Tipo 1 = Fluxo de potencia ativa        Tipo  6 = Módulo da tensão            
    Tipo 2 = Injeção de potencia ativa      Tipo  7 = Corrente de ramo (real)     
    Tipo 3 = Ângulo de fase da tensão       Tipo  8 = Corrente de ramo (imag)     
    Tipo 4 = Fluxo de potencia reativa      Tipo  9 = Injeção de corrente (real)  
    Tipo 5 = Injeção de potencia reativa    Tipo 10 = Injeção de corrente (imag)  
----------------------------------------------------------------------------------
   N    D    P TP  PN ST   Exa   FS       DP      V_Ref      V_Med          E(%) 
----------------------------------------------------------------------------------
   1    0    1  6   0  0 0.015 01.1  0.00520   +1.04000   +1.03219     -0.750962 
   2    0    2  6   0  0 0.015 01.1  0.00512   +1.02360   +1.00958     -1.369676 
   3    0    3  6   0  0 0.015 01.1  0.00513   +1.02536   +1.02633     +0.094601 
   4    0    4  6   0  0 0.015 01.1  0.00510   +1.02048   +1.01057     -0.971112 
   5    0    5  6   0  0 0.015 01.1  0.00506   +1.01164   +1.01231     +0.066229 
   6    0    6  6   0  0 0.015 01.1  0.00505   +1.00951   +1.02076     +1.114402 
   7    0    7  6   0  0 0.015 01.1  0.00503   +1.00570   +1.00913     +0.341056 
   8    0    8  6   0  0 0.015 01.1  0.00502   +1.00500   +0.99811     -0.685572 
   9    0    9  6   0  0 0.015 01.1  0.00497   +0.99403   +1.00460     +1.063348 
  10    0   10  6   0  0 0.015 01.1  0.00502   +1.00329   +0.99298     -1.027619 
  11    0   11  6   0  0 0.015 01.1  0.00498   +0.99708   +0.98988     -0.722109 
  12    0   12  6   0  0 0.015 01.1  0.00507   +1.01500   +1.02019     +0.511330 
  13    0   13  6   0  0 0.015 01.1  0.00501   +1.00154   +0.99330     -0.822733 
  14    0   14  6   0  0 0.015 01.1  0.00500   +1.00034   +1.01013     +0.978667 
  15    0   15  6   0  0 0.015 01.1  0.00507   +1.01391   +1.00856     -0.527660 
  16    0   16  6   0  0 0.015 01.1  0.00510   +1.01972   +1.01937     -0.034323 
  17    0   17  6   0  0 0.015 01.1  0.00513   +1.02648   +1.03460     +0.791053 
  18    0   18  6   0  0 0.015 01.1  0.00530   +1.05930   +1.06685     +0.712735 
  19    0   19  6   0  0 0.015 01.1  0.00519   +1.03704   +1.04127     +0.407892 
  20    0   20  6   0  0 0.015 01.1  0.00514   +1.02870   +1.02095     -0.753378 
  21    0   21  6   0  0 0.015 01.1  0.00536   +1.07094   +1.07847     +0.703121 
  22    0   22  6   0  0 0.015 01.1  0.00535   +1.07014   +1.06499     -0.481245 
  23    0   23  6   0  0 0.015 01.1  0.00535   +1.06988   +1.06355     -0.591655 
  24    0   24  6   0  0 0.015 01.1  0.00536   +1.07163   +1.05964     -1.118856 
  25    0   25  6   0  0 0.015 01.1  0.00545   +1.08899   +1.07299     -1.469251 
  26    0   26  6   0  0 0.015 01.1  0.00512   +1.02350   +1.03654     +1.274060 
  27    0   27  6   0  0 0.015 01.1  0.00516   +1.03142   +1.04411     +1.230343 
  28    0   28  6   0  0 0.015 01.1  0.00519   +1.03799   +1.03432     -0.353568 
  29    0   29  6   0  0 0.015 01.1  0.00522   +1.04461   +1.05092     +0.604053 
  30    0   30  6   0  0 0.015 01.1  0.00540   +1.07913   +1.08471     +0.517083 
  31    0   31  6   0  0 0.015 01.1  0.00532   +1.06402   +1.05214     -1.116520 
  32    0   32  6   0  0 0.015 01.1  0.00532   +1.06291   +1.05337     -0.897536 
  33    0   33  6   0  0 0.015 01.1  0.00531   +1.06198   +1.07481     +1.208121 
  34    0   34  6   0  0 0.015 01.1  0.00524   +1.04770   +1.06001     +1.174955 
  35    0   35  6   0  0 0.015 01.1  0.00525   +1.04965   +1.04580     -0.366789 
  36    0   36  6   0  0 0.015 01.1  0.00526   +1.05288   +1.04499     -0.749373 
  37    0   37  6   0  0 0.015 01.1  0.00528   +1.05694   +1.06020     +0.308438 
  38    0   38  6   0  0 0.015 01.1  0.00535   +1.07045   +1.07448     +0.376477 
  39    0   39  6   0  0 0.015 01.1  0.00528   +1.05573   +1.04052     -1.440709 
  40    0   40  6   0  0 0.015 01.1  0.00525   +1.05050   +1.06058     +0.959543 
  41    0   41  6   0  0 0.015 01.1  0.00523   +1.04623   +1.04680     +0.054481 
  42    0   42  6   0  0 0.015 01.1  0.00519   +1.03818   +1.05093     +1.228111 
  43    0   43  6   0  0 0.015 01.1  0.00521   +1.04162   +1.02970     -1.144371 
  44    0   44  6   0  0 0.015 01.1  0.00534   +1.06751   +1.08180     +1.338629 
  45    0   45  6   0  0 0.015 01.1  0.00532   +1.06500   +1.07865     +1.281690 
  46    0   46  6   0  0 0.015 01.1  0.00549   +1.09854   +1.08519     -1.215249 
  47    0   47  6   0  0 0.015 01.1  0.00541   +1.08298   +1.08023     -0.253929 
  48    0   48  6   0  0 0.015 01.1  0.00540   +1.07946   +1.07372     -0.531747 
  49    0   49  6   0  0 0.015 01.1  0.00542   +1.08426   +1.09552     +1.038496 
  50    0   50  6   0  0 0.015 01.1  0.00537   +1.07408   +1.08852     +1.344406 
  51    0   51  6   0  0 0.015 01.1  0.00540   +1.07919   +1.08661     +0.687553 
  52    0   52  6   0  0 0.015 01.1  0.00518   +1.03551   +1.04122     +0.551419 
  53    0   53  6   0  0 0.015 01.1  0.00517   +1.03357   +1.03795     +0.423774 
  54    0   54  6   0  0 0.015 01.1  0.00520   +1.04041   +1.03466     -0.552667 
  55    0   55  6   0  0 0.015 01.1  0.00526   +1.05155   +1.05888     +0.697066 
  56    0   56  6   0  0 0.015 01.1  0.00522   +1.04367   +1.03295     -1.027145 
  57    0   57  6   0  0 0.015 01.1  0.00522   +1.04450   +1.05265     +0.780278 
  58    0    1  2   0  0 0.020 01.0  0.01908   -2.60170   -2.64842     +1.795749 
  59    0    2  2   0  0 0.020 01.0  0.00183   -0.01398   -0.00886    -36.623748 
  60    0    3  2   0  0 0.020 01.0  0.01314   +1.71096   +1.71955     +0.502057 
  61    0    4  2   0  0 0.020 01.0  0.00173   +0.00000   +0.00411     +0.000000 
  62    0    5  2   0  0 0.020 01.0  0.00213   -0.06000   -0.06391     +6.516667 
  63    0    6  2   0  0 0.020 01.0  0.00403   -0.34500   -0.33318     -3.426087 
  64    0    7  2   0  0 0.020 01.0  0.00173   +0.00000   -0.00269     +0.000000 
  65    0    8  2   0  0 0.020 01.0  0.02713   +3.81000   +3.76498     -1.181627 
  66    0    9  2   0  0 0.020 01.0  0.00754   -0.87100   -0.87543     +0.508611 
  67    0   10  2   0  0 0.020 01.0  0.00207   -0.05000   -0.04652     -6.960000 
  68    0   11  2   0  0 0.020 01.0  0.00173   -0.00000   +0.00353     +0.000000 
  69    0   12  2   0  0 0.020 01.0  0.00557   +0.57600   +0.57297     -0.526042 
  70    0   13  2   0  0 0.020 01.0  0.00229   -0.08300   -0.08434     +1.614458 
  71    0   14  2   0  0 0.020 01.0  0.00205   -0.04800   -0.04465     -6.979167 
  72    0   15  2   0  0 0.020 01.0  0.00241   -0.10098   -0.10460     +3.584868 
  73    0   16  2   0  0 0.020 01.0  0.00305   -0.19800   -0.19130     -3.383838 
  74    0   17  2   0  0 0.020 01.0  0.00302   -0.19300   -0.18970     -1.709845 
  75    0   18  2   0  0 0.020 01.0  0.00257   -0.12500   -0.11765     -5.880000 
  76    0   19  2   0  0 0.020 01.0  0.00183   -0.01500   -0.01846    +23.066667 
  77    0   20  2   0  0 0.020 01.0  0.00181   -0.01100   -0.01408    +28.000000 
  78    0   21  2   0  0 0.020 01.0  0.00173   -0.00000   -0.00195     +0.000000 
  79    0   22  2   0  0 0.020 01.0  0.00173   +0.00000   +0.00262     +0.000000 
  80    0   23  2   0  0 0.020 01.0  0.00193   -0.02900   -0.03053     +5.275862 
  81    0   24  2   0  0 0.020 01.0  0.00173   +0.00000   +0.00109     +0.000000 
  82    0   25  2   0  0 0.020 01.0  0.00193   -0.02900   -0.03035     +4.655172 
  83    0   26  2   0  0 0.020 01.0  0.00173   -0.00000   +0.00052     +0.000000 
  84    0   27  2   0  0 0.020 01.0  0.00202   -0.04300   -0.04439     +3.232558 
  85    0   28  2   0  0 0.020 01.0  0.00187   -0.02100   -0.01914     -8.857143 
  86    0   29  2   0  0 0.020 01.0  0.00225   -0.07800   -0.08456     +8.410256 
  87    0   30  2   0  0 0.020 01.0  0.00185   -0.01700   -0.01353    -20.411765 
  88    0   31  2   0  0 0.020 01.0  0.00191   -0.02700   -0.02872     +6.370370 
  89    0   32  2   0  0 0.020 01.0  0.00178   -0.00700   -0.00470    -32.857143 
  90    0   33  2   0  0 0.020 01.0  0.00185   -0.01700   -0.01192    -29.882353 
  91    0   34  2   0  0 0.020 01.0  0.00173   -0.00000   +0.00008     +0.000000 
  92    0   35  2   0  0 0.020 01.0  0.00192   -0.02800   -0.02609     -6.821429 
  93    0   36  2   0  0 0.020 01.0  0.00173   +0.00000   -0.00073     +0.000000 
  94    0   37  2   0  0 0.020 01.0  0.00173   +0.00000   +0.00363     +0.000000 
  95    0   38  2   0  0 0.020 01.0  0.00216   -0.06400   -0.06200     -3.125000 
  96    0   39  2   0  0 0.020 01.0  0.00173   +0.00000   +0.00004     +0.000000 
  97    0   40  2   0  0 0.020 01.0  0.00173   +0.00000   -0.00137     +0.000000 
  98    0   41  2   0  0 0.020 01.0  0.00193   -0.02900   -0.02686     -7.379310 
  99    0   42  2   0  0 0.020 01.0  0.00195   -0.03300   -0.03770    +14.242424 
 100    0   43  2   0  0 0.020 01.0  0.00179   -0.00900   -0.01387    +54.111111 
 101    0   44  2   0  0 0.020 01.0  0.00210   -0.05500   -0.05035     -8.454545 
 102    0   45  2   0  0 0.020 01.0  0.00173   -0.00000   +0.00158     +0.000000 
 103    0   46  2   0  0 0.020 01.0  0.00173   +0.00000   +0.00115     +0.000000 
 104    0   47  2   0  0 0.020 01.0  0.00265   -0.13700   -0.13824     +0.905109 
 105    0   48  2   0  0 0.020 01.0  0.00173   +0.00000   +0.00004     +0.000000 
 106    0   49  2   0  0 0.020 01.0  0.00229   -0.08300   -0.08761     +5.554217 
 107    0   50  2   0  0 0.020 01.0  0.00238   -0.09700   -0.10281     +5.989691 
 108    0   51  2   0  0 0.020 01.0  0.00229   -0.08300   -0.08046     -3.060241 
 109    0   52  2   0  0 0.020 01.0  0.00189   -0.02300   -0.02704    +17.565217 
 110    0   53  2   0  0 0.020 01.0  0.00235   -0.09200   -0.09160     -0.434783 
 111    0   54  2   0  0 0.020 01.0  0.00186   -0.01900   -0.02454    +29.157895 
 112    0   55  2   0  0 0.020 01.0  0.00194   -0.03100   -0.03187     +2.806452 
 113    0   56  2   0  0 0.020 01.0  0.00197   -0.03500   -0.03825     +9.285714 
 114    0   57  2   0  0 0.020 01.0  0.00194   -0.03100   -0.02914     -6.000000 
 115    0    1  5   0  0 0.020 01.0  0.01303   +1.69440   +1.69464     +0.014164 
 116    0    2  5   0  0 0.020 01.0  0.00557   -0.57500   -0.57166     -0.580870 
 117    0    3  5   0  0 0.020 01.0  0.00305   -0.19693   -0.20241     +2.782715 
 118    0    4  5   0  0 0.020 01.0  0.00173   +0.00000   -0.00377     +0.000000 
 119    0    5  5   0  0 0.020 01.0  0.00185   -0.01800   -0.02330    +29.444444 
 120    0    6  5   0  0 0.020 01.0  0.00233   -0.08899   -0.08286     -6.888414 
 121    0    7  5   0  0 0.020 01.0  0.00173   -0.00000   +0.00203     +0.000000 
 122    0    8  5   0  0 0.020 01.0  0.00453   -0.41909   -0.41762     -0.350760 
 123    0    9  5   0  0 0.020 01.0  0.00318   -0.21700   -0.22090     +1.797235 
 124    0   10  5   0  0 0.020 01.0  0.00187   -0.02000   -0.02512    +25.600000 
 125    0   11  5   0  0 0.020 01.0  0.00173   -0.00000   +0.00368     +0.000000 
 126    0   12  5   0  0 0.020 01.0  0.00220   +0.07033   +0.07161     +1.819991 
 127    0   13  5   0  0 0.020 01.0  0.00181   -0.01100   -0.01622    +47.454545 
 128    0   14  5   0  0 0.020 01.0  0.00189   -0.02400   -0.01908    -20.500000 
 129    0   15  5   0  0 0.020 01.0  0.00189   -0.02300   -0.02855    +24.130435 
 130    0   16  5   0  0 0.020 01.0  0.00183   -0.01400   -0.01246    -11.000000 
 131    0   17  5   0  0 0.020 01.0  0.00198   -0.03700   -0.03357     -9.270270 
 132    0   18  5   0  0 0.020 01.0  0.00203   -0.04500   -0.04468     -0.711111 
 133    0   19  5   0  0 0.020 01.0  0.00175   -0.00300   -0.00520    +73.333333 
 134    0   20  5   0  0 0.020 01.0  0.00177   -0.00500   -0.00364    -27.200000 
 135    0   21  5   0  0 0.020 01.0  0.00173   +0.00000   -0.00078     +0.000000 
 136    0   22  5   0  0 0.020 01.0  0.00173   -0.00000   +0.00048     +0.000000 
 137    0   23  5   0  0 0.020 01.0  0.00180   -0.01000   -0.01334    +33.400000 
 138    0   24  5   0  0 0.020 01.0  0.00173   +0.00000   +0.00254     +0.000000 
 139    0   25  5   0  0 0.020 01.0  0.00183   -0.01500   -0.01816    +21.066667 
 140    0   26  5   0  0 0.020 01.0  0.00173   -0.00000   -0.00416     +0.000000 
 141    0   27  5   0  0 0.020 01.0  0.00175   -0.00200   +0.00215   -207.500000 
 142    0   28  5   0  0 0.020 01.0  0.00181   -0.01100   -0.00751    -31.727273 
 143    0   29  5   0  0 0.020 01.0  0.00181   -0.01200   -0.00784    -34.666667 
 144    0   30  5   0  0 0.020 01.0  0.00179   -0.00800   -0.01242    +55.250000 
 145    0   31  5   0  0 0.020 01.0  0.00182   -0.01300   -0.01081    -16.846154 
 146    0   32  5   0  0 0.020 01.0  0.00176   -0.00400   -0.00748    +87.000000 
 147    0   33  5   0  0 0.020 01.0  0.00179   -0.00900   -0.00542    -39.777778 
 148    0   34  5   0  0 0.020 01.0  0.00173   -0.00000   +0.00237     +0.000000 
 149    0   35  5   0  0 0.020 01.0  0.00183   -0.01400   -0.01098    -21.571429 
 150    0   36  5   0  0 0.020 01.0  0.00173   -0.00000   +0.00274     +0.000000 
 151    0   37  5   0  0 0.020 01.0  0.00173   +0.00000   -0.00461     +0.000000 
 152    0   38  5   0  0 0.020 01.0  0.00195   -0.03200   -0.03072     -4.000000 
 153    0   39  5   0  0 0.020 01.0  0.00173   -0.00000   +0.00414     +0.000000 
 154    0   40  5   0  0 0.020 01.0  0.00173   -0.00000   +0.00017     +0.000000 
 155    0   41  5   0  0 0.020 01.0  0.00183   -0.01400   -0.01393     -0.500000 
 156    0   42  5   0  0 0.020 01.0  0.00187   -0.02000   -0.02274    +13.700000 
 157    0   43  5   0  0 0.020 01.0  0.00177   -0.00500   -0.00000   -100.000000 
 158    0   44  5   0  0 0.020 01.0  0.00179   -0.00800   -0.00713    -10.875000 
 159    0   45  5   0  0 0.020 01.0  0.00173   +0.00000   +0.00487     +0.000000 
 160    0   46  5   0  0 0.020 01.0  0.00173   +0.00000   -0.00477     +0.000000 
 161    0   47  5   0  0 0.020 01.0  0.00209   -0.05300   -0.05690     +7.358491 
 162    0   48  5   0  0 0.020 01.0  0.00173   -0.00000   +0.00021     +0.000000 
 163    0   49  5   0  0 0.020 01.0  0.00199   -0.03900   -0.03732     -4.307692 
 164    0   50  5   0  0 0.020 01.0  0.00205   -0.04800   -0.04996     +4.083333 
 165    0   51  5   0  0 0.020 01.0  0.00189   -0.02400   -0.02232     -7.000000 
 166    0   52  5   0  0 0.020 01.0  0.00180   -0.01000   -0.01156    +15.600000 
 167    0   53  5   0  0 0.020 01.0  0.00204   -0.04600   -0.04171     -9.326087 
 168    0   54  5   0  0 0.020 01.0  0.00177   -0.00600   -0.00554     -7.666667 
 169    0   55  5   0  0 0.020 01.0  0.00184   -0.01600   -0.01409    -11.937500 
 170    0   56  5   0  0 0.020 01.0  0.00180   -0.01000   -0.01263    +26.300000 
 171    0   57  5   0  0 0.020 01.0  0.00179   -0.00900   -0.01307    +45.222222 
 172    1    2  1   0  0 0.020 01.0  0.00902   -1.09291   -1.11777     +2.274661 
 173    2    3  1   0  0 0.020 01.0  0.00922   -1.12310   -1.10164     -1.910783 
 174    3    4  1   0  0 0.020 01.0  0.00407   -0.35068   -0.34449     -1.765142 
 175    4    5  1   0  0 0.020 01.0  0.00298   -0.18761   -0.18220     -2.883642 
 176    4    6  1   0  0 0.020 01.0  0.00390   -0.32438   -0.32575     +0.422344 
 177    6    7  1   0  0 0.020 01.0  0.00423   -0.37435   -0.38512     +2.876987 
 178    6    8  1   0  0 0.020 01.0  0.00543   -0.55458   -0.56585     +2.032168 
 179    8    9  1   0  0 0.020 01.0  0.01785   +2.41775   +2.39068     -1.119636 
 180    9   10  1   0  0 0.020 01.0  0.00397   +0.33528   +0.32526     -2.988547 
 181    9   11  1   0  0 0.020 01.0  0.00479   +0.45904   +0.46920     +2.213315 
 182    9   12  1   0  0 0.020 01.0  0.00333   +0.23922   +0.23238     -2.859293 
 183    9   13  1   0  0 0.020 01.0  0.00442   +0.40362   +0.40672     +0.768049 
 184   13   14  1   0  0 0.020 01.0  0.00358   +0.27711   +0.27772     +0.220129 
 185   13   15  1   0  0 0.020 01.0  0.00292   +0.17799   +0.17258     -3.039497 
 186    1   15  1   0  0 0.020 01.0  0.00825   -0.97706   -0.96421     -1.315170 
 187    1   16  1   0  0 0.020 01.0  0.00372   -0.29842   -0.29585     -0.861202 
 188    1   17  1   0  0 0.020 01.0  0.00329   -0.23332   -0.24018     +2.940168 
 189    3   15  1   0  0 0.020 01.0  0.00771   +0.89719   +0.89509     -0.234064 
 190    4   18  1   0  0 0.020 01.0  0.00220   +0.06989   +0.07229     +3.433968 
 191    4   18  1   0  0 0.020 01.0  0.00233   +0.08947   +0.08641     -3.420141 
 192    5    6  1   0  0 0.020 01.0  0.00341   -0.25129   -0.24873     -1.018743 
 193    7    8  1   0  0 0.020 01.0  0.00718   -0.81685   -0.79782     -2.329681 
 194   10   12  1   0  0 0.020 01.0  0.00245   +0.10736   +0.10835     +0.922131 
 195   11   13  1   0  0 0.020 01.0  0.00396   +0.33394   +0.33853     +1.374498 
 196   12   13  1   0  0 0.020 01.0  0.00190   -0.02551   -0.02005    -21.403371 
 197   12   16  1   0  0 0.020 01.0  0.00511   +0.50643   +0.51866     +2.414944 
 198   12   17  1   0  0 0.020 01.0  0.00464   +0.43640   +0.44054     +0.948671 
 199   14   15  1   0  0 0.020 01.0  0.00213   +0.05920   +0.06536    +10.405405 
 200   18   19  1   0  0 0.020 01.0  0.00196   +0.03436   +0.03040    -11.525029 
 201   19   20  1   0  0 0.020 01.0  0.00186   +0.01882   +0.01893     +0.584485 
 202   21   20  1   0  0 0.020 01.0  0.00178   -0.00771   -0.00634    -17.769131 
 203   21   22  1   0  0 0.020 01.0  0.00178   +0.00771   +0.01092    +41.634241 
 204   22   23  1   0  0 0.020 01.0  0.00216   -0.06394   -0.06500     +1.657804 
 205   23   24  1   0  0 0.020 01.0  0.00235   -0.09301   -0.09929     +6.751962 
 206   24   25  1   0  0 0.020 01.0  0.00199   +0.03855   +0.03878     +0.596628 
 207   24   25  1   0  0 0.020 01.0  0.00198   +0.03705   +0.03271    -11.713900 
 208   24   26  1   0  0 0.020 01.0  0.00287   -0.17030   -0.17259     +1.344686 
 209   26   27  1   0  0 0.020 01.0  0.00287   -0.17030   -0.16692     -1.984733 
 210   27   28  1   0  0 0.020 01.0  0.00319   -0.21900   -0.22610     +3.242009 
 211   28   29  1   0  0 0.020 01.0  0.00335   -0.24311   -0.23735     -2.369298 
 212    7   29  1   0  0 0.020 01.0  0.00466   +0.43948   +0.42690     -2.862474 
 213   25   30  1   0  0 0.020 01.0  0.00204   +0.04661   +0.05048     +8.302939 
 214   30   31  1   0  0 0.020 01.0  0.00193   +0.02930   +0.03355    +14.505119 
 215   31   32  1   0  0 0.020 01.0  0.00175   +0.00201   -0.00117   -158.208955 
 216   32   33  1   0  0 0.020 01.0  0.00185   +0.01701   +0.01820     +6.995885 
 217   34   32  1   0  0 0.020 01.0  0.00188   +0.02201   +0.02761    +25.442980 
 218   34   35  1   0  0 0.020 01.0  0.00188   -0.02201   -0.02717    +23.443889 
 219   35   36  1   0  0 0.020 01.0  0.00207   -0.05003   -0.05451     +8.954627 
 220   36   37  1   0  0 0.020 01.0  0.00212   -0.05793   -0.06146     +6.093561 
 221   37   38  1   0  0 0.020 01.0  0.00220   -0.07013   -0.06903     -1.568516 
 222   37   39  1   0  0 0.020 01.0  0.00181   +0.01197   +0.01384    +15.622389 
 223   36   40  1   0  0 0.020 01.0  0.00178   +0.00778   +0.01017    +30.719794 
 224   22   38  1   0  0 0.020 01.0  0.00221   +0.07164   +0.07170     +0.083752 
 225   11   41  1   0  0 0.020 01.0  0.00206   +0.04840   +0.05019     +3.698347 
 226   41   42  1   0  0 0.020 01.0  0.00207   +0.05042   +0.04467    -11.404205 
 227   41   43  1   0  0 0.020 01.0  0.00214   -0.06149   -0.06542     +6.391283 
 228   38   44  1   0  0 0.020 01.0  0.00197   +0.03488   +0.03782     +8.428899 
 229   15   45  1   0  0 0.020 01.0  0.00187   +0.02027   +0.01811    -10.656142 
 230   14   46  1   0  0 0.020 01.0  0.00286   +0.16886   +0.17314     +2.534644 
 231   46   47  1   0  0 0.020 01.0  0.00286   +0.16886   +0.17490     +3.576928 
 232   47   48  1   0  0 0.020 01.0  0.00194   +0.03060   +0.02594    -15.228758 
 233   48   49  1   0  0 0.020 01.0  0.00194   -0.03047   -0.02934     -3.708566 
 234   49   50  1   0  0 0.020 01.0  0.00179   +0.00833   +0.01070    +28.451381 
 235   50   51  1   0  0 0.020 01.0  0.00233   -0.08912   -0.08816     -1.077199 
 236   10   51  1   0  0 0.020 01.0  0.00289   +0.17320   +0.16861     -2.650115 
 237   13   49  1   0  0 0.020 01.0  0.00281   +0.16078   +0.16769     +4.297798 
 238   29   52  1   0  0 0.020 01.0  0.00251   +0.11595   +0.12272     +5.838724 
 239   52   53  1   0  0 0.020 01.0  0.00234   +0.09099   +0.09122     +0.252775 
 240   53   54  1   0  0 0.020 01.0  0.00175   -0.00177   +0.00040   -122.598870 
 241   54   55  1   0  0 0.020 01.0  0.00187   -0.02092   -0.01756    -16.061185 
 242   11   43  1   0  0 0.020 01.0  0.00220   +0.07049   +0.06652     -5.632005 
 243   44   45  1   0  0 0.020 01.0  0.00187   -0.02019   -0.02459    +21.792967 
 244   40   56  1   0  0 0.020 01.0  0.00178   +0.00771   +0.00898    +16.472114 
 245   56   41  1   0  0 0.020 01.0  0.00193   -0.02968   -0.03522    +18.665768 
 246   56   42  1   0  0 0.020 01.0  0.00185   -0.01675   -0.02187    +30.567164 
 247   39   57  1   0  0 0.020 01.0  0.00181   +0.01196   +0.00777    -35.033445 
 248   57   56  1   0  0 0.020 01.0  0.00186   -0.01904   -0.01549    -18.644958 
 249   38   49  1   0  0 0.020 01.0  0.00199   -0.03838   -0.03985     +3.830120 
 250   38   48  1   0  0 0.020 01.0  0.00213   -0.05995   -0.06342     +5.788157 
 251    9   55  1   0  0 0.020 01.0  0.00208   +0.05219   +0.05054     -3.161525 
 252    1    2  4   0  0 0.020 01.0  0.00766   +0.88824   +0.87329     -1.683104 
 253    2    3  4   0  0 0.020 01.0  0.00437   +0.39590   +0.40311     +1.821167 
 254    3    4  4   0  0 0.020 01.0  0.00325   +0.22728   +0.22397     -1.456353 
 255    4    5  4   0  0 0.020 01.0  0.00272   +0.14815   +0.14515     -2.024975 
 256    4    6  4   0  0 0.020 01.0  0.00281   +0.16195   +0.16574     +2.340228 
 257    6    7  4   0  0 0.020 01.0  0.00243   +0.10499   +0.10623     +1.181065 
 258    6    8  4   0  0 0.020 01.0  0.00267   +0.14048   +0.14493     +3.167711 
 259    8    9  4   0  0 0.020 01.0  0.00262   -0.13243   -0.13463     +1.661255 
 260    9   10  4   0  0 0.020 01.0  0.00266   -0.13929   -0.14433     +3.618350 
 261    9   11  4   0  0 0.020 01.0  0.00290   -0.17512   -0.17384     -0.730927 
 262    9   12  4   0  0 0.020 01.0  0.00274   -0.15115   -0.15143     +0.185246 
 263    9   13  4   0  0 0.020 01.0  0.00289   -0.17405   -0.17541     +0.781385 
 264   13   14  4   0  0 0.020 01.0  0.00214   -0.06043   -0.06277     +3.872249 
 265   13   15  4   0  0 0.020 01.0  0.00311   -0.20686   -0.19804     -4.263753 
 266    1   15  4   0  0 0.020 01.0  0.00498   +0.48650   +0.47928     -1.484070 
 267    1   16  4   0  0 0.020 01.0  0.00273   +0.14972   +0.15082     +0.734705 
 268    1   17  4   0  0 0.020 01.0  0.00287   +0.16994   +0.16739     -1.500530 
 269    3   15  4   0  0 0.020 01.0  0.00214   -0.06040   -0.06281     +3.990066 
 270    4   18  4   0  0 0.020 01.0  0.00182   -0.01254   -0.01789    +42.663477 
 271    4   18  4   0  0 0.020 01.0  0.00198   -0.03693   -0.03494     -5.388573 
 272    5    6  4   0  0 0.020 01.0  0.00273   +0.14902   +0.15533     +4.234331 
 273    7    8  4   0  0 0.020 01.0  0.00297   +0.18535   +0.18394     -0.760723 
 274   10   12  4   0  0 0.020 01.0  0.00261   -0.13206   -0.12643     -4.263214 
 275   11   13  4   0  0 0.020 01.0  0.00284   -0.16644   -0.15880     -4.590243 
 276   12   13  4   0  0 0.020 01.0  0.00315   +0.21263   +0.21029     -1.100503 
 277   12   16  4   0  0 0.020 01.0  0.00287   -0.17066   -0.17577     +2.994258 
 278   12   17  4   0  0 0.020 01.0  0.00285   -0.16755   -0.17304     +3.276634 
 279   14   15  4   0  0 0.020 01.0  0.00356   -0.27354   -0.27767     +1.509834 
 280   18   19  4   0  0 0.020 01.0  0.00181   +0.01151   +0.01532    +33.101651 
 281   19   20  4   0  0 0.020 01.0  0.00178   +0.00771   +0.00799     +3.631647 
 282   21   20  4   0  0 0.020 01.0  0.00175   -0.00250   +0.00095   -138.000000 
 283   21   22  4   0  0 0.020 01.0  0.00175   +0.00250   -0.00163   -165.200000 
 284   22   23  4   0  0 0.020 01.0  0.00213   +0.06014   +0.06164     +2.494180 
 285   23   24  4   0  0 0.020 01.0  0.00207   +0.05004   +0.05087     +1.658673 
 286   24   25  4   0  0 0.020 01.0  0.00183   -0.01499   -0.01762    +17.545030 
 287   24   25  4   0  0 0.020 01.0  0.00183   -0.01440   -0.01987    +37.986111 
 288   24   26  4   0  0 0.020 01.0  0.00231   +0.08646   +0.08351     -3.411982 
 289   26   27  4   0  0 0.020 01.0  0.00230   +0.08482   +0.08925     +5.222825 
 290   27   28  4   0  0 0.020 01.0  0.00223   +0.07405   +0.07933     +7.130317 
 291   28   29  4   0  0 0.020 01.0  0.00212   +0.05825   +0.06457    +10.849785 
 292    7   29  4   0  0 0.020 01.0  0.00218   -0.06778   -0.07423     +9.516081 
 293   25   30  4   0  0 0.020 01.0  0.00188   +0.02212   +0.02475    +11.889693 
 294   30   31  4   0  0 0.020 01.0  0.00182   +0.01367   +0.00912    -33.284565 
 295   31   32  4   0  0 0.020 01.0  0.00173   +0.00022   +0.00161   +631.818182 
 296   32   33  4   0  0 0.020 01.0  0.00179   +0.00901   +0.01229    +36.403996 
 297   34   32  4   0  0 0.020 01.0  0.00182   +0.01334   +0.01695    +27.061469 
 298   34   35  4   0  0 0.020 01.0  0.00182   -0.01334   -0.01261     -5.472264 
 299   35   36  4   0  0 0.020 01.0  0.00189   -0.02387   -0.02659    +11.395057 
 300   36   37  4   0  0 0.020 01.0  0.00221   -0.07091   -0.06715     -5.302496 
 301   37   38  4   0  0 0.020 01.0  0.00238   -0.09737   -0.10210     +4.857759 
 302   37   39  4   0  0 0.020 01.0  0.00191   +0.02618   +0.02359     -9.893048 
 303   36   40  4   0  0 0.020 01.0  0.00206   +0.04867   +0.04256    -12.553935 
 304   22   38  4   0  0 0.020 01.0  0.00212   -0.05765   -0.05895     +2.254987 
 305   11   41  4   0  0 0.020 01.0  0.00175   -0.00222   -0.00719   +223.873874 
 306   41   42  4   0  0 0.020 01.0  0.00177   -0.00526   -0.00149    -71.673004 
 307   41   43  4   0  0 0.020 01.0  0.00182   +0.01244   +0.00922    -25.884244 
 308   38   44  4   0  0 0.020 01.0  0.00197   +0.03534   +0.03960    +12.054329 
 309   15   45  4   0  0 0.020 01.0  0.00196   -0.03375   -0.03896    +15.437037 
 310   14   46  4   0  0 0.020 01.0  0.00304   +0.19668   +0.19163     -2.567623 
 311   46   47  4   0  0 0.020 01.0  0.00302   +0.19268   +0.18445     -4.271331 
 312   47   48  4   0  0 0.020 01.0  0.00266   +0.13975   +0.14376     +2.869410 
 313   48   49  4   0  0 0.020 01.0  0.00189   -0.02321   -0.02097     -9.651012 
 314   49   50  4   0  0 0.020 01.0  0.00227   +0.08108   +0.08679     +7.042427 
 315   50   51  4   0  0 0.020 01.0  0.00195   +0.03236   +0.03714    +14.771323 
 316   10   51  4   0  0 0.020 01.0  0.00177   -0.00480   -0.00157    -67.291667 
 317   13   49  4   0  0 0.020 01.0  0.00311   +0.20579   +0.21510     +4.524029 
 318   29   52  4   0  0 0.020 01.0  0.00198   -0.03678   -0.03321     -9.706362 
 319   52   53  4   0  0 0.020 01.0  0.00206   -0.04931   -0.05151     +4.461570 
 320   53   54  4   0  0 0.020 01.0  0.00193   -0.02900   -0.03449    +18.931034 
 321   54   55  4   0  0 0.020 01.0  0.00197   -0.03518   -0.03243     -7.816941 
 322   11   43  4   0  0 0.020 01.0  0.00177   -0.00525   -0.00554     +5.523810 
 323   44   45  4   0  0 0.020 01.0  0.00193   +0.02950   +0.02825     -4.237288 
 324   40   56  4   0  0 0.020 01.0  0.00206   +0.04857   +0.05301     +9.141445 
 325   56   41  4   0  0 0.020 01.0  0.00191   +0.02580   +0.02074    -19.612403 
 326   56   42  4   0  0 0.020 01.0  0.00191   +0.02640   +0.02508     -5.000000 
 327   39   57  4   0  0 0.020 01.0  0.00191   +0.02615   +0.02205    -15.678776 
 328   57   56  4   0  0 0.020 01.0  0.00184   +0.01618   +0.01116    -31.025958 
 329   38   49  4   0  0 0.020 01.0  0.00214   -0.06029   -0.05776     -4.196384 
 330   38   48  4   0  0 0.020 01.0  0.00281   -0.16131   -0.15434     -4.320873 
 331    9   55  4   0  0 0.020 01.0  0.00208   +0.05212   +0.05066     -2.801228 
 332    2    1  1   0  0 0.020 01.0  0.00913   +1.10911   +1.09505     -1.267683 
 333    3    2  1   0  0 0.020 01.0  0.00950   +1.16445   +1.18764     +1.991498 
 334    4    3  1   0  0 0.020 01.0  0.00408   +0.35264   +0.35759     +1.403698 
 335    5    4  1   0  0 0.020 01.0  0.00301   +0.19129   +0.19843     +3.732553 
 336    6    4  1   0  0 0.020 01.0  0.00393   +0.33007   +0.34064     +3.202351 
 337    7    6  1   0  0 0.020 01.0  0.00425   +0.37737   +0.38851     +2.952010 
 338    8    6  1   0  0 0.020 01.0  0.00551   +0.56571   +0.58212     +2.900780 
 339    9    8  1   0  0 0.020 01.0  0.01747   -2.36035   -2.37115     +0.457559 
 340   10    9  1   0  0 0.020 01.0  0.00394   -0.33056   -0.32678     -1.143514 
 341   11    9  1   0  0 0.020 01.0  0.00475   -0.45283   -0.44362     -2.033876 
 342   12    9  1   0  0 0.020 01.0  0.00330   -0.23463   -0.23221     -1.031411 
 343   13    9  1   0  0 0.020 01.0  0.00436   -0.39453   -0.38928     -1.330697 
 344   14   13  1   0  0 0.020 01.0  0.00357   -0.27606   -0.27628     +0.079693 
 345   15   13  1   0  0 0.020 01.0  0.00291   -0.17611   -0.17596     -0.085174 
 346   15    1  1   0  0 0.020 01.0  0.00838   +0.99757   +1.01164     +1.410427 
 347   16    1  1   0  0 0.020 01.0  0.00376   +0.30350   +0.29315     -3.410214 
 348   17    1  1   0  0 0.020 01.0  0.00330   +0.23527   +0.24322     +3.379096 
 349   15    3  1   0  0 0.020 01.0  0.00763   -0.88477   -0.87415     -1.200312 
 350   18    4  1   0  0 0.020 01.0  0.00220   -0.06989   -0.06836     -2.189154 
 351   18    4  1   0  0 0.020 01.0  0.00233   -0.08947   -0.08590     -3.990164 
 352    6    5  1   0  0 0.020 01.0  0.00343   +0.25386   +0.24943     -1.745056 
 353    8    7  1   0  0 0.020 01.0  0.00724   +0.82654   +0.81378     -1.543785 
 354   12   10  1   0  0 0.020 01.0  0.00245   -0.10668   -0.10445     -2.090364 
 355   13   11  1   0  0 0.020 01.0  0.00394   -0.33089   -0.32077     -3.058418 
 356   13   12  1   0  0 0.020 01.0  0.00191   +0.02655   +0.03004    +13.145009 
 357   16   12  1   0  0 0.020 01.0  0.00508   -0.50150   -0.50606     +0.909272 
 358   17   12  1   0  0 0.020 01.0  0.00459   -0.42827   -0.43460     +1.478040 
 359   15   14  1   0  0 0.020 01.0  0.00212   -0.05793   -0.05481     -5.385810 
 360   19   18  1   0  0 0.020 01.0  0.00196   -0.03382   -0.03120     -7.746895 
 361   20   19  1   0  0 0.020 01.0  0.00186   -0.01871   -0.01473    -21.272047 
 362   20   21  1   0  0 0.020 01.0  0.00178   +0.00771   +0.01219    +58.106355 
 363   22   21  1   0  0 0.020 01.0  0.00178   -0.00770   -0.01018    +32.207792 
 364   23   22  1   0  0 0.020 01.0  0.00216   +0.06401   +0.06644     +3.796282 
 365   24   23  1   0  0 0.020 01.0  0.00236   +0.09470   +0.09637     +1.763464 
 366   25   24  1   0  0 0.020 01.0  0.00199   -0.03855   -0.04367    +13.281453 
 367   25   24  1   0  0 0.020 01.0  0.00198   -0.03705   -0.04075     +9.986505 
 368   26   24  1   0  0 0.020 01.0  0.00287   +0.17030   +0.16747     -1.661773 
 369   27   26  1   0  0 0.020 01.0  0.00291   +0.17600   +0.17271     -1.869318 
 370   28   27  1   0  0 0.020 01.0  0.00321   +0.22211   +0.22057     -0.693350 
 371   29   28  1   0  0 0.020 01.0  0.00337   +0.24553   +0.23720     -3.392661 
 372   29    7  1   0  0 0.020 01.0  0.00466   -0.43948   -0.43780     -0.382270 
 373   30   25  1   0  0 0.020 01.0  0.00204   -0.04630   -0.04425     -4.427646 
 374   31   30  1   0  0 0.020 01.0  0.00193   -0.02901   -0.03346    +15.339538 
 375   32   31  1   0  0 0.020 01.0  0.00175   -0.00201   -0.00394    +96.019900 
 376   33   32  1   0  0 0.020 01.0  0.00185   -0.01700   -0.01167    -31.352941 
 377   32   34  1   0  0 0.020 01.0  0.00188   -0.02201   -0.01765    -19.809178 
 378   35   34  1   0  0 0.020 01.0  0.00188   +0.02203   +0.01665    -24.421244 
 379   36   35  1   0  0 0.020 01.0  0.00207   +0.05015   +0.05466     +8.993021 
 380   37   36  1   0  0 0.020 01.0  0.00212   +0.05815   +0.05491     -5.571797 
 381   38   37  1   0  0 0.020 01.0  0.00221   +0.07095   +0.07007     -1.240310 
 382   39   37  1   0  0 0.020 01.0  0.00181   -0.01196   -0.01592    +33.110368 
 383   40   36  1   0  0 0.020 01.0  0.00178   -0.00771   -0.01076    +39.559014 
 384   38   22  1   0  0 0.020 01.0  0.00221   -0.07150   -0.06786     -5.090909 
 385   41   11  1   0  0 0.020 01.0  0.00206   -0.04840   -0.05350    +10.537190 
 386   42   41  1   0  0 0.020 01.0  0.00207   -0.04994   -0.05117     +2.462956 
 387   43   41  1   0  0 0.020 01.0  0.00214   +0.06149   +0.06265     +1.886486 
 388   44   38  1   0  0 0.020 01.0  0.00197   -0.03481   -0.03839    +10.284401 
 389   45   15  1   0  0 0.020 01.0  0.00187   -0.02027   -0.01806    -10.902812 
 390   46   14  1   0  0 0.020 01.0  0.00286   -0.16886   -0.16727     -0.941608 
 391   47   46  1   0  0 0.020 01.0  0.00285   -0.16760   -0.16821     +0.363962 
 392   48   47  1   0  0 0.020 01.0  0.00194   -0.03028   -0.03329     +9.940555 
 393   49   48  1   0  0 0.020 01.0  0.00194   +0.03057   +0.02956     -3.303893 
 394   50   49  1   0  0 0.020 01.0  0.00179   -0.00788   -0.00498    -36.802030 
 395   51   50  1   0  0 0.020 01.0  0.00233   +0.09020   +0.08369     -7.217295 
 396   51   10  1   0  0 0.020 01.0  0.00289   -0.17320   -0.17133     -1.079677 
 397   49   13  1   0  0 0.020 01.0  0.00281   -0.16078   -0.16785     +4.397313 
 398   52   29  1   0  0 0.020 01.0  0.00249   -0.11399   -0.11526     +1.114133 
 399   53   52  1   0  0 0.020 01.0  0.00233   -0.09023   -0.08343     -7.536296 
 400   54   53  1   0  0 0.020 01.0  0.00175   +0.00192   +0.00551   +186.979167 
 401   55   54  1   0  0 0.020 01.0  0.00187   +0.02119   +0.01615    -23.784804 
 402   43   11  1   0  0 0.020 01.0  0.00220   -0.07049   -0.06748     -4.270109 
 403   45   44  1   0  0 0.020 01.0  0.00187   +0.02027   +0.01595    -21.312284 
 404   56   40  1   0  0 0.020 01.0  0.00178   -0.00771   -0.00787     +2.075227 
 405   41   56  1   0  0 0.020 01.0  0.00194   +0.03047   +0.03475    +14.046603 
 406   42   56  1   0  0 0.020 01.0  0.00185   +0.01694   +0.01158    -31.641086 
 407   57   39  1   0  0 0.020 01.0  0.00181   -0.01196   -0.00849    -29.013378 
 408   56   57  1   0  0 0.020 01.0  0.00186   +0.01914   +0.02231    +16.562173 
 409   49   38  1   0  0 0.020 01.0  0.00199   +0.03887   +0.03521     -9.416002 
 410   48   38  1   0  0 0.020 01.0  0.00214   +0.06076   +0.06605     +8.706386 
 411   55    9  1   0  0 0.020 01.0  0.00208   -0.05219   -0.04989     -4.406975 
 412    2    1  4   0  0 0.020 01.0  0.00821   -0.97090   -0.95178     -1.969307 
 413    3    2  4   0  0 0.020 01.0  0.00416   -0.36381   -0.35850     -1.459553 
 414    4    3  4   0  0 0.020 01.0  0.00347   -0.26064   -0.26095     +0.118938 
 415    5    4  4   0  0 0.020 01.0  0.00285   -0.16702   -0.16133     -3.406778 
 416    6    4  4   0  0 0.020 01.0  0.00292   -0.17824   -0.18542     +4.028276 
 417    7    6  4   0  0 0.020 01.0  0.00252   -0.11756   -0.12473     +6.099013 
 418    8    6  4   0  0 0.020 01.0  0.00261   -0.13137   -0.13394     +1.956307 
 419    9    8  4   0  0 0.020 01.0  0.00420   +0.37050   +0.37017     -0.089069 
 420   10    9  4   0  0 0.020 01.0  0.00251   +0.11686   +0.11272     -3.542701 
 421   11    9  4   0  0 0.020 01.0  0.00289   +0.17391   +0.17486     +0.546260 
 422   12    9  4   0  0 0.020 01.0  0.00236   +0.09414   +0.09671     +2.729977 
 423   13    9  4   0  0 0.020 01.0  0.00282   +0.16347   +0.16914     +3.468526 
 424   14   13  4   0  0 0.020 01.0  0.00209   +0.05286   +0.05781     +9.364359 
 425   15   13  4   0  0 0.020 01.0  0.00300   +0.18956   +0.18844     -0.590842 
 426   15    1  4   0  0 0.020 01.0  0.00497   -0.48587   -0.48886     +0.615391 
 427   16    1  4   0  0 0.020 01.0  0.00296   -0.18455   -0.18562     +0.579789 
 428   17    1  4   0  0 0.020 01.0  0.00301   -0.19160   -0.19504     +1.795407 
 429   15    3  4   0  0 0.020 01.0  0.00203   +0.04447   +0.04382     -1.461660 
 430   18    4  4   0  0 0.020 01.0  0.00183   +0.01507   +0.02018    +33.908427 
 431   18    4  4   0  0 0.020 01.0  0.00200   +0.04063   +0.04018     -1.107556 
 432    6    5  4   0  0 0.020 01.0  0.00278   -0.15622   -0.15628     +0.038407 
 433    8    7  4   0  0 0.020 01.0  0.00277   -0.15530   -0.16325     +5.119124 
 434   12   10  4   0  0 0.020 01.0  0.00241   +0.10177   +0.09732     -4.372605 
 435   13   11  4   0  0 0.020 01.0  0.00279   +0.15769   +0.16435     +4.223476 
 436   13   12  4   0  0 0.020 01.0  0.00354   -0.27066   -0.27301     +0.868248 
 437   16   12  4   0  0 0.020 01.0  0.00287   +0.17055   +0.16370     -4.016417 
 438   17   12  4   0  0 0.020 01.0  0.00276   +0.15460   +0.15211     -1.610608 
 439   15   14  4   0  0 0.020 01.0  0.00348   +0.26259   +0.25587     -2.559123 
 440   19   18  4   0  0 0.020 01.0  0.00180   -0.01071   -0.01343    +25.396825 
 441   20   19  4   0  0 0.020 01.0  0.00178   -0.00755   -0.00604    -20.000000 
 442   20   21  4   0  0 0.020 01.0  0.00175   +0.00255   +0.00754   +195.686275 
 443   22   21  4   0  0 0.020 01.0  0.00175   -0.00249   +0.00193   -177.510040 
 444   23   22  4   0  0 0.020 01.0  0.00213   -0.06004   -0.06575     +9.510326 
 445   24   23  4   0  0 0.020 01.0  0.00211   -0.05706   -0.05195     -8.955485 
 446   25   24  4   0  0 0.020 01.0  0.00185   +0.01675   +0.01332    -20.477612 
 447   25   24  4   0  0 0.020 01.0  0.00184   +0.01610   +0.02154    +33.788820 
 448   26   24  4   0  0 0.020 01.0  0.00230   -0.08482   -0.08722     +2.829521 
 449   27   26  4   0  0 0.020 01.0  0.00224   -0.07605   -0.07971     +4.812623 
 450   28   27  4   0  0 0.020 01.0  0.00219   -0.06925   -0.06341     -8.433213 
 451   29   28  4   0  0 0.020 01.0  0.00210   -0.05485   -0.05093     -7.146764 
 452   29    7  4   0  0 0.020 01.0  0.00226   +0.07963   +0.08539     +7.233455 
 453   30   25  4   0  0 0.020 01.0  0.00188   -0.02167   -0.01920    -11.398246 
 454   31   30  4   0  0 0.020 01.0  0.00182   -0.01322   -0.00908    -31.316188 
 455   32   31  4   0  0 0.020 01.0  0.00173   -0.00022   +0.00358  -1727.272727 
 456   33   32  4   0  0 0.020 01.0  0.00179   -0.00900   -0.01053    +17.000000 
 457   32   34  4   0  0 0.020 01.0  0.00182   -0.01279   -0.01676    +31.039875 
 458   35   34  4   0  0 0.020 01.0  0.00180   +0.00987   +0.01317    +33.434650 
 459   36   35  4   0  0 0.020 01.0  0.00188   +0.02225   +0.02429     +9.168539 
 460   37   36  4   0  0 0.020 01.0  0.00221   +0.07119   +0.07028     -1.278269 
 461   38   37  4   0  0 0.020 01.0  0.00238   +0.09639   +0.10276     +6.608569 
 462   39   37  4   0  0 0.020 01.0  0.00191   -0.02615   -0.02098    -19.770554 
 463   40   36  4   0  0 0.020 01.0  0.00206   -0.04857   -0.05434    +11.879761 
 464   38   22  4   0  0 0.020 01.0  0.00212   +0.05787   +0.05502     -4.924832 
 465   41   11  4   0  0 0.020 01.0  0.00176   +0.00384   -0.00073   -119.010417 
 466   42   41  4   0  0 0.020 01.0  0.00177   +0.00608   +0.00956    +57.236842 
 467   43   41  4   0  0 0.020 01.0  0.00181   -0.01096   -0.01208    +10.218978 
 468   44   38  4   0  0 0.020 01.0  0.00198   -0.03750   -0.03653     -2.586667 
 469   45   15  4   0  0 0.020 01.0  0.00196   +0.03389   +0.03205     -5.429330 
 470   46   14  4   0  0 0.020 01.0  0.00302   -0.19268   -0.18415     -4.427029 
 471   47   46  4   0  0 0.020 01.0  0.00302   -0.19275   -0.19088     -0.970169 
 472   48   47  4   0  0 0.020 01.0  0.00266   -0.13934   -0.13666     -1.923353 
 473   49   48  4   0  0 0.020 01.0  0.00185   +0.01774   +0.02178    +22.773393 
 474   50   49  4   0  0 0.020 01.0  0.00227   -0.08036   -0.08144     +1.343952 
 475   51   50  4   0  0 0.020 01.0  0.00194   -0.03064   -0.03560    +16.187990 
 476   51   10  4   0  0 0.020 01.0  0.00178   +0.00664   +0.01060    +59.638554 
 477   49   13  4   0  0 0.020 01.0  0.00304   -0.19539   -0.19184     -1.816879 
 478   52   29  4   0  0 0.020 01.0  0.00199   +0.03931   +0.04340    +10.404477 
 479   53   52  4   0  0 0.020 01.0  0.00207   +0.05030   +0.05249     +4.353877 
 480   54   53  4   0  0 0.020 01.0  0.00193   +0.02918   +0.03151     +7.984921 
 481   55   54  4   0  0 0.020 01.0  0.00197   +0.03553   +0.04021    +13.171967 
 482   43   11  4   0  0 0.020 01.0  0.00177   +0.00596   +0.00689    +15.604027 
 483   45   44  4   0  0 0.020 01.0  0.00196   -0.03389   -0.03595     +6.078489 
 484   56   40  4   0  0 0.020 01.0  0.00204   -0.04616   -0.04010    -13.128250 
 485   41   56  4   0  0 0.020 01.0  0.00190   -0.02502   -0.02835    +13.309353 
 486   42   56  4   0  0 0.020 01.0  0.00191   -0.02608   -0.02853     +9.394172 
 487   57   39  4   0  0 0.020 01.0  0.00190   -0.02518   -0.02138    -15.091342 
 488   56   57  4   0  0 0.020 01.0  0.00184   -0.01603   -0.01305    -18.590143 
 489   49   38  4   0  0 0.020 01.0  0.00212   +0.05757   +0.05376     -6.618030 
 490   48   38  4   0  0 0.020 01.0  0.00282   +0.16255   +0.16703     +2.756075 
 491   55    9  4   0  0 0.020 01.0  0.00208   -0.05153   -0.05009     -2.794489 
----------------------------------------------------------------------------------
Número de medidores SCADA:     491
Número de PMUs:                0
Número de medidas das PMUs:    0
----------------------------------------------------------------------------------

Não há medidas de ângulo.
Não há medidores desabilitados.
============================== Estado Estimado ===================================
                 Barra     Mod(pu)    Ang(graus)              
----------------------------------------------------------------------------------
                    1            1.0403              0.00        
                    2            1.0242              2.08        
                    3            1.0258              8.03        
                    4            1.0209              8.89        
                    5            1.0122             10.80        
                    6            1.0102             11.97        
                    7            1.0063             14.26        
                    8            1.0053             17.69        
                    9            0.9944             10.64        
                   10            1.0037              7.19        
                   11            0.9977              8.15        
                   12            1.0155              6.23        
                   13            1.0020              6.55        
                   14            1.0010              5.83        
                   15            1.0144              5.38        
                   16            1.0201              3.79        
                   17            1.0270              1.62        
                   18            1.0580              7.02        
                   19            1.0352              6.11        
                   20            1.0279              5.75        
                   21            1.0717              5.31        
                   22            1.0711              5.26        
                   23            1.0708              5.34        
                   24            1.0731              7.02        
                   25            1.0890              4.77        
                   26            1.0248              7.46        
                   27            1.0327             10.56        
                   28            1.0393             11.92        
                   29            1.0455             12.79        
                   30            1.0789              4.46        
                   31            1.0635              3.83        
                   32            1.0619              3.83        
                   33            1.0611              3.82        
                   34            1.0482              4.91        
                   35            1.0503              4.97        
                   36            1.0536              5.06        
                   37            1.0577              5.07        
                   38            1.0714              5.10        
                   39            1.0565              5.07        
                   40            1.0512              5.11        
                   41            1.0467              6.24        
                   42            1.0381              5.24        
                   43            1.0424              7.58        
                   44            1.0684              5.05        
                   45            1.0658              5.28        
                   46            1.0994              5.25        
                   47            1.0840              4.90        
                   48            1.0805              4.99        
                   49            1.0851              5.09        
                   50            1.0747              5.37        
                   51            1.0797              6.59        
                   52            1.0361             11.36        
                   53            1.0346             10.69        
                   54            1.0413             10.40        
                   55            1.0522             10.32        
                   56            1.0435              4.64        
                   57            1.0440              4.27        
----------------------------------------------------------------------------------
Convergiu em:    3 iteraçoes. 
----------------------------------------------------------------------------------
--- RESIDUOS NORMALIZADOS --------------------------------------------------------
   N    D    P  TP      Real     Medido   Estimado      Med-Est        rn 
----------------------------------------------------------------------------------
 430   18    4  4    +0.0151    +0.0202    +0.0360  -1.5860e-02      0.395 
 270    4   18  4    -0.0125    -0.0179    -0.0328  +1.4957e-02      0.373 
 350   18    4  1    -0.0699    -0.0684    -0.0837  +1.5385e-02      0.349 
  61    0    4  2    +0.0000    +0.0041    -0.0020  +6.1565e-03      0.289 
 338    8    6  1    +0.5657    +0.5821    +0.5632  +1.8961e-02      0.264 
 173    2    3  1    -1.1231    -1.1016    -1.1257  +2.4039e-02      0.263 
 190    4   18  1    +0.0699    +0.0723    +0.0837  -1.1455e-02      0.260 
 332    2    1  1    +1.1091    +1.0951    +1.1175  -2.2419e-02      0.253 
  63    0    6  2    -0.3450    -0.3332    -0.3435  +1.0353e-02      0.250 
  64    0    7  2    +0.0000    -0.0027    +0.0020  -4.7281e-03      0.243 
 118    0    4  5    +0.0000    -0.0038    +0.0016  -5.4027e-03      0.231 
  86    0   29  2    -0.0780    -0.0846    -0.0779  -6.6870e-03      0.227 
  25    0   25  6    +1.0890    +1.0730    +1.0890  -1.6030e-02      0.223 
  39    0   39  6    +1.0557    +1.0405    +1.0565  -1.6015e-02      0.223 
 333    3    2  1    +1.1644    +1.1876    +1.1672  +2.0421e-02      0.221 
 347   16    1  1    +0.3035    +0.2932    +0.3060  -1.2825e-02      0.218 
 119    0    5  5    -0.0180    -0.0233    -0.0169  -6.3920e-03      0.212 
  58    0    1  2    -2.6017    -2.6484    -2.6235  -2.4945e-02      0.211 
 132    0   18  5    -0.0450    -0.0447    -0.0518  +7.0978e-03      0.209 
 336    6    4  1    +0.3301    +0.3406    +0.3282  +1.2397e-02      0.206 
   2    0    2  6    +1.0236    +1.0096    +1.0242  -1.4579e-02      0.205 
 186    1   15  1    -0.9771    -0.9642    -0.9819  +1.7710e-02      0.205 
 317   13   49  4    +0.2058    +0.2151    +0.2043  +1.0845e-02      0.202 
 181    9   11  1    +0.4590    +0.4692    +0.4564  +1.2807e-02      0.197 
  33    0   33  6    +1.0620    +1.0748    +1.0611  +1.3745e-02      0.195 
  46    0   46  6    +1.0985    +1.0852    +1.0994  -1.4200e-02      0.193 
 178    6    8  1    -0.5546    -0.5658    -0.5521  -1.3733e-02      0.192 
  50    0   50  6    +1.0741    +1.0885    +1.0747  +1.3778e-02      0.190 
 174    3    4  1    -0.3507    -0.3445    -0.3547  +1.0250e-02      0.188 
 172    1    2  1    -1.0929    -1.1178    -1.1012  -1.6527e-02      0.188 
  24    0   24  6    +1.0716    +1.0596    +1.0731  -1.3421e-02      0.185 
  44    0   44  6    +1.0675    +1.0818    +1.0684  +1.3354e-02      0.184 
 335    5    4  1    +0.1913    +0.1984    +0.1889  +9.5521e-03      0.184 
  65    0    8  2    +3.8100    +3.7650    +3.7912  -2.6240e-02      0.183 
 111    0   54  2    -0.0190    -0.0245    -0.0186  -5.9413e-03      0.182 
 442   20   21  4    +0.0026    +0.0075    +0.0006  +6.9335e-03      0.182 
  42    0   42  6    +1.0382    +1.0509    +1.0381  +1.2803e-02      0.181 
 395   51   50  1    +0.0902    +0.0837    +0.0918  -8.1556e-03      0.180 
 416    6    4  4    -0.1782    -0.1854    -0.1761  -9.3238e-03      0.178 
  43    0   43  6    +1.0416    +1.0297    +1.0424  -1.2748e-02      0.178 
  45    0   45  6    +1.0650    +1.0787    +1.0658  +1.2817e-02      0.177 
  85    0   28  2    -0.0210    -0.0191    -0.0141  -5.0516e-03      0.173 
  77    0   20  2    -0.0110    -0.0141    -0.0085  -5.5465e-03      0.170 
 378   35   34  1    +0.0220    +0.0167    +0.0228  -6.1972e-03      0.168 
 355   13   11  1    -0.3309    -0.3208    -0.3305  +9.7408e-03      0.168 
 435   13   11  4    +0.1577    +0.1643    +0.1563  +8.0941e-03      0.167 
 337    7    6  1    +0.3774    +0.3885    +0.3784  +1.0138e-02      0.167 
  26    0   26  6    +1.0235    +1.0365    +1.0248  +1.1704e-02      0.165 
  34    0   34  6    +1.0477    +1.0600    +1.0482  +1.1781e-02      0.165 
 226   41   42  1    +0.0504    +0.0447    +0.0515  -6.8465e-03      0.164 
 161    0   47  5    -0.0530    -0.0569    -0.0515  -5.4320e-03      0.163 
 121    0    7  5    -0.0000    +0.0020    -0.0021  +4.1346e-03      0.162 
 287   24   25  4    -0.0144    -0.0199    -0.0132  -6.6815e-03      0.162 
 303   36   40  4    +0.0487    +0.0426    +0.0489  -6.3347e-03      0.162 
 447   25   24  4    +0.0161    +0.0215    +0.0149  +6.6761e-03      0.162 
  31    0   31  6    +1.0640    +1.0521    +1.0635  -1.1401e-02      0.162 
 177    6    7  1    -0.3744    -0.3851    -0.3753  -9.7912e-03      0.161 
  27    0   27  6    +1.0314    +1.0441    +1.0327  +1.1368e-02      0.160 
 197   12   16  1    +0.5064    +0.5187    +0.5082  +1.0418e-02      0.159 
  73    0   16  2    -0.1980    -0.1913    -0.1973  +6.0184e-03      0.158 
 265   13   15  4    -0.2069    -0.1980    -0.2066  +8.5724e-03      0.158 
 339    9    8  1    -2.3603    -2.3712    -2.3520  -1.9131e-02      0.157 
 100    0   43  2    -0.0090    -0.0139    -0.0091  -4.8143e-03      0.156 
 122    0    8  5    -0.4191    -0.4176    -0.4258  +8.1438e-03      0.156 
 330   38   48  4    -0.1613    -0.1543    -0.1617  +7.4023e-03      0.156 
 450   28   27  4    -0.0693    -0.0634    -0.0699  +6.4464e-03      0.155 
 484   56   40  4    -0.0462    -0.0401    -0.0470  +6.8681e-03      0.155 
 272    5    6  4    +0.1490    +0.1553    +0.1480  +7.3275e-03      0.154 
  10    0   10  6    +1.0033    +0.9930    +1.0037  -1.0743e-02      0.153 
 359   15   14  1    -0.0579    -0.0548    -0.0611  +6.2646e-03      0.150 
   6    0    6  6    +1.0095    +1.0208    +1.0102  +1.0538e-02      0.150 
 179    8    9  1    +2.4177    +2.3907    +2.4090  -1.8294e-02      0.149 
 193    7    8  1    -0.8168    -0.7978    -0.8096  +1.1734e-02      0.149 
 451   29   28  4    -0.0549    -0.0509    -0.0568  +5.8329e-03      0.148 
  56    0   56  6    +1.0437    +1.0330    +1.0435  -1.0523e-02      0.148 
 366   25   24  1    -0.0386    -0.0437    -0.0373  -6.3270e-03      0.148 
 101    0   44  2    -0.0550    -0.0503    -0.0555  +5.1594e-03      0.146 
   4    0    4  6    +1.0205    +1.0106    +1.0209  -1.0351e-02      0.146 
   9    0    9  6    +0.9940    +1.0046    +0.9944  +1.0187e-02      0.146 
  49    0   49  6    +1.0843    +1.0955    +1.0851  +1.0409e-02      0.143 
 463   40   36  4    -0.0486    -0.0543    -0.0488  -5.5493e-03      0.142 
 470   46   14  4    -0.1927    -0.1842    -0.1912  +7.0822e-03      0.141 
 469   45   15  4    +0.0339    +0.0321    +0.0375  -5.4997e-03      0.140 
 412    2    1  4    -0.9709    -0.9518    -0.9632  +1.1371e-02      0.139 
  79    0   22  2    +0.0000    +0.0026    -0.0012  +3.8052e-03      0.139 
 238   29   52  1    +0.1159    +0.1227    +0.1165  +6.1723e-03      0.139 
 136    0   22  5    -0.0000    +0.0005    +0.0043  -3.7936e-03      0.138 
 356   13   12  1    +0.0266    +0.0300    +0.0249  +5.1055e-03      0.137 
 455   32   31  4    -0.0002    +0.0036    -0.0016  +5.1399e-03      0.136 
 417    7    6  4    -0.1176    -0.1247    -0.1185  -6.2725e-03      0.134 
 349   15    3  1    -0.8848    -0.8741    -0.8849  +1.0786e-02      0.134 
 246   56   42  1    -0.0168    -0.0219    -0.0166  -5.2431e-03      0.133 
 406   42   56  1    +0.0169    +0.0116    +0.0168  -5.2319e-03      0.133 
 210   27   28  1    -0.2190    -0.2261    -0.2193  -6.8024e-03      0.133 
 160    0   46  5    +0.0000    -0.0048    -0.0011  -3.7188e-03      0.132 
 274   10   12  4    -0.1321    -0.1264    -0.1328  +6.3379e-03      0.132 
 217   34   32  1    +0.0220    +0.0276    +0.0225  +5.1134e-03      0.131 
 316   10   51  4    -0.0048    -0.0016    -0.0063  +4.7395e-03      0.131 
  40    0   40  6    +1.0505    +1.0606    +1.0512  +9.3675e-03      0.131 
  14    0   14  6    +1.0003    +1.0101    +1.0010  +9.1212e-03      0.130 
 478   52   29  4    +0.0393    +0.0434    +0.0383  +5.1089e-03      0.130 
 116    0    2  5    -0.5750    -0.5717    -0.5645  -7.1528e-03      0.129 
 437   16   12  4    +0.1706    +0.1637    +0.1700  -6.2694e-03      0.129 
 408   56   57  1    +0.0191    +0.0223    +0.0175  +4.8560e-03      0.129 
 305   11   41  4    -0.0022    -0.0072    -0.0020  -5.1954e-03      0.128 
 275   11   13  4    -0.1664    -0.1588    -0.1651  +6.2858e-03      0.128 
 232   47   48  1    +0.0306    +0.0259    +0.0307  -4.7619e-03      0.127 
 320   53   54  4    -0.0290    -0.0345    -0.0294  -5.1270e-03      0.127 
 413    3    2  4    -0.3638    -0.3585    -0.3661  +7.5952e-03      0.127 
  72    0   15  2    -0.1010    -0.1046    -0.1016  -2.9926e-03      0.127 
  76    0   19  2    -0.0150    -0.0185    -0.0144  -4.0544e-03      0.126 
 185   13   15  1    +0.1780    +0.1726    +0.1791  -6.5094e-03      0.125 
  89    0   32  2    -0.0070    -0.0047    -0.0084  +3.6830e-03      0.125 
 481   55   54  4    +0.0355    +0.0402    +0.0352  +5.0489e-03      0.125 
  13    0   13  6    +1.0015    +0.9933    +1.0020  -8.7448e-03      0.125 
 377   32   34  1    -0.0220    -0.0176    -0.0225  +4.8466e-03      0.124 
  18    0   18  6    +1.0593    +1.0669    +1.0580  +8.8708e-03      0.123 
 256    4    6  4    +0.1620    +0.1657    +0.1595  +6.2762e-03      0.123 
 380   37   36  1    +0.0582    +0.0549    +0.0597  -4.7592e-03      0.123 
 279   14   15  4    -0.2735    -0.2777    -0.2708  -6.8927e-03      0.122 
  57    0   57  6    +1.0445    +1.0527    +1.0440  +8.6006e-03      0.122 
  32    0   32  6    +1.0629    +1.0534    +1.0619  -8.5645e-03      0.121 
 327   39   57  4    +0.0261    +0.0221    +0.0272  -5.1199e-03      0.121 
  36    0   36  6    +1.0529    +1.0450    +1.0536  -8.6490e-03      0.120 
 445   24   23  4    -0.0571    -0.0520    -0.0570  +5.0464e-03      0.120 
 107    0   50  2    -0.0970    -0.1028    -0.0982  -4.5659e-03      0.119 
 400   54   53  1    +0.0019    +0.0055    +0.0010  +4.4759e-03      0.119 
 277   12   16  4    -0.1707    -0.1758    -0.1700  -5.7800e-03      0.118 
 218   34   35  1    -0.0220    -0.0272    -0.0228  -4.3551e-03      0.118 
 352    6    5  1    +0.2539    +0.2494    +0.2557  -6.2403e-03      0.117 
 291   28   29  4    +0.0583    +0.0646    +0.0600  +4.5717e-03      0.116 
 403   45   44  1    +0.0203    +0.0159    +0.0205  -4.5818e-03      0.115 
 466   42   41  4    +0.0061    +0.0096    +0.0052  +4.3955e-03      0.115 
 311   46   47  4    +0.1927    +0.1845    +0.1902  -5.7310e-03      0.115 
 245   56   41  1    -0.0297    -0.0352    -0.0304  -4.8648e-03      0.114 
 434   12   10  4    +0.1018    +0.0973    +0.1025  -5.1935e-03      0.114 
   1    0    1  6    +1.0400    +1.0322    +1.0403  -8.0826e-03      0.113 
 410   48   38  1    +0.0608    +0.0660    +0.0615  +4.5620e-03      0.113 
 487   57   39  4    -0.0252    -0.0214    -0.0262  +4.7737e-03      0.112 
 290   27   28  4    +0.0741    +0.0793    +0.0747  +4.6735e-03      0.112 
  69    0   12  2    +0.5760    +0.5730    +0.5791  -6.1762e-03      0.112 
  11    0   11  6    +0.9971    +0.9899    +0.9977  -7.8044e-03      0.111 
 397   49   13  1    -0.1608    -0.1678    -0.1622  -5.6185e-03      0.110 
 180    9   10  1    +0.3353    +0.3253    +0.3319  -6.6488e-03      0.110 
 385   41   11  1    -0.0484    -0.0535    -0.0487  -4.8335e-03      0.110 
 141    0   27  5    -0.0020    +0.0022    -0.0012  +3.3988e-03      0.109 
 312   47   48  4    +0.1398    +0.1438    +0.1388  +4.9356e-03      0.109 
 207   24   25  1    +0.0370    +0.0327    +0.0373  -4.6330e-03      0.109 
 286   24   25  4    -0.0150    -0.0176    -0.0132  -4.4315e-03      0.108 
 237   13   49  1    +0.1608    +0.1677    +0.1622  +5.4585e-03      0.107 
 260    9   10  4    -0.1393    -0.1443    -0.1391  -5.2613e-03      0.107 
 242   11   43  1    +0.0705    +0.0665    +0.0709  -4.3702e-03      0.107 
 465   41   11  4    +0.0038    -0.0007    +0.0036  -4.3527e-03      0.107 
  17    0   17  6    +1.0265    +1.0346    +1.0270  +7.5796e-03      0.107 
 423   13    9  4    +0.1635    +0.1691    +0.1636  +5.5079e-03      0.106 
  70    0   13  2    -0.0830    -0.0843    -0.0817  -2.6236e-03      0.106 
 325   56   41  4    +0.0258    +0.0207    +0.0252  -4.4699e-03      0.106 
 361   20   19  1    -0.0187    -0.0147    -0.0188  +4.1165e-03      0.105 
  99    0   42  2    -0.0330    -0.0377    -0.0342  -3.5004e-03      0.105 
 346   15    1  1    +0.9976    +1.0116    +1.0026  +9.0771e-03      0.104 
 473   49   48  4    +0.0177    +0.0218    +0.0175  +4.2385e-03      0.104 
 243   44   45  1    -0.0202    -0.0246    -0.0204  -4.1400e-03      0.104 
 212    7   29  1    +0.4395    +0.4269    +0.4332  -6.3202e-03      0.104 
 289   26   27  4    +0.0848    +0.0892    +0.0846  +4.6219e-03      0.104 
 196   12   13  1    -0.0255    -0.0200    -0.0239  +3.8576e-03      0.104 
  60    0    3  2    +1.7110    +1.7195    +1.7098  +9.7212e-03      0.104 
 202   21   20  1    -0.0077    -0.0063    -0.0103  +3.9730e-03      0.104 
 147    0   33  5    -0.0090    -0.0054    -0.0092  +3.7307e-03      0.103 
 230   14   46  1    +0.1689    +0.1731    +0.1682  +4.9888e-03      0.103 
 170    0   56  5    -0.0100    -0.0126    -0.0098  -2.8722e-03      0.103 
 115    0    1  5    +1.6944    +1.6946    +1.6850  +9.6022e-03      0.103 
   8    0    8  6    +1.0050    +0.9981    +1.0053  -7.2001e-03      0.102 
 341   11    9  1    -0.4528    -0.4436    -0.4502  +6.6173e-03      0.102 
 140    0   26  5    -0.0000    -0.0042    -0.0011  -3.0981e-03      0.102 
 231   46   47  1    +0.1689    +0.1749    +0.1700  +4.8981e-03      0.101 
 399   53   52  1    -0.0902    -0.0834    -0.0877  +4.3199e-03      0.101 
  23    0   23  6    +1.0699    +1.0635    +1.0708  -7.2591e-03      0.100 
  20    0   20  6    +1.0287    +1.0210    +1.0279  -6.9517e-03      0.099 
 266    1   15  4    +0.4865    +0.4793    +0.4859  -6.5774e-03      0.099 
 278   12   17  4    -0.1676    -0.1730    -0.1680  -5.0381e-03      0.099 
 431   18    4  4    +0.0406    +0.0402    +0.0360  +4.1402e-03      0.098 
 182    9   12  1    +0.2392    +0.2324    +0.2380  -5.5817e-03      0.098 
 358   17   12  1    -0.4283    -0.4346    -0.4283  -6.2613e-03      0.096 
 401   55   54  1    +0.0212    +0.0162    +0.0199  -3.7381e-03      0.096 
 117    0    3  5    -0.1969    -0.2024    -0.1988  -3.6066e-03      0.095 
 376   33   32  1    -0.0170    -0.0117    -0.0151  +3.4746e-03      0.095 
 464   38   22  4    +0.0579    +0.0550    +0.0586  -3.6268e-03      0.095 
 384   38   22  1    -0.0715    -0.0679    -0.0716  +3.6951e-03      0.095 
  51    0   51  6    +1.0792    +1.0866    +1.0797  +6.8620e-03      0.094 
  21    0   21  6    +1.0709    +1.0785    +1.0717  +6.8156e-03      0.094 
  54    0   54  6    +1.0404    +1.0347    +1.0413  -6.6761e-03      0.094 
 461   38   37  4    +0.0964    +0.1028    +0.0989  +3.8176e-03      0.094 
 152    0   38  5    -0.0320    -0.0307    -0.0283  -2.3852e-03      0.093 
  55    0   55  6    +1.0515    +1.0589    +1.0522  +6.7021e-03      0.093 
 428   17    1  4    -0.1916    -0.1950    -0.1904  -4.6845e-03      0.093 
 453   30   25  4    -0.0217    -0.0192    -0.0227  +3.4894e-03      0.093 
 252    1    2  4    +0.8882    +0.8733    +0.8804  -7.1487e-03      0.093 
  48    0   48  6    +1.0795    +1.0737    +1.0805  -6.7522e-03      0.093 
 485   41   56  4    -0.0250    -0.0284    -0.0244  -3.9252e-03      0.093 
 247   39   57  1    +0.0120    +0.0078    +0.0116  -3.7846e-03      0.092 
 288   24   26  4    +0.0865    +0.0835    +0.0873  -3.8317e-03      0.091 
 308   38   44  4    +0.0353    +0.0396    +0.0361  +3.5006e-03      0.091 
 433    8    7  4    -0.1553    -0.1633    -0.1590  -4.2994e-03      0.090 
 444   23   22  4    -0.0600    -0.0658    -0.0622  -3.5553e-03      0.090 
 213   25   30  1    +0.0466    +0.0505    +0.0470  +3.4606e-03      0.089 
  90    0   33  2    -0.0170    -0.0119    -0.0151  +3.2246e-03      0.088 
 314   49   50  4    +0.0811    +0.0868    +0.0830  +3.7836e-03      0.088 
 388   44   38  1    -0.0348    -0.0384    -0.0351  -3.3306e-03      0.087 
 296   32   33  4    +0.0090    +0.0123    +0.0092  +3.1293e-03      0.087 
  19    0   19  6    +1.0370    +1.0413    +1.0352  +6.0827e-03      0.087 
 449   27   26  4    -0.0761    -0.0797    -0.0759  -3.8047e-03      0.086 
  88    0   31  2    -0.0270    -0.0287    -0.0316  +2.9022e-03      0.086 
 195   11   13  1    +0.3339    +0.3385    +0.3335  +4.9834e-03      0.086 
 200   18   19  1    +0.0344    +0.0304    +0.0339  -3.4921e-03      0.085 
 157    0   43  5    -0.0050    -0.0000    -0.0027  +2.7246e-03      0.085 
 273    7    8  4    +0.1853    +0.1839    +0.1882  -4.2160e-03      0.085 
 254    3    4  4    +0.2273    +0.2240    +0.2282  -4.2142e-03      0.085 
 187    1   16  1    -0.2984    -0.2959    -0.3008  +4.9782e-03      0.085 
 490   48   38  4    +0.1626    +0.1670    +0.1630  +4.0347e-03      0.085 
 475   51   50  4    -0.0306    -0.0356    -0.0321  -3.4982e-03      0.085 
 489   49   38  4    +0.0576    +0.0538    +0.0575  -3.7769e-03      0.085 
 405   41   56  1    +0.0305    +0.0348    +0.0311  +3.6040e-03      0.085 
  22    0   22  6    +1.0701    +1.0650    +1.0711  -6.1090e-03      0.084 
 354   12   10  1    -0.1067    -0.1045    -0.1082  +3.7918e-03      0.084 
 227   41   43  1    -0.0615    -0.0654    -0.0618  -3.5855e-03      0.084 
 402   43   11  1    -0.0705    -0.0675    -0.0709  +3.4102e-03      0.083 
 216   32   33  1    +0.0170    +0.0182    +0.0152  +3.0445e-03      0.083 
 149    0   35  5    -0.0140    -0.0110    -0.0136  +2.6665e-03      0.082 
 105    0   48  2    +0.0000    +0.0000    +0.0023  -2.2756e-03      0.082 
  93    0   36  2    +0.0000    -0.0007    +0.0016  -2.2873e-03      0.082 
  15    0   15  6    +1.0139    +1.0086    +1.0144  -5.8064e-03      0.082 
 192    5    6  1    -0.2513    -0.2487    -0.2531  +4.3502e-03      0.082 
  30    0   30  6    +1.0791    +1.0847    +1.0789  +5.7986e-03      0.081 
 167    0   53  5    -0.0460    -0.0417    -0.0445  +2.8396e-03      0.081 
 324   40   56  4    +0.0486    +0.0530    +0.0495  +3.5517e-03      0.080 
 124    0   10  5    -0.0200    -0.0251    -0.0229  -2.2339e-03      0.080 
  92    0   35  2    -0.0280    -0.0261    -0.0287  +2.6573e-03      0.080 
 368   26   24  1    +0.1703    +0.1675    +0.1713  -3.8022e-03      0.080 
 367   25   24  1    -0.0370    -0.0408    -0.0373  -3.4070e-03      0.080 
 315   50   51  4    +0.0324    +0.0371    +0.0339  +3.2520e-03      0.079 
 110    0   53  2    -0.0920    -0.0916    -0.0886  -2.9674e-03      0.078 
 392   48   47  1    -0.0303    -0.0333    -0.0304  -2.9012e-03      0.078 
 151    0   37  5    +0.0000    -0.0046    -0.0067  +2.0858e-03      0.077 
 375   32   31  1    -0.0020    -0.0039    -0.0010  -2.8981e-03      0.077 
 379   36   35  1    +0.0502    +0.0547    +0.0517  +2.9397e-03      0.077 
 281   19   20  4    +0.0077    +0.0080    +0.0051  +2.9179e-03      0.076 
 328   57   56  4    +0.0162    +0.0112    +0.0140  -2.8678e-03      0.076 
 219   35   36  1    -0.0500    -0.0545    -0.0516  -2.9155e-03      0.076 
  29    0   29  6    +1.0446    +1.0509    +1.0455  +5.4156e-03      0.076 
 372   29    7  1    -0.4395    -0.4378    -0.4332  -4.5798e-03      0.075 
 142    0   28  5    -0.0110    -0.0075    -0.0099  +2.3481e-03      0.075 
 407   57   39  1    -0.0120    -0.0085    -0.0116  +3.0646e-03      0.074 
 159    0   45  5    +0.0000    +0.0049    +0.0026  +2.2603e-03      0.074 
 183    9   13  1    +0.4036    +0.4067    +0.4019  +4.7816e-03      0.074 
 306   41   42  4    -0.0053    -0.0015    -0.0043  +2.8159e-03      0.074 
  74    0   17  2    -0.1930    -0.1897    -0.1868  -2.8546e-03      0.073 
 420   10    9  4    +0.1169    +0.1127    +0.1162  -3.4713e-03      0.073 
 253    2    3  4    +0.3959    +0.4031    +0.3986  +4.4659e-03      0.073 
 234   49   50  1    +0.0083    +0.0107    +0.0080  +2.7031e-03      0.073 
 486   42   56  4    -0.0261    -0.0285    -0.0256  -2.9288e-03      0.073 
 199   14   15  1    +0.0592    +0.0654    +0.0623  +3.0355e-03      0.073 
 125    0   11  5    -0.0000    +0.0037    +0.0019  +1.7702e-03      0.072 
 294   30   31  4    +0.0137    +0.0091    +0.0119  -2.7322e-03      0.072 
  52    0   52  6    +1.0355    +1.0412    +1.0361  +5.0756e-03      0.071 
 310   14   46  4    +0.1967    +0.1916    +0.1952  -3.5455e-03      0.071 
  96    0   39  2    +0.0000    +0.0000    -0.0024  +2.3902e-03      0.071 
 228   38   44  1    +0.0349    +0.0378    +0.0351  +2.6946e-03      0.070 
  81    0   24  2    +0.0000    +0.0011    +0.0029  -1.8206e-03      0.070 
 205   23   24  1    -0.0930    -0.0993    -0.0962  -3.0859e-03      0.070 
 156    0   42  5    -0.0200    -0.0227    -0.0204  -2.3033e-03      0.070 
 415    5    4  4    -0.1670    -0.1613    -0.1649  +3.5805e-03      0.070 
 439   15   14  4    +0.2626    +0.2559    +0.2597  -3.8766e-03      0.070 
 280   18   19  4    +0.0115    +0.0153    +0.0126  +2.7252e-03      0.069 
  28    0   28  6    +1.0380    +1.0343    +1.0393  -4.9422e-03      0.069 
 394   50   49  1    -0.0079    -0.0050    -0.0075  +2.5438e-03      0.069 
 130    0   16  5    -0.0140    -0.0125    -0.0145  +1.9987e-03      0.069 
 476   51   10  4    +0.0066    +0.0106    +0.0081  +2.4910e-03      0.069 
 250   38   48  1    -0.0600    -0.0634    -0.0607  -2.7431e-03      0.068 
 353    8    7  1    +0.8265    +0.8138    +0.8191  -5.3071e-03      0.067 
  12    0   12  6    +1.0150    +1.0202    +1.0155  +4.7165e-03      0.067 
 462   39   37  4    -0.0261    -0.0210    -0.0234  +2.4258e-03      0.065 
 318   29   52  4    -0.0368    -0.0332    -0.0357  +2.5386e-03      0.065 
 239   52   53  1    +0.0910    +0.0912    +0.0885  +2.7276e-03      0.064 
 426   15    1  4    -0.4859    -0.4889    -0.4846  -4.2500e-03      0.064 
 261    9   11  4    -0.1751    -0.1738    -0.1770  +3.1618e-03      0.063 
  35    0   35  6    +1.0496    +1.0458    +1.0503  -4.5091e-03      0.063 
 373   30   25  1    -0.0463    -0.0442    -0.0467  +2.4567e-03      0.063 
 198   12   17  1    +0.4364    +0.4405    +0.4365  +4.0748e-03      0.062 
  75    0   18  2    -0.1250    -0.1177    -0.1153  -2.3779e-03      0.062 
 203   21   22  1    +0.0077    +0.0109    +0.0087  +2.2046e-03      0.062 
 209   26   27  1    -0.1703    -0.1669    -0.1700  +3.0997e-03      0.062 
 409   49   38  1    +0.0389    +0.0352    +0.0378  -2.6312e-03      0.061 
 292    7   29  4    -0.0678    -0.0742    -0.0718  -2.4269e-03      0.061 
 175    4    5  1    -0.1876    -0.1822    -0.1853  +3.0982e-03      0.060 
 131    0   17  5    -0.0370    -0.0336    -0.0354  +1.7884e-03      0.060 
 236   10   51  1    +0.1732    +0.1686    +0.1715  -2.8543e-03      0.060 
 436   13   12  4    -0.2707    -0.2730    -0.2697  -3.3084e-03      0.060 
 458   35   34  4    +0.0099    +0.0132    +0.0110  +2.1441e-03      0.059 
 307   41   43  4    +0.0124    +0.0092    +0.0115  -2.3230e-03      0.059 
 369   27   26  1    +0.1760    +0.1727    +0.1757  -2.9761e-03      0.059 
 454   31   30  4    -0.0132    -0.0091    -0.0113  +2.2470e-03      0.059 
 321   54   55  4    -0.0352    -0.0324    -0.0348  +2.3973e-03      0.059 
 300   36   37  4    -0.0709    -0.0672    -0.0695  +2.3333e-03      0.059 
 457   32   34  4    -0.0128    -0.0168    -0.0145  -2.2939e-03      0.059 
 215   31   32  1    +0.0020    -0.0012    +0.0010  -2.2135e-03      0.059 
 191    4   18  1    +0.0895    +0.0864    +0.0837  +2.6646e-03      0.059 
 249   38   49  1    -0.0384    -0.0398    -0.0374  -2.4921e-03      0.058 
 438   17   12  4    +0.1546    +0.1521    +0.1550  -2.8872e-03      0.058 
 258    6    8  4    +0.1405    +0.1449    +0.1421  +2.8529e-03      0.057 
 323   44   45  4    +0.0295    +0.0283    +0.0305  -2.2976e-03      0.057 
 235   50   51  1    -0.0891    -0.0882    -0.0907  +2.5602e-03      0.056 
 343   13    9  1    -0.3945    -0.3893    -0.3929  +3.6406e-03      0.056 
 329   38   49  4    -0.0603    -0.0578    -0.0603  +2.5211e-03      0.056 
 382   39   37  1    -0.0120    -0.0159    -0.0139  -2.0152e-03      0.056 
 364   23   22  1    +0.0640    +0.0664    +0.0642  +2.1980e-03      0.056 
 148    0   34  5    -0.0000    +0.0024    +0.0006  +1.7999e-03      0.055 
 422   12    9  4    +0.0941    +0.0967    +0.0941  +2.6433e-03      0.055 
 163    0   49  5    -0.0390    -0.0373    -0.0358  -1.5168e-03      0.055 
 301   37   38  4    -0.0974    -0.1021    -0.0999  -2.2143e-03      0.054 
 126    0   12  5    +0.0703    +0.0716    +0.0702  +1.4396e-03      0.054 
 139    0   25  5    -0.0150    -0.0182    -0.0165  -1.6768e-03      0.053 
 241   54   55  1    -0.0209    -0.0176    -0.0196  +2.0728e-03      0.053 
 360   19   18  1    -0.0338    -0.0312    -0.0334  +2.1537e-03      0.053 
 299   35   36  4    -0.0239    -0.0266    -0.0247  -1.9176e-03      0.052 
  95    0   38  2    -0.0640    -0.0620    -0.0635  +1.4866e-03      0.052 
 220   36   37  1    -0.0579    -0.0615    -0.0595  -2.0092e-03      0.052 
 298   34   35  4    -0.0133    -0.0126    -0.0145  +1.8906e-03      0.052 
 467   43   41  4    -0.0110    -0.0121    -0.0101  -2.0250e-03      0.052 
 176    4    6  1    -0.3244    -0.3257    -0.3226  -3.1028e-03      0.052 
  47    0   47  6    +1.0830    +1.0802    +1.0840  -3.7405e-03      0.051 
 162    0   48  5    -0.0000    +0.0002    +0.0015  -1.3293e-03      0.051 
 452   29    7  4    +0.0796    +0.0854    +0.0833  +2.0491e-03      0.050 
 313   48   49  4    -0.0232    -0.0210    -0.0230  +2.0625e-03      0.050 
 248   57   56  1    -0.0190    -0.0155    -0.0174  +1.8844e-03      0.050 
 271    4   18  4    -0.0369    -0.0349    -0.0328  -2.0935e-03      0.050 
 165    0   51  5    -0.0240    -0.0223    -0.0240  +1.6728e-03      0.050 
 144    0   30  5    -0.0080    -0.0124    -0.0108  -1.5829e-03      0.049 
 362   20   21  1    +0.0077    +0.0122    +0.0103  +1.8770e-03      0.049 
 480   54   53  4    +0.0292    +0.0315    +0.0296  +1.9600e-03      0.049 
 297   34   32  4    +0.0133    +0.0169    +0.0151  +1.8794e-03      0.048 
 133    0   19  5    -0.0030    -0.0052    -0.0067  +1.5227e-03      0.048 
  53    0   53  6    +1.0336    +1.0379    +1.0346  +3.3713e-03      0.047 
 351   18    4  1    -0.0895    -0.0859    -0.0837  -2.1546e-03      0.047 
 269    3   15  4    -0.0604    -0.0628    -0.0609  -1.9176e-03      0.047 
 164    0   50  5    -0.0480    -0.0500    -0.0484  -1.5976e-03      0.047 
 123    0    9  5    -0.2170    -0.2209    -0.2225  +1.6122e-03      0.047 
 143    0   29  5    -0.0120    -0.0078    -0.0092  +1.3306e-03      0.047 
  66    0    9  2    -0.8710    -0.8754    -0.8729  -2.5184e-03      0.046 
 424   14   13  4    +0.0529    +0.0578    +0.0559  +1.8941e-03      0.046 
 166    0   52  5    -0.0100    -0.0116    -0.0130  +1.4358e-03      0.046 
 468   44   38  4    -0.0375    -0.0365    -0.0383  +1.7254e-03      0.044 
 443   22   21  4    -0.0025    +0.0019    +0.0004  +1.5303e-03      0.043 
 383   40   36  1    -0.0077    -0.0108    -0.0092  -1.5392e-03      0.043 
  80    0   23  2    -0.0290    -0.0305    -0.0320  +1.4321e-03      0.043 
 293   25   30  4    +0.0221    +0.0248    +0.0232  +1.5927e-03      0.042 
 357   16   12  1    -0.5015    -0.5061    -0.5033  -2.7670e-03      0.042 
  38    0   38  6    +1.0704    +1.0745    +1.0714  +3.0527e-03      0.042 
 440   19   18  4    -0.0107    -0.0134    -0.0118  -1.6352e-03      0.042 
 363   22   21  1    -0.0077    -0.0102    -0.0087  -1.4695e-03      0.041 
 184   13   14  1    +0.2771    +0.2777    +0.2755  +2.2603e-03      0.041 
 309   15   45  4    -0.0338    -0.0390    -0.0374  -1.5729e-03      0.040 
   7    0    7  6    +1.0057    +1.0091    +1.0063  +2.7872e-03      0.040 
 472   48   47  4    -0.1393    -0.1367    -0.1384  +1.7635e-03      0.039 
 282   21   20  4    -0.0025    +0.0009    -0.0005  +1.4780e-03      0.039 
 477   49   13  4    -0.1954    -0.1918    -0.1939  +2.0480e-03      0.038 
 456   33   32  4    -0.0090    -0.0105    -0.0092  -1.3793e-03      0.038 
 137    0   23  5    -0.0100    -0.0133    -0.0121  -1.2290e-03      0.038 
 446   25   24  4    +0.0168    +0.0133    +0.0149  -1.5439e-03      0.037 
  82    0   25  2    -0.0290    -0.0303    -0.0292  -1.1668e-03      0.037 
 365   24   23  1    +0.0947    +0.0964    +0.0980  -1.6103e-03      0.037 
 448   26   24  4    -0.0848    -0.0872    -0.0857  -1.5300e-03      0.036 
 370   28   27  1    +0.2221    +0.2206    +0.2224  -1.8372e-03      0.036 
 283   21   22  4    +0.0025    -0.0016    -0.0004  -1.2381e-03      0.035 
  37    0   37  6    +1.0569    +1.0602    +1.0577  +2.5111e-03      0.035 
  98    0   41  2    -0.0290    -0.0269    -0.0278  +9.7861e-04      0.035 
 225   11   41  1    +0.0484    +0.0502    +0.0487  +1.5235e-03      0.035 
 240   53   54  1    -0.0018    +0.0004    -0.0009  +1.2827e-03      0.034 
 459   36   35  4    +0.0222    +0.0243    +0.0231  +1.2311e-03      0.034 
 348   17    1  1    +0.2353    +0.2432    +0.2415  +1.7267e-03      0.034 
 206   24   25  1    +0.0386    +0.0388    +0.0373  +1.4370e-03      0.034 
 344   14   13  1    -0.2761    -0.2763    -0.2744  -1.8621e-03      0.033 
 138    0   24  5    +0.0000    +0.0025    +0.0034  -8.9272e-04      0.033 
  59    0    2  2    -0.0140    -0.0089    -0.0082  -6.5033e-04      0.033 
 145    0   31  5    -0.0130    -0.0108    -0.0098  -1.0453e-03      0.032 
 268    1   17  4    +0.1699    +0.1674    +0.1689  -1.5242e-03      0.031 
 371   29   28  1    +0.2455    +0.2372    +0.2388  -1.5994e-03      0.031 
  68    0   11  2    -0.0000    +0.0035    +0.0029  +6.6395e-04      0.031 
 109    0   52  2    -0.0230    -0.0270    -0.0261  -9.4519e-04      0.030 
 259    8    9  4    -0.1324    -0.1346    -0.1334  -1.2781e-03      0.030 
 322   11   43  4    -0.0053    -0.0055    -0.0066  +1.0753e-03      0.030 
 441   20   19  4    -0.0076    -0.0060    -0.0049  -1.1237e-03      0.029 
 171    0   57  5    -0.0090    -0.0131    -0.0121  -9.4415e-04      0.028 
 189    3   15  1    +0.8972    +0.8951    +0.8973  -2.2596e-03      0.028 
 221   37   38  1    -0.0701    -0.0690    -0.0701  +1.0941e-03      0.028 
 208   24   26  1    -0.1703    -0.1726    -0.1713  -1.3178e-03      0.028 
 429   15    3  4    +0.0445    +0.0438    +0.0449  -1.0756e-03      0.027 
 411   55    9  1    -0.0522    -0.0499    -0.0509  +1.0157e-03      0.027 
 113    0   56  2    -0.0350    -0.0382    -0.0375  -7.8525e-04      0.026 
 112    0   55  2    -0.0310    -0.0319    -0.0310  -8.5238e-04      0.026 
 389   45   15  1    -0.0203    -0.0181    -0.0191  +9.9135e-04      0.026 
 244   40   56  1    +0.0077    +0.0090    +0.0079  +1.0434e-03      0.026 
 276   12   13  4    +0.2126    +0.2103    +0.2116  -1.2920e-03      0.025 
  71    0   14  2    -0.0480    -0.0447    -0.0439  -7.0778e-04      0.025 
 127    0   13  5    -0.0110    -0.0162    -0.0157  -5.2482e-04      0.025 
 103    0   46  2    +0.0000    +0.0011    +0.0019  -7.0074e-04      0.025 
  83    0   26  2    -0.0000    +0.0005    +0.0013  -7.3245e-04      0.025 
 483   45   44  4    -0.0339    -0.0360    -0.0349  -1.0100e-03      0.025 
 229   15   45  1    +0.0203    +0.0181    +0.0191  -9.4135e-04      0.025 
 223   36   40  1    +0.0078    +0.0102    +0.0093  +8.8231e-04      0.025 
  84    0   27  2    -0.0430    -0.0444    -0.0436  -7.7847e-04      0.024 
 345   15   13  1    -0.1761    -0.1760    -0.1772  +1.2508e-03      0.024 
 108    0   51  2    -0.0830    -0.0805    -0.0796  -8.4130e-04      0.023 
 381   38   37  1    +0.0709    +0.0701    +0.0710  -9.0796e-04      0.023 
 488   56   57  4    -0.0160    -0.0131    -0.0139  +8.5889e-04      0.023 
 432    6    5  4    -0.1562    -0.1563    -0.1552  -1.0949e-03      0.023 
 427   16    1  4    -0.1845    -0.1856    -0.1844  -1.1919e-03      0.023 
 128    0   14  5    -0.0240    -0.0191    -0.0197  +6.0600e-04      0.022 
 129    0   15  5    -0.0230    -0.0285    -0.0281  -4.9651e-04      0.022 
 342   12    9  1    -0.2346    -0.2322    -0.2334  +1.2019e-03      0.021 
 204   22   23  1    -0.0639    -0.0650    -0.0642  -8.2703e-04      0.021 
 326   56   42  4    +0.0264    +0.0251    +0.0259  -8.2933e-04      0.021 
 134    0   20  5    -0.0050    -0.0036    -0.0043  +6.6981e-04      0.021 
 146    0   32  5    -0.0040    -0.0075    -0.0069  -6.1465e-04      0.021 
 374   31   30  1    -0.0290    -0.0335    -0.0327  -7.9435e-04      0.020 
 267    1   16  4    +0.1497    +0.1508    +0.1498  +9.9254e-04      0.020 
 285   23   24  4    +0.0500    +0.0509    +0.0501  +7.8630e-04      0.019 
 387   43   41  1    +0.0615    +0.0626    +0.0618  +8.1546e-04      0.019 
 419    9    8  4    +0.3705    +0.3702    +0.3691  +1.0750e-03      0.019 
 474   50   49  4    -0.0804    -0.0814    -0.0823  +8.1040e-04      0.019 
 158    0   44  5    -0.0080    -0.0071    -0.0077  +5.7775e-04      0.018 
 390   46   14  1    -0.1689    -0.1673    -0.1682  +8.8121e-04      0.018 
 264   13   14  4    -0.0604    -0.0628    -0.0635  +7.5439e-04      0.018 
 263    9   13  4    -0.1741    -0.1754    -0.1745  -9.4296e-04      0.018 
 284   22   23  4    +0.0601    +0.0616    +0.0623  -6.6073e-04      0.017 
 211   28   29  1    -0.2431    -0.2374    -0.2365  -8.5444e-04      0.017 
 393   49   48  1    +0.0306    +0.0296    +0.0289  +6.8802e-04      0.017 
 425   15   13  4    +0.1896    +0.1884    +0.1893  -8.6140e-04      0.016 
 334    4    3  1    +0.3526    +0.3576    +0.3567  +8.5544e-04      0.016 
 398   52   29  1    -0.1140    -0.1153    -0.1146  -6.7278e-04      0.015 
 421   11    9  4    +0.1739    +0.1749    +0.1756  -7.4551e-04      0.015 
 154    0   40  5    -0.0000    +0.0002    +0.0007  -4.9764e-04      0.015 
 169    0   55  5    -0.0160    -0.0141    -0.0145  +4.5591e-04      0.014 
 120    0    6  5    -0.0890    -0.0829    -0.0833  +4.2715e-04      0.014 
 214   30   31  1    +0.0293    +0.0336    +0.0330  +5.3984e-04      0.014 
 304   22   38  4    -0.0576    -0.0590    -0.0584  -5.2321e-04      0.014 
 188    1   17  1    -0.2333    -0.2402    -0.2395  -6.9582e-04      0.014 
 233   48   49  1    -0.0305    -0.0293    -0.0288  -5.5644e-04      0.013 
 255    4    5  4    +0.1482    +0.1452    +0.1458  -6.5783e-04      0.013 
 460   37   36  4    +0.0712    +0.0703    +0.0698  +5.2105e-04      0.013 
 194   10   12  1    +0.1074    +0.1084    +0.1089  -5.8969e-04      0.013 
 155    0   41  5    -0.0140    -0.0139    -0.0136  -3.6495e-04      0.013 
  67    0   10  2    -0.0500    -0.0465    -0.0469  +3.6040e-04      0.013 
  91    0   34  2    -0.0000    +0.0001    -0.0003  +3.9834e-04      0.012 
 482   43   11  4    +0.0060    +0.0069    +0.0073  -4.4044e-04      0.012 
 471   47   46  4    -0.1928    -0.1909    -0.1903  -5.8764e-04      0.012 
 391   47   46  1    -0.1676    -0.1682    -0.1687  +5.3965e-04      0.011 
 153    0   39  5    -0.0000    +0.0041    +0.0038  +3.7589e-04      0.011 
  78    0   21  2    -0.0000    -0.0019    -0.0016  -3.5238e-04      0.011 
  16    0   16  6    +1.0197    +1.0194    +1.0201  -7.4063e-04      0.010 
 331    9   55  4    +0.0521    +0.0507    +0.0503  +4.0196e-04      0.010 
 491   55    9  4    -0.0515    -0.0501    -0.0497  -3.8296e-04      0.010 
 414    4    3  4    -0.2606    -0.2610    -0.2615  +5.1060e-04      0.010 
 150    0   36  5    -0.0000    +0.0027    +0.0025  +2.6968e-04      0.010 
 418    8    6  4    -0.1314    -0.1339    -0.1335  -4.7868e-04      0.010 
 251    9   55  1    +0.0522    +0.0505    +0.0509  -3.6570e-04      0.010 
  62    0    5  2    -0.0600    -0.0639    -0.0642  +2.9235e-04      0.009 
 168    0   54  5    -0.0060    -0.0055    -0.0053  -2.6275e-04      0.008 
 340   10    9  1    -0.3306    -0.3268    -0.3273  +5.0437e-04      0.008 
   3    0    3  6    +1.0254    +1.0263    +1.0258  +5.4301e-04      0.008 
 257    6    7  4    +0.1050    +0.1062    +0.1059  +3.1289e-04      0.007 
 479   53   52  4    +0.0503    +0.0525    +0.0522  +2.4437e-04      0.006 
 114    0   57  2    -0.0310    -0.0291    -0.0289  -2.1099e-04      0.006 
  94    0   37  2    +0.0000    +0.0036    +0.0035  +1.6432e-04      0.006 
 319   52   53  4    -0.0493    -0.0515    -0.0513  -2.2319e-04      0.006 
  87    0   30  2    -0.0170    -0.0135    -0.0137  +1.6650e-04      0.005 
 104    0   47  2    -0.1370    -0.1382    -0.1380  -1.9228e-04      0.005 
 135    0   21  5    +0.0000    -0.0008    -0.0009  +1.3992e-04      0.004 
 302   37   39  4    +0.0262    +0.0236    +0.0234  +1.5903e-04      0.004 
 386   42   41  1    -0.0499    -0.0512    -0.0510  -1.5848e-04      0.004 
 102    0   45  2    -0.0000    +0.0016    +0.0015  +9.9594e-05      0.003 
 106    0   49  2    -0.0830    -0.0876    -0.0875  -8.8630e-05      0.003 
 396   51   10  1    -0.1732    -0.1713    -0.1715  +1.3428e-04      0.003 
  97    0   40  2    +0.0000    -0.0014    -0.0013  -8.5847e-05      0.003 
 222   37   39  1    +0.0120    +0.0138    +0.0139  -8.0626e-05      0.002 
 262    9   12  4    -0.1512    -0.1514    -0.1513  -1.0233e-04      0.002 
 404   56   40  1    -0.0077    -0.0079    -0.0079  +6.6600e-05      0.002 
  41    0   41  6    +1.0462    +1.0468    +1.0467  +9.2584e-05      0.001 
 295   31   32  4    +0.0002    +0.0016    +0.0016  +4.7717e-05      0.001 
   5    0    5  6    +1.0116    +1.0123    +1.0122  +7.4525e-05      0.001 
 201   19   20  1    +0.0188    +0.0189    +0.0189  -1.8091e-05      0.000 
 224   22   38  1    +0.0716    +0.0717    +0.0717  +1.7612e-06      0.000 
----------------------------------------------------------------------------------
Não foram identificados erros grosseiros.
Não foram identificadas medidas críticas.
Possíveis conjuntos críticos:
Conjunto 1: 396 106
Conjunto 2: 302 135
Conjunto 3: 94 114
Conjunto 4: 114 479
Conjunto 5: 340 168
Conjunto 6: 251 418
Conjunto 7: 418 150
Conjunto 8: 150 414
Conjunto 9: 414 491
Conjunto 10: 331 16
Conjunto 11: 153 391
Conjunto 12: 67 155
Conjunto 13: 194 460
Conjunto 14: 460 255
Conjunto 15: 188 304
Conjunto 16: 154 421 398
Conjunto 17: 421 398
Conjunto 18: 393 211 284
Conjunto 19: 211 284
Conjunto 20: 263 264
Conjunto 21: 474 419
Conjunto 22: 387 285
Conjunto 23: 146 134 326
Conjunto 24: 134 326
Conjunto 25: 129 128 427
Conjunto 26: 128 427 432
Conjunto 27: 427 432 488
Conjunto 28: 432 488
Conjunto 29: 381 108
Conjunto 30: 345 84
Conjunto 31: 223 229 483
Conjunto 32: 229 483 83
Conjunto 33: 483 83 103 127
Conjunto 34: 83 103 127
Conjunto 35: 103 127 71 276
Conjunto 36: 127 71 276
Conjunto 37: 71 276
Conjunto 38: 389 112
Conjunto 39: 113 411
Conjunto 40: 208 221
Conjunto 41: 221 189
Conjunto 42: 189 171
Conjunto 43: 259 109 68
Conjunto 44: 109 68
Conjunto 45: 371 268
Conjunto 46: 59 138
Conjunto 47: 344 206 348
Conjunto 48: 206 348 459
Conjunto 49: 348 459 240
Conjunto 50: 459 240
Conjunto 51: 225 98 37
Conjunto 52: 98 37 283
Conjunto 53: 37 283
Conjunto 54: 82 446
Conjunto 55: 137 456 477
Conjunto 56: 456 477
Conjunto 57: 477 282
Conjunto 58: 282 472
Conjunto 59: 7 309
Conjunto 60: 38 357 293
Conjunto 61: 357 293 80
Conjunto 62: 293 80 383
Conjunto 63: 80 383
Conjunto 64: 383 443
Conjunto 65: 166 424 66
Conjunto 66: 424 66
Conjunto 67: 66 143
Conjunto 68: 143 123 164 269
Conjunto 69: 123 164 269
Conjunto 70: 164 269 351
Conjunto 71: 269 351 53
Conjunto 72: 351 53
Conjunto 73: 53 133
Conjunto 74: 297 480
Conjunto 75: 480 362
Conjunto 76: 362 144
Conjunto 77: 144 165 271
Conjunto 78: 165 271 248
Conjunto 79: 271 248 313
Conjunto 80: 248 313 452
Conjunto 81: 313 452 162
Conjunto 82: 452 162
Conjunto 83: 47 176 467
Conjunto 84: 176 467 298 220
Conjunto 85: 467 298 220
Conjunto 86: 298 220
Conjunto 87: 95 299 360
Conjunto 88: 299 360
Conjunto 89: 241 139 126
Conjunto 90: 139 126 301
Conjunto 91: 126 301
Conjunto 92: 163 422 148
Conjunto 93: 422 148 364
Conjunto 94: 148 364 382
Conjunto 95: 364 382
Conjunto 96: 329 343 235 323
Conjunto 97: 343 235 323
Conjunto 98: 235 323
Conjunto 99: 323 258
Conjunto 100: 438 249
Conjunto 101: 191 215 457 300 321
Conjunto 102: 215 457 300 321
Conjunto 103: 457 300 321 454 369 307 458
Conjunto 104: 300 321 454 369 307 458
Conjunto 105: 321 454 369 307 458
Conjunto 106: 454 369 307 458
Conjunto 107: 369 307 458
Conjunto 108: 307 458
Conjunto 109: 458 436 236 131 175
Conjunto 110: 436 236 131 175
Conjunto 111: 236 131 175
Conjunto 112: 131 175
Conjunto 113: 292 409
Conjunto 114: 409 209
Conjunto 115: 209 203 75
Conjunto 116: 203 75 198
Conjunto 117: 75 198
Conjunto 118: 198 373 35
Conjunto 119: 373 35 261
Conjunto 120: 35 261
Conjunto 121: 261 426
Conjunto 122: 426 239
Conjunto 123: 318 462
Conjunto 124: 12 353
Conjunto 125: 353 250
Conjunto 126: 476 130 394
Conjunto 127: 130 394 28
Conjunto 128: 394 28 280
Conjunto 129: 28 280 439
Conjunto 130: 280 439 415
Conjunto 131: 439 415 156 205
Conjunto 132: 415 156 205 81 228 96 310
Conjunto 133: 156 205 81 228 96 310
Conjunto 134: 205 81 228 96 310
Conjunto 135: 81 228 96 310
Conjunto 136: 228 96 310
Conjunto 137: 96 310
Conjunto 138: 310 52
Conjunto 139: 52 294
Conjunto 140: 294 125 199 486
Conjunto 141: 125 199 486 234
Conjunto 142: 199 486 234 253 420
Conjunto 143: 486 234 253 420
Conjunto 144: 234 253 420 74 306 183
Conjunto 145: 253 420 74 306 183
Conjunto 146: 420 74 306 183
Conjunto 147: 74 306 183
Conjunto 148: 306 183 159 407
Conjunto 149: 183 159 407
Conjunto 150: 159 407 142
Conjunto 151: 407 142
Conjunto 152: 142 372 29
Conjunto 153: 372 29 219 328
Conjunto 154: 29 219 328 281
Conjunto 155: 219 328 281 379
Conjunto 156: 328 281 379 375
Conjunto 157: 281 379 375
Conjunto 158: 379 375
Conjunto 159: 151 392 110
Conjunto 160: 392 110
Conjunto 161: 367 368 92 124 324
Conjunto 162: 368 92 124 324
Conjunto 163: 92 124 324 167
Conjunto 164: 124 324 167
Conjunto 165: 324 167
Conjunto 166: 167 30 192
Conjunto 167: 30 192 15
Conjunto 168: 192 15 93 105 149
Conjunto 169: 15 93 105 149
Conjunto 170: 93 105 149
Conjunto 171: 105 149
Conjunto 172: 216 402 227 354
Conjunto 173: 402 227 354
Conjunto 174: 227 354 22
Conjunto 175: 354 22 405
Conjunto 176: 22 405 489 475 490 187
Conjunto 177: 405 489 475 490 187 254 273 157
Conjunto 178: 489 475 490 187 254 273 157 200
Conjunto 179: 475 490 187 254 273 157 200 195
Conjunto 180: 490 187 254 273 157 200 195
Conjunto 181: 187 254 273 157 200 195
Conjunto 182: 254 273 157 200 195
Conjunto 183: 273 157 200 195
Conjunto 184: 157 200 195
Conjunto 185: 200 195
Conjunto 186: 195 88 449
Conjunto 187: 88 449 19 296 388
Conjunto 188: 449 19 296 388
Conjunto 189: 19 296 388
Conjunto 190: 296 388
Conjunto 191: 388 314
Conjunto 192: 314 90 213
Conjunto 193: 90 213
Conjunto 194: 444 433 308
Conjunto 195: 433 308 288
Conjunto 196: 308 288
Conjunto 197: 288 247
Conjunto 198: 485 48 252 453 428 55 152 461
Conjunto 199: 48 252 453 428 55 152 461 54
Conjunto 200: 252 453 428 55 152 461 54
Conjunto 201: 453 428 55 152 461 54
Conjunto 202: 428 55 152 461 54
Conjunto 203: 55 152 461 54 21
Conjunto 204: 152 461 54 21 51
Conjunto 205: 461 54 21 51 384
Conjunto 206: 54 21 51 384
Conjunto 207: 21 51 384 464
Conjunto 208: 51 384 464 376
Conjunto 209: 384 464 376 117
Conjunto 210: 464 376 117
Conjunto 211: 376 117 401
Conjunto 212: 117 401 358
Conjunto 213: 401 358
Conjunto 214: 182 431 278
Conjunto 215: 431 278
Conjunto 216: 278 266 20
Conjunto 217: 266 20 23
Conjunto 218: 20 23
Conjunto 219: 23 399
Conjunto 220: 399 231 140
Conjunto 221: 231 140 341 8
Conjunto 222: 140 341 8
Conjunto 223: 341 8 115 170
Conjunto 224: 8 115 170 230
Conjunto 225: 115 170 230 147 202 60
Conjunto 226: 170 230 147 202 60 196 289
Conjunto 227: 230 147 202 60 196 289 212
Conjunto 228: 147 202 60 196 289 212 243 473 346
Conjunto 229: 202 60 196 289 212 243 473 346
Conjunto 230: 60 196 289 212 243 473 346
Conjunto 231: 196 289 212 243 473 346
Conjunto 232: 289 212 243 473 346
Conjunto 233: 212 243 473 346 99
Conjunto 234: 243 473 346 99 361
Conjunto 235: 473 346 99 361
Conjunto 236: 346 99 361
Conjunto 237: 99 361 325 70 423
Conjunto 238: 361 325 70 423
Conjunto 239: 325 70 423
Conjunto 240: 70 423 17 465 242 260
Conjunto 241: 423 17 465 242 260
Conjunto 242: 17 465 242 260 237 286
Conjunto 243: 465 242 260 237 286
Conjunto 244: 242 260 237 286
Conjunto 245: 260 237 286
Conjunto 246: 237 286
Conjunto 247: 286 207
Conjunto 248: 207 312 141 385
Conjunto 249: 312 141 385
Conjunto 250: 141 385 180
Conjunto 251: 385 180 397
Conjunto 252: 180 397
Conjunto 253: 397 11
Conjunto 254: 11 69 290 487
Conjunto 255: 69 290 487 410 1
Conjunto 256: 290 487 410 1
Conjunto 257: 487 410 1
Conjunto 258: 410 1
Conjunto 259: 1 434 245
Conjunto 260: 434 245 311 466
Conjunto 261: 245 311 466
Conjunto 262: 311 466 403
Conjunto 263: 466 403 291
Conjunto 264: 403 291
Conjunto 265: 352 218
Conjunto 266: 218 277 400
Conjunto 267: 277 400 107
Conjunto 268: 400 107
Conjunto 269: 107 445 36 327
Conjunto 270: 445 36 327
Conjunto 271: 36 327 32
Conjunto 272: 327 32
Conjunto 273: 32 57 279
Conjunto 274: 57 279 380
Conjunto 275: 279 380 256
Conjunto 276: 380 256 18 377
Conjunto 277: 256 18 377
Conjunto 278: 18 377 13
Conjunto 279: 377 13 481 89 185
Conjunto 280: 13 481 89 185 76
Conjunto 281: 481 89 185 76
Conjunto 282: 89 185 76
Conjunto 283: 185 76
Conjunto 284: 76 72 413
Conjunto 285: 72 413 320 232 275 305
Conjunto 286: 413 320 232 275 305
Conjunto 287: 320 232 275 305
Conjunto 288: 232 275 305
Conjunto 289: 275 305 408 437
Conjunto 290: 305 408 437
Conjunto 291: 408 437 116 478 14
Conjunto 292: 437 116 478 14
Conjunto 293: 116 478 14 40
Conjunto 294: 478 14 40 316 217
Conjunto 295: 14 40 316 217
Conjunto 296: 40 316 217
Conjunto 297: 316 217 274
Conjunto 298: 217 274 160
Conjunto 299: 274 160 210 406 246
Conjunto 300: 160 210 406 246
Conjunto 301: 210 406 246 349
Conjunto 302: 406 246 349 417
Conjunto 303: 246 349 417
Conjunto 304: 349 417
Conjunto 305: 417 455
Conjunto 306: 356 136
Conjunto 307: 136 238
Conjunto 308: 238 79 412 469
Conjunto 309: 79 412 469
Conjunto 310: 412 469
Conjunto 311: 470 463 49
Conjunto 312: 463 49
Conjunto 313: 9 4 101
Conjunto 314: 4 101
Conjunto 315: 366 56 451 193 179
Conjunto 316: 56 451 193 179 6
Conjunto 317: 451 193 179 6
Conjunto 318: 193 179 6 359
Conjunto 319: 179 6 359
Conjunto 320: 6 359
Conjunto 321: 10 272
Conjunto 322: 272 484 450
Conjunto 323: 484 450 330 122 100 339
Conjunto 324: 450 330 122 100 339
Conjunto 325: 330 122 100 339
Conjunto 326: 122 100 339
Conjunto 327: 100 339
Conjunto 328: 339 265 73
Conjunto 329: 265 73 197
Conjunto 330: 73 197
Conjunto 331: 197 27 177
Conjunto 332: 27 177
Conjunto 333: 177 31 447 303 287 121
Conjunto 334: 31 447 303 287 121 161
Conjunto 335: 447 303 287 121 161
Conjunto 336: 303 287 121 161
Conjunto 337: 287 121 161
Conjunto 338: 121 161
Conjunto 339: 161 226 34
Conjunto 340: 226 34 26
Conjunto 341: 34 26
Conjunto 342: 26 337
Conjunto 343: 337 435 355 378
Conjunto 344: 435 355 378
Conjunto 345: 355 378
Conjunto 346: 45 43 416
Conjunto 347: 43 416 395
Conjunto 348: 416 395
Conjunto 349: 395 42 442
Conjunto 350: 42 442 111
Conjunto 351: 442 111 65
Conjunto 352: 111 65
Conjunto 353: 65 335 44
Conjunto 354: 335 44 24
Conjunto 355: 44 24
Conjunto 356: 172 174
Conjunto 357: 174 50
Conjunto 358: 178 46
Conjunto 359: 46 33
Conjunto 360: 186 2 336
Conjunto 361: 2 336
Conjunto 362: 132 58
Conjunto 363: 58 119
Conjunto 364: 333 39 25
Conjunto 365: 39 25
Conjunto 366: 173 338
