
  **********   RELATÓRIO - FALTA BIFÁSICA (FASES B e C)    ->   BARRA - 22   **********

  CORRENTE DE FALTA: 
  -----------------------------------------------------------------------------------------
            FASE A                        FASE B                        FASE C
   Módulo(pu)    Ângulo(grau)    Módulo(pu)    Ângulo(grau)    Módulo(pu)    Ângulo(grau)
  ------------------------------------------------------------------------------------------
     0.0000           0.00            8.0666     -163.00          8.0666         17.00


  TENSÕES NAS BARRAS: 
  -----------------------------------------------------------------------------------------------
  BARRA             FASE A                        FASE B                        FASE C
           Módulo(pu)    Ângulo(grau)    Módulo(pu)    Ângulo(grau)    Módulo(pu)    Ângulo(grau)
  -----------------------------------------------------------------------------------------------
   1        2.2111           1.13          1.1055        -178.87         1.1055        -178.87
   2        2.2072           1.11          1.1036        -178.89         1.1036        -178.89
   3        2.2124           1.13          1.1062        -178.87         1.1062        -178.87
   4        2.2183           1.15          1.1091        -178.85         1.1091        -178.85
   5        2.2194           1.16          1.1097        -178.84         1.1097        -178.84
   6        2.2122           1.13          1.1061        -178.87         1.1061        -178.87
   7        2.2093           1.12          1.1046        -178.88         1.1046        -178.88
   8        2.2303           1.27          1.1152        -178.73         1.1152        -178.73
   9        2.2501           1.50          1.1250        -178.50         1.1250        -178.50
  10        2.2572           1.58          1.1286        -178.42         1.1286        -178.42
  11        2.2074           1.12          1.1037        -178.88         1.1037        -178.88
  12        2.2045           1.10          1.1022        -178.90         1.1022        -178.90
  13        2.1930           1.08          1.0965        -178.92         1.0965        -178.92
  14        2.1883           1.06          1.0941        -178.94         1.0941        -178.94
  15        2.1415           0.92          1.0707        -179.08         1.0707        -179.08
  16        2.1889           1.01          1.0945        -178.99         1.0945        -178.99
  17        2.1534           0.80          1.0767        -179.20         1.0767        -179.20
  18        2.1131           0.87          1.0565        -179.13         1.0565        -179.13
  19        2.0736           0.92          1.0368        -179.08         1.0368        -179.08
  20        1.6355          -0.20          0.8178         179.80         0.8178         179.80
  21        1.3188          -1.49          0.6594         178.51         0.6594         178.51
  22        0.9596          -4.04          0.4798         175.96         0.4798         175.96
  23        1.8797           0.13          0.9399        -179.87         0.9399        -179.87
  24        2.0241           0.10          1.0121        -179.90         1.0121        -179.90
  25        2.0189           0.41          1.0095        -179.59         1.0095        -179.59
  26        2.0739           0.64          1.0370        -179.36         1.0370        -179.36
  27        2.0244           0.55          1.0122        -179.45         1.0122        -179.45
  28        2.0388           0.61          1.0194        -179.39         1.0194        -179.39
  29        2.0545           0.65          1.0272        -179.35         1.0272        -179.35
  30        2.2150           1.02          1.1075        -178.98         1.1075        -178.98
  31        2.0600           0.65          1.0300        -179.35         1.0300        -179.35
  32        2.0167           0.55          1.0084        -179.45         1.0084        -179.45
  33        2.2623           1.06          1.1312        -178.94         1.1312        -178.94
  34        2.3934           1.22          1.1967        -178.78         1.1967        -178.78
  35        2.3954           1.23          1.1977        -178.77         1.1977        -178.77
  36        2.3949           1.23          1.1974        -178.77         1.1974        -178.77
  37        2.3978           1.24          1.1989        -178.76         1.1989        -178.76
  38        2.3807           1.13          1.1904        -178.87         1.1904        -178.87
  39        2.4569           1.23          1.2284        -178.77         1.2284        -178.77
  40        2.4898           1.22          1.2449        -178.78         1.2449        -178.78
  41        2.5155           1.23          1.2578        -178.77         1.2578        -178.77
  42        2.5849           1.25          1.2924        -178.75         1.2924        -178.75
  43        2.5033           1.35          1.2516        -178.65         1.2516        -178.65
  44        2.6558           1.50          1.3279        -178.50         1.3279        -178.50
  45        2.7017           1.54          1.3508        -178.46         1.3508        -178.46
  46        2.7321           1.54          1.3660        -178.46         1.3660        -178.46
  47        2.7384           1.56          1.3692        -178.44         1.3692        -178.44
  48        2.7393           1.53          1.3696        -178.47         1.3696        -178.47
  49        2.7331           1.55          1.3665        -178.45         1.3665        -178.45
  50        2.7399           1.55          1.3700        -178.45         1.3700        -178.45
  51        2.7485           1.54          1.3742        -178.46         1.3742        -178.46
  52        2.7511           1.54          1.3756        -178.46         1.3756        -178.46
  53        2.7543           1.55          1.3772        -178.45         1.3772        -178.45
  54        2.7528           1.55          1.3764        -178.45         1.3764        -178.45
  55        2.7532           1.55          1.3766        -178.45         1.3766        -178.45
  56        2.7530           1.55          1.3765        -178.45         1.3765        -178.45
  57        2.7490           1.55          1.3745        -178.45         1.3745        -178.45
  58        2.7512           1.54          1.3756        -178.46         1.3756        -178.46
  59        2.7501           1.59          1.3751        -178.41         1.3751        -178.41
  60        2.7373           1.58          1.3687        -178.42         1.3687        -178.42
  61        2.7355           1.57          1.3677        -178.43         1.3677        -178.43
  62        2.7385           1.58          1.3693        -178.42         1.3693        -178.42
  63        2.7164           1.45          1.3582        -178.55         1.3582        -178.55
  64        2.7146           1.46          1.3573        -178.54         1.3573        -178.54
  65        2.6943           1.41          1.3472        -178.59         1.3472        -178.59
  66        2.7429           1.60          1.3714        -178.40         1.3714        -178.40
  67        2.7422           1.59          1.3711        -178.41         1.3711        -178.41
  68        2.7241           1.42          1.3621        -178.58         1.3621        -178.58
  69        2.7611           1.64          1.3806        -178.36         1.3806        -178.36
  70        2.6099           1.80          1.3049        -178.20         1.3049        -178.20
  71        2.5605           1.69          1.2802        -178.31         1.2802        -178.31
  72        2.3055           1.02          1.1527        -178.98         1.1527        -178.98
  73        2.5607           1.69          1.2803        -178.31         1.2803        -178.31
  74        2.7052           1.72          1.3526        -178.28         1.3526        -178.28
  75        2.7295           1.70          1.3647        -178.30         1.3647        -178.30
  76        2.7796           1.67          1.3898        -178.33         1.3898        -178.33
  77        2.8477           1.64          1.4239        -178.36         1.4239        -178.36
  78        2.8515           1.64          1.4257        -178.36         1.4257        -178.36
  79        2.8586           1.64          1.4293        -178.36         1.4293        -178.36
  80        2.8641           1.66          1.4320        -178.34         1.4320        -178.34
  81        2.7584           1.40          1.3792        -178.60         1.3792        -178.60
  82        2.9289           1.50          1.4644        -178.50         1.4644        -178.50
  83        2.9486           1.46          1.4743        -178.54         1.4743        -178.54
  84        2.9709           1.39          1.4854        -178.61         1.4854        -178.61
  85        2.9803           1.37          1.4901        -178.63         1.4901        -178.63
  86        2.9884           1.35          1.4942        -178.65         1.4942        -178.65
  87        2.9935           1.35          1.4967        -178.65         1.4967        -178.65
  88        2.9909           1.38          1.4954        -178.62         1.4954        -178.62
  89        2.9965           1.39          1.4982        -178.61         1.4982        -178.61
  90        3.0017           1.38          1.5009        -178.62         1.5009        -178.62
  91        2.9999           1.38          1.4999        -178.62         1.4999        -178.62
  92        2.9931           1.40          1.4966        -178.60         1.4966        -178.60
  93        2.9811           1.43          1.4905        -178.57         1.4905        -178.57
  94        2.9690           1.47          1.4845        -178.53         1.4845        -178.53
  95        2.9538           1.50          1.4769        -178.50         1.4769        -178.50
  96        2.9339           1.55          1.4669        -178.45         1.4669        -178.45
  97        2.9011           1.60          1.4505        -178.40         1.4505        -178.40
  98        2.9139           1.57          1.4569        -178.43         1.4569        -178.43
  99        2.9563           1.50          1.4782        -178.50         1.4782        -178.50
 100        2.9894           1.43          1.4947        -178.57         1.4947        -178.57
 101        2.9941           1.42          1.4970        -178.58         1.4970        -178.58
 102        2.9944           1.41          1.4972        -178.59         1.4972        -178.59
 103        3.0163           1.37          1.5081        -178.63         1.5081        -178.63
 104        3.0306           1.35          1.5153        -178.65         1.5153        -178.65
 105        3.0393           1.33          1.5197        -178.67         1.5197        -178.67
 106        3.0361           1.34          1.5180        -178.66         1.5180        -178.66
 107        3.0494           1.31          1.5247        -178.69         1.5247        -178.69
 108        3.0439           1.32          1.5220        -178.68         1.5220        -178.68
 109        3.0454           1.32          1.5227        -178.68         1.5227        -178.68
 110        3.0479           1.32          1.5239        -178.68         1.5239        -178.68
 111        3.0488           1.32          1.5244        -178.68         1.5244        -178.68
 112        3.0503           1.31          1.5251        -178.69         1.5251        -178.69
 113        2.1360           0.77          1.0680        -179.23         1.0680        -179.23
 114        2.0201           0.56          1.0100        -179.44         1.0100        -179.44
 115        2.0206           0.56          1.0103        -179.44         1.0103        -179.44
 116        2.7244           1.42          1.3622        -178.58         1.3622        -178.58
 117        2.2053           1.11          1.1027        -178.89         1.1027        -178.89
 118        2.7533           1.69          1.3766        -178.31         1.3766        -178.31


  CORRENTES NOS RAMOS: 
  -----------------------------------------------------------------------------------------------------
  DE     PARA              FASE A                        FASE B                        FASE C
                  Módulo(pu)    Ângulo(grau)    Módulo(pu)    Ângulo(grau)    Módulo(pu)    Ângulo(grau)
  -----------------------------------------------------------------------------------------------------
  1      2         0.0000           0.00          0.0318         -155.12          0.0318          24.88
  1      3         0.0000           0.00          0.0264           23.60          0.0264        -156.40
  4      5         0.0000           0.00          0.1291           25.19          0.1291        -154.81
  3      5         0.0000           0.00          0.0559           23.03          0.0559        -156.97
  5      6         0.0000           0.00          0.1152         -157.93          0.1152          22.07
  6      7         0.0000           0.00          0.1182         -157.70          0.1182          22.30
  8      9         0.0000           0.00          0.6112           30.08          0.6112        -149.92
  8      5         0.0000           0.00          0.3812         -156.83          0.3812          23.17
  9     10         0.0000           0.00          0.2103           30.02          0.2103        -149.98
  4     11         0.0000           0.00          0.1321         -154.69          0.1321          25.31
  5     11         0.0000           0.00          0.1482         -154.58          0.1482          25.42
 11     12         0.0000           0.00          0.1249         -152.31          0.1249          27.69
  2     12         0.0000           0.00          0.0378         -154.08          0.0378          25.92
  3     12         0.0000           0.00          0.0414         -155.03          0.0414          24.97
  7     12         0.0000           0.00          0.1203         -157.54          0.1203          22.46
 11     13         0.0000           0.00          0.1642         -156.07          0.1642          23.93
 12     14         0.0000           0.00          0.1906         -156.08          0.1906          23.92
 13     15         0.0000           0.00          0.1757         -155.51          0.1757          24.49
 14     15         0.0000           0.00          0.2001         -155.66          0.2001          24.34
 12     16         0.0000           0.00          0.1603         -152.23          0.1603          27.77
 15     17         0.0000           0.00          0.2425           -3.49          0.2425         176.51
 16     17         0.0000           0.00          0.1699         -151.97          0.1699          28.03
 17     18         0.0000           0.00          0.6738         -169.21          0.6738          10.79
 18     19         0.0000           0.00          0.6762         -169.10          0.6762          10.90
 19     20         0.0000           0.00          3.1808         -162.75          3.1808          17.25
 15     19         0.0000           0.00          1.4268         -162.14          1.4268          17.86
 20     21         0.0000           0.00          3.1757         -162.67          3.1757          17.33
 21     22         0.0000           0.00          3.1649         -162.57          3.1649          17.43
 22     23         0.0000           0.00          4.9271           16.60          4.9271        -163.40
 23     24         0.0000           0.00          2.4514           14.95          2.4514        -165.05
 23     25         0.0000           0.00          1.4825           15.24          1.4825        -164.76
 26     25         0.0000           0.00          1.2597         -171.24          1.2597           8.76
 25     27         0.0000           0.00          0.0386           53.59          0.0386        -126.41
 27     28         0.0000           0.00          0.1434           20.74          0.1434        -159.26
 28     29         0.0000           0.00          0.1400           19.91          0.1400        -160.09
 30     17         0.0000           0.00          1.3872         -171.35          1.3872           8.65
  8     30         0.0000           0.00          0.3125         -141.28          0.3125          38.72
 26     30         0.0000           0.00          1.4217           11.91          1.4217        -168.09
 17     31         0.0000           0.00          0.4962         -159.05          0.4962          20.95
 29     31         0.0000           0.00          0.1374           19.32          0.1374        -160.68
 23     32         0.0000           0.00          0.9977           21.65          0.9977        -158.35
 31     32         0.0000           0.00          0.3650         -157.96          0.3650          22.04
 27     32         0.0000           0.00          0.0842         -161.83          0.0842          18.17
 15     33         0.0000           0.00          0.8054           20.53          0.8054        -159.47
 19     34         0.0000           0.00          1.0734           20.12          1.0734        -159.88
 35     36         0.0000           0.00          0.0438         -158.06          0.0438          21.94
 35     37         0.0000           0.00          0.0403           22.01          0.0403        -157.99
 33     37         0.0000           0.00          0.7939           20.44          0.7939        -159.56
 34     36         0.0000           0.00          0.0457           21.92          0.0457        -158.08
 34     37         0.0000           0.00          0.3891           22.86          0.3891        -157.14
 38     37         0.0000           0.00          0.4071           16.20          0.4071        -163.80
 37     39         0.0000           0.00          0.4622           17.64          0.4622        -162.36
 37     40         0.0000           0.00          0.4476           20.20          0.4476        -159.80
 30     38         0.0000           0.00          2.6494            7.49          2.6494        -172.51
 39     40         0.0000           0.00          0.4516           17.61          0.4516        -162.39
 40     41         0.0000           0.00          0.4382           18.88          0.4382        -161.12
 40     42         0.0000           0.00          0.4303           18.97          0.4303        -161.03
 41     42         0.0000           0.00          0.4255           18.92          0.4255        -161.08
 43     44         0.0000           0.00          0.5228           17.82          0.5228        -162.18
 34     43         0.0000           0.00          0.5504           17.84          0.5504        -162.16
 44     45         0.0000           0.00          0.4287           18.34          0.4287        -161.66
 45     46         0.0000           0.00          0.1863           17.43          0.1863        -162.57
 46     47         0.0000           0.00          0.0416           26.09          0.0416        -153.91
 46     48         0.0000           0.00          0.0315           17.20          0.0315        -162.80
 47     49         0.0000           0.00          0.0702         -158.46          0.0702          21.54
 42     49         0.0000           0.00          0.3898           19.24          0.3898        -160.76
 42     49         0.0000           0.00          0.3898           19.24          0.3898        -160.76
 45     49         0.0000           0.00          0.1373           22.29          0.1373        -157.71
 48     49         0.0000           0.00          0.1010         -166.72          0.1010          13.28
 49     50         0.0000           0.00          0.0741           19.38          0.0741        -160.62
 49     51         0.0000           0.00          0.0918           19.19          0.0918        -160.81
 51     52         0.0000           0.00          0.0369           17.90          0.0369        -162.10
 52     53         0.0000           0.00          0.0166           22.63          0.0166        -157.37
 53     54         0.0000           0.00          0.0107         -179.42          0.0107           0.58
 49     54         0.0000           0.00          0.0574           16.07          0.0574        -163.93
 49     54         0.0000           0.00          0.0563           18.53          0.0563        -161.47
 54     55         0.0000           0.00          0.0045           27.62          0.0045        -152.38
 54     56         0.0000           0.00          0.0097           23.97          0.0097        -156.03
 55     56         0.0000           0.00          0.0146         -145.29          0.0146          34.71
 56     57         0.0000           0.00          0.0339         -154.40          0.0339          25.60
 50     57         0.0000           0.00          0.0550           21.17          0.0550        -158.83
 56     58         0.0000           0.00          0.0155         -144.24          0.0155          35.76
 51     58         0.0000           0.00          0.0306           24.83          0.0306        -155.17
 54     59         0.0000           0.00          0.0117          162.49          0.0117         -17.51
 56     59         0.0000           0.00          0.0107          169.51          0.0107         -10.49
 56     59         0.0000           0.00          0.0112          169.89          0.0112         -10.11
 55     59         0.0000           0.00          0.0135          166.86          0.0135         -13.14
 59     60         0.0000           0.00          0.0748         -163.57          0.0748          16.43
 59     61         0.0000           0.00          0.0827         -163.35          0.0827          16.65
 60     61         0.0000           0.00          0.1169         -163.10          0.1169          16.90
 60     62         0.0000           0.00          0.0177           22.37          0.0177        -157.63
 61     62         0.0000           0.00          0.0682           19.81          0.0682        -160.19
 63     59         0.0000           0.00          0.7708           12.23          0.7708        -167.77
 63     64         0.0000           0.00          0.0802          173.08          0.0802          -6.92
 64     61         0.0000           0.00          0.6966           15.59          0.6966        -164.41
 38     65         0.0000           0.00          2.7449            8.82          2.7449        -171.18
 64     65         0.0000           0.00          0.5827         -167.01          0.5827          12.99
 49     66         0.0000           0.00          0.0933           27.33          0.0933        -152.67
 49     66         0.0000           0.00          0.0933           27.33          0.0933        -152.67
 62     66         0.0000           0.00          0.0175           29.18          0.0175        -150.82
 62     67         0.0000           0.00          0.0272           23.80          0.0272        -156.20
 65     66         0.0000           0.00          1.1558           12.03          1.1558        -167.97
 66     67         0.0000           0.00          0.0070         -126.32          0.0070          53.68
 65     68         0.0000           0.00          1.6080            7.25          1.6080        -172.75
 47     69         0.0000           0.00          0.0690           28.87          0.0690        -151.13
 49     69         0.0000           0.00          0.0726           27.50          0.0726        -152.50
 68     69         0.0000           0.00          0.9005           17.36          0.9005        -162.64
 69     70         0.0000           0.00          1.0051         -167.82          1.0051          12.18
 24     70         0.0000           0.00          1.2411            7.98          1.2411        -172.02
 70     71         0.0000           0.00          1.1757         -158.33          1.1757          21.67
 24     72         0.0000           0.00          1.2155           21.64          1.2155        -158.36
 71     72         0.0000           0.00          1.1982         -158.40          1.1982          21.60
 71     73         0.0000           0.00          0.0035           18.10          0.0035        -161.90
 70     74         0.0000           0.00          0.5974           16.30          0.5974        -163.70
 70     75         0.0000           0.00          0.7035           16.36          0.7035        -163.64
 69     75         0.0000           0.00          0.2141         -164.99          0.2141          15.01
 74     75         0.0000           0.00          0.4967           16.50          0.4967        -163.50
 76     77         0.0000           0.00          0.3819           17.02          0.3819        -162.98
 69     77         0.0000           0.00          0.7100           18.54          0.7100        -161.46
 75     77         0.0000           0.00          0.4908           16.95          0.4908        -163.05
 77     78         0.0000           0.00          0.2523           16.24          0.2523        -163.76
 78     79         0.0000           0.00          0.2444           16.34          0.2444        -163.66
 77     80         0.0000           0.00          0.2759           25.13          0.2759        -154.87
 77     80         0.0000           0.00          0.1300           21.45          0.1300        -158.55
 79     80         0.0000           0.00          0.0674           25.27          0.0674        -154.73
 68     81         0.0000           0.00          1.4665            4.42          1.4665        -175.58
 81     80         0.0000           0.00          2.4907            8.52          2.4907        -171.48
 77     82         0.0000           0.00          0.7808           15.76          0.7808        -164.24
 82     83         0.0000           0.00          0.4486           12.53          0.4486        -167.47
 83     84         0.0000           0.00          0.1335           18.02          0.1335        -161.98
 83     85         0.0000           0.00          0.1797            9.23          0.1797        -170.77
 84     85         0.0000           0.00          0.1159           19.07          0.1159        -160.93
 85     86         0.0000           0.00          0.0553           10.84          0.0553        -169.16
 86     87         0.0000           0.00          0.0212           10.82          0.0212        -169.18
 85     88         0.0000           0.00          0.0888           15.95          0.0888        -164.05
 85     89         0.0000           0.00          0.0805           13.31          0.0805        -166.69
 88     89         0.0000           0.00          0.0667           17.63          0.0667        -162.37
 89     90         0.0000           0.00          0.0234           12.00          0.0234        -168.00
 89     90         0.0000           0.00          0.0445           10.02          0.0445        -169.98
 90     91         0.0000           0.00          0.0184         -168.74          0.0184          11.26
 89     92         0.0000           0.00          0.0572         -178.54          0.0572           1.46
 89     92         0.0000           0.00          0.0181         -175.67          0.0181           4.33
 91     92         0.0000           0.00          0.0443         -168.98          0.0443          11.02
 92     93         0.0000           0.00          0.1189         -169.72          0.1189          10.28
 92     94         0.0000           0.00          0.1277         -169.66          0.1277          10.34
 93     94         0.0000           0.00          0.1379         -169.60          0.1379          10.40
 94     95         0.0000           0.00          0.2917         -167.97          0.2917          12.03
 80     96         0.0000           0.00          0.3272            7.82          0.3272        -172.18
 82     96         0.0000           0.00          0.0875           45.26          0.0875        -134.74
 94     96         0.0000           0.00          0.3367         -167.95          0.3367          12.05
 80     97         0.0000           0.00          0.3378            7.97          0.3378        -172.03
 80     98         0.0000           0.00          0.3918            8.87          0.3918        -171.13
 80     99         0.0000           0.00          0.3803            8.72          0.3803        -171.28
 92    100         0.0000           0.00          0.0119          169.45          0.0119         -10.55
 94    100         0.0000           0.00          0.2915           13.74          0.2915        -166.26
 95     96         0.0000           0.00          0.3036         -167.99          0.3036          12.01
 96     97         0.0000           0.00          0.3163         -172.33          0.3163           7.67
 98    100         0.0000           0.00          0.3581            8.56          0.3581        -171.44
 99    100         0.0000           0.00          0.3453            8.44          0.3453        -171.56
100    101         0.0000           0.00          0.0322            3.19          0.0322        -176.81
 92    102         0.0000           0.00          0.0191           24.17          0.0191        -155.83
101    102         0.0000           0.00          0.0050          -50.77          0.0050         129.23
100    103         0.0000           0.00          0.4279           11.48          0.4279        -168.52
100    104         0.0000           0.00          0.1718            7.92          0.1718        -172.08
103    104         0.0000           0.00          0.0752           13.60          0.0752        -166.40
103    105         0.0000           0.00          0.1171           14.47          0.1171        -165.53
100    106         0.0000           0.00          0.1718           10.13          0.1718        -169.87
104    105         0.0000           0.00          0.1953            9.42          0.1953        -170.58
105    106         0.0000           0.00          0.0500         -170.53          0.0500           9.47
105    107         0.0000           0.00          0.0461           10.08          0.0461        -169.92
105    108         0.0000           0.00          0.0535           15.19          0.0535        -164.81
106    107         0.0000           0.00          0.0609           10.37          0.0609        -169.63
108    109         0.0000           0.00          0.0407           16.73          0.0407        -163.27
103    110         0.0000           0.00          0.1482            8.51          0.1482        -171.49
109    110         0.0000           0.00          0.0270           20.02          0.0270        -159.98
110    111         0.0000           0.00          0.0100           10.27          0.0100        -169.73
110    112         0.0000           0.00          0.0310           10.24          0.0310        -169.76
 17    113         0.0000           0.00          0.4810         -158.90          0.4810          21.10
 32    113         0.0000           0.00          0.4878           21.32          0.4878        -158.68
 32    114         0.0000           0.00          0.0459           15.28          0.0459        -164.72
 27    115         0.0000           0.00          0.0434         -167.60          0.0434          12.40
114    115         0.0000           0.00          0.0448           14.00          0.0448        -166.00
 68    116         0.0000           0.00          0.0592           14.09          0.0592        -165.91
 12    117         0.0000           0.00          0.0053           31.52          0.0053        -148.48
 75    118         0.0000           0.00          0.4108           16.83          0.4108        -163.17
 76    118         0.0000           0.00          0.4013         -163.12          0.4013          16.88
  5      0         0.0000           0.00          0.1226         -149.38          0.1226          30.62
 34      0         0.0000           0.00          0.0623           21.30          0.0623        -158.70
 37      0         0.0000           0.00          0.1121         -158.82          0.1121          21.18
 44      0         0.0000           0.00          0.0665           15.45          0.0665        -164.55
 45      0         0.0000           0.00          0.0704           14.83          0.0704        -165.17
 46      0         0.0000           0.00          0.0730           14.33          0.0730        -165.67
 48      0         0.0000           0.00          0.1104           14.21          0.1104        -165.79
 74      0         0.0000           0.00          0.0851           15.34          0.0851        -164.66
 79      0         0.0000           0.00          0.1676           12.97          0.1676        -167.03
 82      0         0.0000           0.00          0.1793           11.81          0.1793        -168.19
 83      0         0.0000           0.00          0.0913           11.51          0.0913        -168.49
105      0         0.0000           0.00          0.1979           10.39          0.1979        -169.61
107      0         0.0000           0.00          0.0599           10.24          0.0599        -169.76
110      0         0.0000           0.00          0.0598           10.29          0.0598        -169.71
