================================================================================= 
=== UFF - Doutorado em Computação - Aplicaçoes em Sistemas de Potencia        === 
=== ESTIMADOR DE ESTADO MÍNIMOS QUADRADOS PONDERADOS INCLUINDO MEDIDAS DE PMU === 
=== Desenvolvido por: Rui Menezes de Moraes - 2009                            === 
================================================================================= 
Arquivo de medidores:          F:\Documents\Uff\Artigos\SimSEP\VERSAO WELDAN V2\Codigos\Med\ieee30_2_0200.med
Arquivo do sistema:            F:\Documents\Uff\Artigos\SimSEP\VERSAO WELDAN V2\Codigos\Carga\ieee30_2_0200.txt
Tolerância entre iteraçoes:     1.00e-04
Limite de iteraçoes:           100

--- DADOS DA REDE --------------------------------------------------------------- 
Data do caso:                  08/20/93
Origem:                        UW ARCHIVE          
MVA base:                      100
Ano:                           1961
Estação:                       W
Identificação:                 IEEE 30 Bus Test Case
Número de barras:              30 
Número de ramos:               41 
Referência na barra:           1

--- TELEMEDIDAS ------------------------------------------------------------------
    Tipo 1 = Fluxo de potencia ativa        Tipo  6 = Módulo da tensão            
    Tipo 2 = Injeção de potencia ativa      Tipo  7 = Corrente de ramo (real)     
    Tipo 3 = Ângulo de fase da tensão       Tipo  8 = Corrente de ramo (imag)     
    Tipo 4 = Fluxo de potencia reativa      Tipo  9 = Injeção de corrente (real)  
    Tipo 5 = Injeção de potencia reativa    Tipo 10 = Injeção de corrente (imag)  
----------------------------------------------------------------------------------
   N    D    P TP  PN ST   Exa   FS       DP      V_Ref      V_Med          E(%) 
----------------------------------------------------------------------------------
   1    0    1  6   0  0 0.015 01.1  0.00530   +1.06000   +1.07533     +1.446226 
   2    0    2  6   0  0 0.015 01.1  0.00522   +1.04500   +1.04543     +0.041148 
   3    0    3  6   0  0 0.015 01.1  0.00523   +1.04517   +1.06061     +1.477272 
   4    0    4  6   0  0 0.015 01.1  0.00520   +1.04064   +1.03926     -0.132611 
   5    0    5  6   0  0 0.015 01.1  0.00505   +1.01000   +1.00776     -0.221782 
   6    0    6  6   0  0 0.015 01.1  0.00519   +1.03849   +1.02955     -0.860865 
   7    0    7  6   0  0 0.015 01.1  0.00513   +1.02643   +1.01699     -0.919693 
   8    0    8  6   0  0 0.015 01.1  0.00517   +1.03443   +1.04476     +0.998618 
   9    0    9  6   0  0 0.015 01.1  0.00541   +1.08241   +1.08977     +0.679964 
  10    0   10  6   0  0 0.015 01.1  0.00547   +1.09362   +1.09459     +0.088696 
  11    0   11  6   0  0 0.015 01.1  0.00541   +1.08200   +1.09268     +0.987061 
  12    0   12  6   0  0 0.015 01.1  0.00549   +1.09780   +1.09819     +0.035526 
  13    0   13  6   0  0 0.015 01.1  0.00545   +1.09010   +1.09180     +0.155949 
  14    0   14  6   0  0 0.015 01.1  0.00548   +1.09597   +1.08655     -0.859513 
  15    0   15  6   0  0 0.015 01.1  0.00548   +1.09511   +1.09799     +0.262987 
  16    0   16  6   0  0 0.015 01.1  0.00547   +1.09462   +1.08289     -1.071605 
  17    0   17  6   0  0 0.015 01.1  0.00547   +1.09337   +1.07868     -1.343553 
  18    0   18  6   0  0 0.015 01.1  0.00547   +1.09303   +1.09904     +0.549848 
  19    0   19  6   0  0 0.015 01.1  0.00546   +1.09214   +1.09570     +0.325966 
  20    0   20  6   0  0 0.015 01.1  0.00546   +1.09239   +1.08320     -0.841275 
  21    0   21  6   0  0 0.015 01.1  0.00546   +1.09265   +1.08958     -0.280968 
  22    0   22  6   0  0 0.015 01.1  0.00547   +1.09295   +1.09721     +0.389771 
  23    0   23  6   0  0 0.015 01.1  0.00547   +1.09444   +1.09626     +0.166295 
  24    0   24  6   0  0 0.015 01.1  0.00547   +1.09456   +1.08233     -1.117344 
  25    0   25  6   0  0 0.015 01.1  0.00543   +1.08660   +1.07582     -0.992085 
  26    0   26  6   0  0 0.015 01.1  0.00542   +1.08438   +1.06814     -1.497630 
  27    0   27  6   0  0 0.015 01.1  0.00541   +1.08259   +1.07993     -0.245707 
  28    0   28  6   0  0 0.015 01.1  0.00520   +1.03953   +1.03917     -0.034631 
  29    0   29  6   0  0 0.015 01.1  0.00540   +1.08014   +1.06912     -1.020238 
  30    0   30  6   0  0 0.015 01.1  0.00539   +1.07855   +1.08395     +0.500672 
  31    0    1  2   0  0 0.020 01.0  0.00259   +0.12805   +0.12057     -5.841468 
  32    0    2  2   0  0 0.020 01.0  0.00420   +0.37000   +0.36042     -2.589189 
  33    0    3  2   0  0 0.020 01.0  0.00175   -0.00300   +0.00176   -158.666667 
  34    0    4  2   0  0 0.020 01.0  0.00177   -0.00500   +0.00004   -100.800000 
  35    0    5  2   0  0 0.020 01.0  0.00261   -0.13200   -0.13936     +5.575758 
  36    0    6  2   0  0 0.020 01.0  0.00173   +0.00000   -0.00006     +0.000000 
  37    0    7  2   0  0 0.020 01.0  0.00195   -0.03200   -0.02776    -13.250000 
  38    0    8  2   0  0 0.020 01.0  0.00201   -0.04200   -0.04511     +7.404762 
  39    0    9  2   0  0 0.020 01.0  0.00173   +0.00000   +0.00348     +0.000000 
  40    0   10  2   0  0 0.020 01.0  0.00265   -0.13800   -0.13301     -3.615942 
  41    0   11  2   0  0 0.020 01.0  0.00173   +0.00000   +0.00134     +0.000000 
  42    0   12  2   0  0 0.020 01.0  0.00184   -0.01600   -0.02150    +34.375000 
  43    0   13  2   0  0 0.020 01.0  0.00173   -0.00000   -0.00125     +0.000000 
  44    0   14  2   0  0 0.020 01.0  0.00179   -0.00900   -0.00465    -48.333333 
  45    0   15  2   0  0 0.020 01.0  0.00181   -0.01100   -0.00904    -17.818182 
  46    0   16  2   0  0 0.020 01.0  0.00177   -0.00500   -0.00628    +25.600000 
  47    0   17  2   0  0 0.020 01.0  0.00182   -0.01300   -0.01156    -11.076923 
  48    0   18  2   0  0 0.020 01.0  0.00176   -0.00400   -0.00671    +67.750000 
  49    0   19  2   0  0 0.020 01.0  0.00182   -0.01300   -0.01222     -6.000000 
  50    0   20  2   0  0 0.020 01.0  0.00175   -0.00300   +0.00207   -169.000000 
  51    0   21  2   0  0 0.020 01.0  0.00190   -0.02500   -0.02101    -15.960000 
  52    0   22  2   0  0 0.020 01.0  0.00173   +0.00000   -0.00225     +0.000000 
  53    0   23  2   0  0 0.020 01.0  0.00176   -0.00400   -0.00207    -48.250000 
  54    0   24  2   0  0 0.020 01.0  0.00181   -0.01200   -0.01354    +12.833333 
  55    0   25  2   0  0 0.020 01.0  0.00173   +0.00000   +0.00506     +0.000000 
  56    0   26  2   0  0 0.020 01.0  0.00177   -0.00500   -0.00941    +88.200000 
  57    0   27  2   0  0 0.020 01.0  0.00173   -0.00000   -0.00260     +0.000000 
  58    0   28  2   0  0 0.020 01.0  0.00173   +0.00000   +0.00324     +0.000000 
  59    0   29  2   0  0 0.020 01.0  0.00175   -0.00300   -0.00737   +145.666667 
  60    0   30  2   0  0 0.020 01.0  0.00183   -0.01500   -0.01466     -2.266667 
  61    0    1  5   0  0 0.020 01.0  0.00362   +0.28353   +0.29006     +2.303107 
  62    0    2  5   0  0 0.020 01.0  0.00321   -0.22155   -0.21694     -2.080794 
  63    0    3  5   0  0 0.020 01.0  0.00175   -0.00200   -0.00576   +188.000000 
  64    0    4  5   0  0 0.020 01.0  0.00174   -0.00100   -0.00165    +65.000000 
  65    0    5  5   0  0 0.020 01.0  0.00387   -0.31997   -0.32344     +1.084477 
  66    0    6  5   0  0 0.020 01.0  0.00173   -0.00000   -0.00022     +0.000000 
  67    0    7  5   0  0 0.020 01.0  0.00183   -0.01500   -0.01404     -6.400000 
  68    0    8  5   0  0 0.020 01.0  0.00268   -0.14199   -0.14769     +4.014367 
  69    0    9  5   0  0 0.020 01.0  0.00173   +0.00000   +0.00422     +0.000000 
  70    0   10  5   0  0 0.020 01.0  0.00205   -0.04800   -0.04627     -3.604167 
  71    0   11  5   0  0 0.020 01.0  0.00175   -0.00212   -0.00566   +166.981132 
  72    0   12  5   0  0 0.020 01.0  0.00181   -0.01100   -0.01029     -6.454545 
  73    0   13  5   0  0 0.020 01.0  0.00213   -0.06000   -0.05448     -9.200000 
  74    0   14  5   0  0 0.020 01.0  0.00175   -0.00200   +0.00097   -148.500000 
  75    0   15  5   0  0 0.020 01.0  0.00176   -0.00400   -0.00204    -49.000000 
  76    0   16  5   0  0 0.020 01.0  0.00175   -0.00300   -0.00336    +12.000000 
  77    0   17  5   0  0 0.020 01.0  0.00179   -0.00800   -0.01057    +32.125000 
  78    0   18  5   0  0 0.020 01.0  0.00174   -0.00100   -0.00028    -72.000000 
  79    0   19  5   0  0 0.020 01.0  0.00177   -0.00500   -0.00766    +53.200000 
  80    0   20  5   0  0 0.020 01.0  0.00174   -0.00100   -0.00289   +189.000000 
  81    0   21  5   0  0 0.020 01.0  0.00184   -0.01600   -0.01146    -28.375000 
  82    0   22  5   0  0 0.020 01.0  0.00173   -0.00000   +0.00401     +0.000000 
  83    0   23  5   0  0 0.020 01.0  0.00175   -0.00200   +0.00109   -154.500000 
  84    0   24  5   0  0 0.020 01.0  0.00179   -0.00900   -0.00442    -50.888889 
  85    0   25  5   0  0 0.020 01.0  0.00173   -0.00000   -0.00334     +0.000000 
  86    0   26  5   0  0 0.020 01.0  0.00175   -0.00300   -0.00282     -6.000000 
  87    0   27  5   0  0 0.020 01.0  0.00173   +0.00000   +0.00132     +0.000000 
  88    0   28  5   0  0 0.020 01.0  0.00173   -0.00000   +0.00430     +0.000000 
  89    0   29  5   0  0 0.020 01.0  0.00174   -0.00100   +0.00071   -171.000000 
  90    0   30  5   0  0 0.020 01.0  0.00175   -0.00300   -0.00417    +39.000000 
  91    1    2  1   0  0 0.020 01.0  0.00187   +0.02098   +0.02368    +12.869399 
  92    1    3  1   0  0 0.020 01.0  0.00245   +0.10707   +0.11174     +4.361633 
  93    2    4  1   0  0 0.020 01.0  0.00252   +0.11756   +0.11908     +1.292957 
  94    3    4  1   0  0 0.020 01.0  0.00242   +0.10343   +0.09740     -5.830030 
  95    2    5  1   0  0 0.020 01.0  0.00259   +0.12900   +0.13557     +5.093023 
  96    2    6  1   0  0 0.020 01.0  0.00269   +0.14317   +0.13597     -5.028987 
  97    4    6  1   0  0 0.020 01.0  0.00251   +0.11723   +0.11764     +0.349740 
  98    5    7  1   0  0 0.020 01.0  0.00177   -0.00476   -0.00879    +84.663866 
  99    6    7  1   0  0 0.020 01.0  0.00199   +0.03818   +0.03675     -3.745416 
 100    6    8  1   0  0 0.020 01.0  0.00201   +0.04205   +0.04583     +8.989298 
 101    6    9  1   0  0 0.020 01.0  0.00235   +0.09309   +0.08948     -3.877968 
 102    6   10  1   0  0 0.020 01.0  0.00209   +0.05375   +0.05857     +8.967442 
 103    9   11  1   0  0 0.020 01.0  0.00173   +0.00000   +0.00221     +0.000000 
 104    9   10  1   0  0 0.020 01.0  0.00235   +0.09310   +0.09137     -1.858217 
 105    4   12  1   0  0 0.020 01.0  0.00238   +0.09781   +0.09422     -3.670381 
 106   12   13  1   0  0 0.020 01.0  0.00173   +0.00000   -0.00257     +0.000000 
 107   12   14  1   0  0 0.020 01.0  0.00183   +0.01425   +0.01719    +20.631579 
 108   12   15  1   0  0 0.020 01.0  0.00199   +0.03844   +0.03306    -13.995838 
 109   12   16  1   0  0 0.020 01.0  0.00193   +0.02912   +0.03126     +7.348901 
 110   14   15  1   0  0 0.020 01.0  0.00177   +0.00523   +0.00651    +24.474187 
 111   16   17  1   0  0 0.020 01.0  0.00189   +0.02405   +0.02685    +11.642412 
 112   15   18  1   0  0 0.020 01.0  0.00186   +0.01873   +0.02405    +28.403631 
 113   18   19  1   0  0 0.020 01.0  0.00183   +0.01470   +0.01342     -8.707483 
 114   19   20  1   0  0 0.020 01.0  0.00175   +0.00169   -0.00082   -148.520710 
 115   10   20  1   0  0 0.020 01.0  0.00174   +0.00132   +0.00526   +298.484848 
 116   10   17  1   0  0 0.020 01.0  0.00181   -0.01102   -0.00770    -30.127042 
 117   10   21  1   0  0 0.020 01.0  0.00182   +0.01356   +0.01314     -3.097345 
 118   10   22  1   0  0 0.020 01.0  0.00177   +0.00499   +0.00065    -86.973948 
 119   21   22  1   0  0 0.020 01.0  0.00181   -0.01145   -0.01075     -6.113537 
 120   15   23  1   0  0 0.020 01.0  0.00183   +0.01385   +0.01043    -24.693141 
 121   22   24  1   0  0 0.020 01.0  0.00178   -0.00646   -0.00613     -5.108359 
 122   23   24  1   0  0 0.020 01.0  0.00180   +0.00983   +0.00827    -15.869786 
 123   24   25  1   0  0 0.020 01.0  0.00179   -0.00865   -0.01064    +23.005780 
 124   25   26  1   0  0 0.020 01.0  0.00177   +0.00501   +0.00741    +47.904192 
 125   25   27  1   0  0 0.020 01.0  0.00183   -0.01383   -0.01365     -1.301518 
 126   28   27  1   0  0 0.020 01.0  0.00195   +0.03196   +0.03536    +10.638298 
 127   27   29  1   0  0 0.020 01.0  0.00179   +0.00832   +0.00515    -38.100962 
 128   27   30  1   0  0 0.020 01.0  0.00180   +0.00973   +0.01165    +19.732785 
 129   29   30  1   0  0 0.020 01.0  0.00177   +0.00531   +0.00056    -89.453861 
 130    8   28  1   0  0 0.020 01.0  0.00173   -0.00006   +0.00307  -5216.666667 
 131    6   28  1   0  0 0.020 01.0  0.00195   +0.03209   +0.03418     +6.512932 
 132    1    2  4   0  0 0.020 01.0  0.00333   +0.23998   +0.24890     +3.716976 
 133    1    3  4   0  0 0.020 01.0  0.00202   +0.04355   +0.03859    -11.389208 
 134    2    4  4   0  0 0.020 01.0  0.00194   -0.03124   -0.02649    -15.204866 
 135    3    4  4   0  0 0.020 01.0  0.00230   +0.08442   +0.08456     +0.165837 
 136    2    5  4   0  0 0.020 01.0  0.00261   +0.13171   +0.13351     +1.366639 
 137    2    6  4   0  0 0.020 01.0  0.00192   -0.02729   -0.02940     +7.731770 
 138    4    6  4   0  0 0.020 01.0  0.00184   +0.01565   +0.01099    -29.776358 
 139    5    7  4   0  0 0.020 01.0  0.00274   -0.15147   -0.14570     -3.809335 
 140    6    7  4   0  0 0.020 01.0  0.00261   +0.13106   +0.12550     -4.242332 
 141    6    8  4   0  0 0.020 01.0  0.00229   +0.08347   +0.08169     -2.132503 
 142    6    9  4   0  0 0.020 01.0  0.00243   -0.10417   -0.10239     -1.708745 
 143    6   10  4   0  0 0.020 01.0  0.00201   -0.04154   -0.03554    -14.443909 
 144    9   11  4   0  0 0.020 01.0  0.00175   +0.00213   +0.00231     +8.450704 
 145    9   10  4   0  0 0.020 01.0  0.00247   -0.10990   -0.10264     -6.606005 
 146    4   12  4   0  0 0.020 01.0  0.00229   +0.08282   +0.07907     -4.527892 
 147   12   13  4   0  0 0.020 01.0  0.00214   +0.06042   +0.05912     -2.151605 
 148   12   14  4   0  0 0.020 01.0  0.00174   +0.00101   +0.00306   +202.970297 
 149   12   15  4   0  0 0.020 01.0  0.00176   +0.00324   -0.00134   -141.358025 
 150   12   16  4   0  0 0.020 01.0  0.00176   +0.00378   +0.00639    +69.047619 
 151   14   15  4   0  0 0.020 01.0  0.00174   -0.00104   -0.00187    +79.807692 
 152   16   17  4   0  0 0.020 01.0  0.00174   +0.00064   +0.00388   +506.250000 
 153   15   18  4   0  0 0.020 01.0  0.00174   +0.00127   +0.00001    -99.212598 
 154   18   19  4   0  0 0.020 01.0  0.00173   +0.00020   -0.00168   -940.000000 
 155   19   20  4   0  0 0.020 01.0  0.00177   -0.00482   +0.00033   -106.846473 
 156   10   20  4   0  0 0.020 01.0  0.00177   +0.00583   +0.00815    +39.794168 
 157   10   17  4   0  0 0.020 01.0  0.00178   +0.00747   +0.00654    -12.449799 
 158   10   21  4   0  0 0.020 01.0  0.00179   +0.00785   +0.00355    -54.777070 
 159   10   22  4   0  0 0.020 01.0  0.00175   +0.00248   +0.00494    +99.193548 
 160   21   22  4   0  0 0.020 01.0  0.00179   -0.00817   -0.00669    -18.115055 
 161   15   23  4   0  0 0.020 01.0  0.00176   -0.00323   -0.00772   +139.009288 
 162   22   24  4   0  0 0.020 01.0  0.00177   -0.00570   -0.00973    +70.701754 
 163   23   24  4   0  0 0.020 01.0  0.00177   -0.00526   -0.00015    -97.148289 
 164   24   25  4   0  0 0.020 01.0  0.00194   +0.03152   +0.03148     -0.126904 
 165   25   26  4   0  0 0.020 01.0  0.00175   +0.00301   -0.00201   -166.777409 
 166   25   27  4   0  0 0.020 01.0  0.00192   +0.02821   +0.02307    -18.220489 
 167   28   27  4   0  0 0.020 01.0  0.00189   -0.02341   -0.02748    +17.385733 
 168   27   29  4   0  0 0.020 01.0  0.00175   +0.00199   +0.00612   +207.537688 
 169   27   30  4   0  0 0.020 01.0  0.00175   +0.00210   +0.00174    -17.142857 
 170   29   30  4   0  0 0.020 01.0  0.00174   +0.00097   +0.00160    +64.948454 
 171    8   28  4   0  0 0.020 01.0  0.00206   -0.04923   -0.04930     +0.142190 
 172    6   28  4   0  0 0.020 01.0  0.00196   -0.03401   -0.03909    +14.936783 
 173    2    1  1   0  0 0.020 01.0  0.00186   -0.01973   -0.01528    -22.554486 
 174    3    1  1   0  0 0.020 01.0  0.00244   -0.10643   -0.10953     +2.912713 
 175    4    2  1   0  0 0.020 01.0  0.00251   -0.11683   -0.12031     +2.978687 
 176    4    3  1   0  0 0.020 01.0  0.00242   -0.10321   -0.10184     -1.327391 
 177    5    2  1   0  0 0.020 01.0  0.00258   -0.12724   -0.12762     +0.298648 
 178    6    2  1   0  0 0.020 01.0  0.00268   -0.14208   -0.14420     +1.492117 
 179    6    4  1   0  0 0.020 01.0  0.00251   -0.11708   -0.11473     -2.007175 
 180    7    5  1   0  0 0.020 01.0  0.00177   +0.00565   +0.01031    +82.477876 
 181    7    6  1   0  0 0.020 01.0  0.00198   -0.03765   -0.03622     -3.798141 
 182    8    6  1   0  0 0.020 01.0  0.00201   -0.04194   -0.04456     +6.247020 
 183    9    6  1   0  0 0.020 01.0  0.00235   -0.09309   -0.09726     +4.479536 
 184   10    6  1   0  0 0.020 01.0  0.00209   -0.05375   -0.05451     +1.413953 
 185   11    9  1   0  0 0.020 01.0  0.00173   -0.00000   -0.00492     +0.000000 
 186   10    9  1   0  0 0.020 01.0  0.00235   -0.09310   -0.08778     -5.714286 
 187   12    4  1   0  0 0.020 01.0  0.00238   -0.09781   -0.09623     -1.615377 
 188   13   12  1   0  0 0.020 01.0  0.00173   -0.00000   -0.00308     +0.000000 
 189   14   12  1   0  0 0.020 01.0  0.00183   -0.01423   -0.01401     -1.546030 
 190   15   12  1   0  0 0.020 01.0  0.00199   -0.03835   -0.04368    +13.898305 
 191   16   12  1   0  0 0.020 01.0  0.00193   -0.02905   -0.02486    -14.423408 
 192   15   14  1   0  0 0.020 01.0  0.00177   -0.00523   -0.00583    +11.472275 
 193   17   16  1   0  0 0.020 01.0  0.00189   -0.02403   -0.02348     -2.288806 
 194   18   15  1   0  0 0.020 01.0  0.00186   -0.01870   -0.01795     -4.010695 
 195   19   18  1   0  0 0.020 01.0  0.00183   -0.01469   -0.01271    -13.478557 
 196   20   19  1   0  0 0.020 01.0  0.00175   -0.00169   -0.00303    +79.289941 
 197   20   10  1   0  0 0.020 01.0  0.00174   -0.00131   -0.00572   +336.641221 
 198   17   10  1   0  0 0.020 01.0  0.00181   +0.01103   +0.01055     -4.351768 
 199   21   10  1   0  0 0.020 01.0  0.00182   -0.01355   -0.01850    +36.531365 
 200   22   10  1   0  0 0.020 01.0  0.00177   -0.00498   -0.00246    -50.602410 
 201   22   21  1   0  0 0.020 01.0  0.00181   +0.01145   +0.00643    -43.842795 
 202   23   15  1   0  0 0.020 01.0  0.00183   -0.01383   -0.00886    -35.936370 
 203   24   22  1   0  0 0.020 01.0  0.00178   +0.00647   +0.00905    +39.876352 
 204   24   23  1   0  0 0.020 01.0  0.00180   -0.00982   -0.00510    -48.065173 
 205   25   24  1   0  0 0.020 01.0  0.00179   +0.00882   +0.00896     +1.587302 
 206   26   25  1   0  0 0.020 01.0  0.00177   -0.00500   -0.00775    +55.000000 
 207   27   25  1   0  0 0.020 01.0  0.00183   +0.01392   +0.01129    -18.893678 
 208   27   28  1   0  0 0.020 01.0  0.00195   -0.03196   -0.02894     -9.449312 
 209   29   27  1   0  0 0.020 01.0  0.00179   -0.00831   -0.00301    -63.778580 
 210   30   27  1   0  0 0.020 01.0  0.00180   -0.00970   -0.01125    +15.979381 
 211   30   29  1   0  0 0.020 01.0  0.00177   -0.00530   -0.00262    -50.566038 
 212   28    8  1   0  0 0.020 01.0  0.00173   +0.00010   -0.00396  -4060.000000 
 213   28    6  1   0  0 0.020 01.0  0.00195   -0.03206   -0.03093     -3.524641 
 214    2    1  4   0  0 0.020 01.0  0.00370   -0.29473   -0.29627     +0.522512 
 215    3    1  4   0  0 0.020 01.0  0.00231   -0.08642   -0.08322     -3.702847 
 216    4    2  4   0  0 0.020 01.0  0.00178   -0.00656   -0.00910    +38.719512 
 217    4    3  4   0  0 0.020 01.0  0.00235   -0.09291   -0.09863     +6.156496 
 218    5    2  4   0  0 0.020 01.0  0.00286   -0.16850   -0.16934     +0.498516 
 219    6    2  4   0  0 0.020 01.0  0.00180   -0.00998   -0.00847    -15.130261 
 220    6    4  4   0  0 0.020 01.0  0.00190   -0.02483   -0.02902    +16.874748 
 221    7    5  4   0  0 0.020 01.0  0.00262   +0.13258   +0.13184     -0.558154 
 222    7    6  4   0  0 0.020 01.0  0.00272   -0.14758   -0.14510     -1.680445 
 223    8    6  4   0  0 0.020 01.0  0.00235   -0.09277   -0.08815     -4.980058 
 224    9    6  4   0  0 0.020 01.0  0.00245   +0.10777   +0.10495     -2.616684 
 225   10    6  4   0  0 0.020 01.0  0.00202   +0.04377   +0.04259     -2.695910 
 226   11    9  4   0  0 0.020 01.0  0.00175   -0.00212   +0.00190   -189.622642 
 227   10    9  4   0  0 0.020 01.0  0.00248   +0.11185   +0.11483     +2.664283 
 228   12    4  4   0  0 0.020 01.0  0.00226   -0.07945   -0.08295     +4.405286 
 229   13   12  4   0  0 0.020 01.0  0.00213   -0.06000   -0.05667     -5.550000 
 230   14   12  4   0  0 0.020 01.0  0.00174   -0.00096   -0.00315   +228.125000 
 231   15   12  4   0  0 0.020 01.0  0.00175   -0.00308   -0.00542    +75.974026 
 232   16   12  4   0  0 0.020 01.0  0.00176   -0.00364   -0.00884   +142.857143 
 233   15   14  4   0  0 0.020 01.0  0.00174   +0.00104   -0.00027   -125.961538 
 234   17   16  4   0  0 0.020 01.0  0.00174   -0.00054   -0.00120   +122.222222 
 235   18   15  4   0  0 0.020 01.0  0.00174   -0.00120   -0.00325   +170.833333 
 236   19   18  4   0  0 0.020 01.0  0.00173   -0.00018   -0.00236  +1211.111111 
 237   20   19  4   0  0 0.020 01.0  0.00177   +0.00482   +0.00209    -56.639004 
 238   20   10  4   0  0 0.020 01.0  0.00177   -0.00582   -0.00118    -79.725086 
 239   17   10  4   0  0 0.020 01.0  0.00178   -0.00746   -0.00360    -51.742627 
 240   21   10  4   0  0 0.020 01.0  0.00179   -0.00783   -0.00893    +14.048531 
 241   22   10  4   0  0 0.020 01.0  0.00175   -0.00247   -0.00269     +8.906883 
 242   22   21  4   0  0 0.020 01.0  0.00179   +0.00817   +0.00887     +8.567931 
 243   23   15  4   0  0 0.020 01.0  0.00176   +0.00326   +0.00316     -3.067485 
 244   24   22  4   0  0 0.020 01.0  0.00177   +0.00571   +0.00326    -42.907180 
 245   24   23  4   0  0 0.020 01.0  0.00177   +0.00529   +0.01049    +98.298677 
 246   25   24  4   0  0 0.020 01.0  0.00194   -0.03122   -0.03491    +11.819347 
 247   26   25  4   0  0 0.020 01.0  0.00175   -0.00300   +0.00080   -126.666667 
 248   27   25  4   0  0 0.020 01.0  0.00192   -0.02804   -0.03342    +19.186876 
 249   27   28  4   0  0 0.020 01.0  0.00189   +0.02395   +0.02204     -7.974948 
 250   29   27  4   0  0 0.020 01.0  0.00175   -0.00197   +0.00064   -132.487310 
 251   30   27  4   0  0 0.020 01.0  0.00175   -0.00204   -0.00053    -74.019608 
 252   30   29  4   0  0 0.020 01.0  0.00174   -0.00096   -0.00441   +359.375000 
 253   28    8  4   0  0 0.020 01.0  0.00176   +0.00333   +0.00810   +143.243243 
 254   28    6  4   0  0 0.020 01.0  0.00187   +0.02008   +0.02056     +2.390438 
----------------------------------------------------------------------------------
Número de medidores SCADA:     254
Número de PMUs:                0
Número de medidas das PMUs:    0
----------------------------------------------------------------------------------

Não há medidas de ângulo.
Não há medidores desabilitados.
============================== Estado Estimado ===================================
                 Barra     Mod(pu)    Ang(graus)              
----------------------------------------------------------------------------------
                    1            1.0589              0.00        
                    2            1.0438              0.21        
                    3            1.0439             -0.74        
                    4            1.0393             -0.88        
                    5            1.0086             -0.79        
                    6            1.0372             -1.13        
                    7            1.0252             -1.09        
                    8            1.0331             -1.17        
                    9            1.0808             -2.09        
                   10            1.0919             -2.57        
                   11            1.0803             -2.11        
                   12            1.0964             -2.07        
                   13            1.0890             -2.07        
                   14            1.0947             -2.23        
                   15            1.0937             -2.29        
                   16            1.0929             -2.31        
                   17            1.0915             -2.52        
                   18            1.0912             -2.50        
                   19            1.0902             -2.58        
                   20            1.0904             -2.58        
                   21            1.0910             -2.61        
                   22            1.0913             -2.60        
                   23            1.0934             -2.43        
                   24            1.0932             -2.58        
                   25            1.0850             -2.14        
                   26            1.0827             -2.28        
                   27            1.0810             -1.87        
                   28            1.0384             -1.25        
                   29            1.0786             -2.02        
                   30            1.0770             -2.08        
----------------------------------------------------------------------------------
Convergiu em:    2 iteraçoes. 
----------------------------------------------------------------------------------
--- RESIDUOS NORMALIZADOS --------------------------------------------------------
   N    D    P  TP      Real     Medido   Estimado      Med-Est        rn 
----------------------------------------------------------------------------------
   3    0    3  6    +1.0452    +1.0606    +1.0439  +1.6718e-02      0.235 
   1    0    1  6    +1.0600    +1.0753    +1.0589  +1.6392e-02      0.229 
  26    0   26  6    +1.0844    +1.0681    +1.0827  -1.4533e-02      0.203 
  17    0   17  6    +1.0934    +1.0787    +1.0915  -1.2825e-02      0.177 
 248   27   25  4    -0.0280    -0.0334    -0.0268  -6.6629e-03      0.172 
  11    0   11  6    +1.0820    +1.0927    +1.0803  +1.2373e-02      0.172 
  70    0   10  5    -0.0480    -0.0463    -0.0508  +4.5269e-03      0.167 
   8    0    8  6    +1.0344    +1.0448    +1.0331  +1.1671e-02      0.165 
  32    0    2  2    +0.3700    +0.3604    +0.3683  -7.9122e-03      0.163 
 245   24   23  4    +0.0053    +0.0105    +0.0042  +6.2689e-03      0.161 
 133    1    3  4    +0.0435    +0.0386    +0.0453  -6.7503e-03      0.159 
  82    0   22  5    -0.0000    +0.0040    -0.0006  +4.5995e-03      0.153 
  50    0   20  2    -0.0030    +0.0021    -0.0027  +4.7327e-03      0.150 
  24    0   24  6    +1.0946    +1.0823    +1.0932  -1.0882e-02      0.150 
 190   15   12  1    -0.0384    -0.0437    -0.0377  -5.9673e-03      0.147 
 199   21   10  1    -0.0135    -0.0185    -0.0130  -5.4991e-03      0.145 
  33    0    3  2    -0.0030    +0.0018    -0.0026  +4.3245e-03      0.142 
  92    1    3  1    +0.1071    +0.1117    +0.1052  +6.5275e-03      0.139 
  16    0   16  6    +1.0946    +1.0829    +1.0929  -9.9994e-03      0.138 
 209   29   27  1    -0.0083    -0.0030    -0.0083  +5.2476e-03      0.137 
 238   20   10  4    -0.0058    -0.0012    -0.0062  +5.0376e-03      0.136 
 239   17   10  4    -0.0075    -0.0036    -0.0084  +4.8338e-03      0.134 
  29    0   29  6    +1.0801    +1.0691    +1.0786  -9.5092e-03      0.133 
 226   11    9  4    -0.0021    +0.0019    -0.0028  +4.6831e-03      0.133 
 167   28   27  4    -0.0234    -0.0275    -0.0224  -5.0855e-03      0.129 
  25    0   25  6    +1.0866    +1.0758    +1.0850  -9.1567e-03      0.127 
 149   12   15  4    +0.0032    -0.0013    +0.0034  -4.7158e-03      0.124 
 138    4    6  4    +0.0157    +0.0110    +0.0156  -4.5641e-03      0.124 
   9    0    9  6    +1.0824    +1.0898    +1.0808  +8.9275e-03      0.123 
 132    1    2  4    +0.2400    +0.2489    +0.2426  +6.2875e-03      0.123 
 223    8    6  4    -0.0928    -0.0882    -0.0933  +5.1020e-03      0.122 
 102    6   10  1    +0.0537    +0.0586    +0.0531  +5.4772e-03      0.122 
  31    0    1  2    +0.1280    +0.1206    +0.1254  -4.8761e-03      0.120 
 145    9   10  4    -0.1099    -0.1026    -0.1079  +5.2588e-03      0.119 
 204   24   23  1    -0.0098    -0.0051    -0.0098  +4.6789e-03      0.119 
 139    5    7  4    -0.1515    -0.1457    -0.1513  +5.6192e-03      0.118 
   7    0    7  6    +1.0264    +1.0170    +1.0252  -8.2533e-03      0.117 
 143    6   10  4    -0.0415    -0.0355    -0.0407  +5.1517e-03      0.117 
 108   12   15  1    +0.0384    +0.0331    +0.0378  -4.7319e-03      0.116 
  95    2    5  1    +0.1290    +0.1356    +0.1300  +5.5600e-03      0.115 
 212   28    8  1    +0.0001    -0.0040    +0.0008  -4.7113e-03      0.115 
 227   10    9  4    +0.1119    +0.1148    +0.1098  +5.0490e-03      0.115 
 220    6    4  4    -0.0248    -0.0290    -0.0247  -4.3047e-03      0.114 
 183    9    6  1    -0.0931    -0.0973    -0.0923  -4.9846e-03      0.112 
  69    0    9  5    +0.0000    +0.0042    +0.0012  +2.9978e-03      0.112 
  14    0   14  6    +1.0960    +1.0865    +1.0947  -8.1164e-03      0.112 
 217    4    3  4    -0.0929    -0.0986    -0.0938  -4.7904e-03      0.111 
 168   27   29  4    +0.0020    +0.0061    +0.0019  +4.2107e-03      0.111 
  41    0   11  2    +0.0000    +0.0013    -0.0026  +3.8950e-03      0.111 
  96    2    6  1    +0.1432    +0.1360    +0.1414  -5.4650e-03      0.109 
  81    0   21  5    -0.0160    -0.0115    -0.0150  +3.5204e-03      0.108 
 118   10   22  1    +0.0050    +0.0006    +0.0051  -4.4101e-03      0.108 
  18    0   18  6    +1.0930    +1.0990    +1.0912  +7.8433e-03      0.108 
   6    0    6  6    +1.0385    +1.0295    +1.0372  -7.6462e-03      0.108 
 215    3    1  4    -0.0864    -0.0832    -0.0881  +4.9096e-03      0.108 
 175    4    2  1    -0.1168    -0.1203    -0.1151  -5.1723e-03      0.107 
  62    0    2  5    -0.2215    -0.2169    -0.2211  +4.1453e-03      0.107 
  68    0    8  5    -0.1420    -0.1477    -0.1432  -4.4766e-03      0.106 
  94    3    4  1    +0.1034    +0.0974    +0.1020  -4.6141e-03      0.106 
 105    4   12  1    +0.0978    +0.0942    +0.0989  -4.7213e-03      0.106 
 174    3    1  1    -0.1064    -0.1095    -0.1046  -4.9513e-03      0.105 
 244   24   22  4    +0.0057    +0.0033    +0.0072  -3.9473e-03      0.104 
 163   23   24  4    -0.0053    -0.0001    -0.0042  +4.0455e-03      0.104 
  74    0   14  5    -0.0020    +0.0010    -0.0022  +3.1982e-03      0.102 
 196   20   19  1    -0.0017    -0.0030    +0.0006  -3.6343e-03      0.101 
 166   25   27  4    +0.0282    +0.0231    +0.0269  -3.8419e-03      0.100 
 161   15   23  4    -0.0032    -0.0077    -0.0040  -3.7417e-03      0.099 
 173    2    1  1    -0.0197    -0.0153    -0.0190  +3.6779e-03      0.099 
  20    0   20  6    +1.0924    +1.0832    +1.0904  -7.1910e-03      0.099 
 107   12   14  1    +0.0143    +0.0172    +0.0132  +3.9546e-03      0.099 
 154   18   19  4    +0.0002    -0.0017    +0.0020  -3.6321e-03      0.099 
 140    6    7  4    +0.1311    +0.1255    +0.1299  -4.4086e-03      0.099 
  63    0    3  5    -0.0020    -0.0058    -0.0028  -2.9996e-03      0.098 
  30    0   30  6    +1.0785    +1.0839    +1.0770  +6.9301e-03      0.097 
  84    0   24  5    -0.0090    -0.0044    -0.0073  +2.8362e-03      0.097 
  79    0   19  5    -0.0050    -0.0077    -0.0046  -3.0723e-03      0.096 
 126   28   27  1    +0.0320    +0.0354    +0.0315  +3.8107e-03      0.096 
 253   28    8  4    +0.0033    +0.0081    +0.0042  +3.9147e-03      0.095 
  59    0   29  2    -0.0030    -0.0074    -0.0044  -2.9453e-03      0.093 
  91    1    2  1    +0.0210    +0.0237    +0.0202  +3.4463e-03      0.093 
 130    8   28  1    -0.0001    +0.0031    -0.0007  +3.7775e-03      0.092 
 111   16   17  1    +0.0240    +0.0268    +0.0234  +3.4510e-03      0.087 
 146    4   12  4    +0.0828    +0.0791    +0.0829  -3.7825e-03      0.087 
 188   13   12  1    -0.0000    -0.0031    -0.0001  -3.0118e-03      0.086 
 134    2    4  4    -0.0312    -0.0265    -0.0301  +3.6521e-03      0.086 
  44    0   14  2    -0.0090    -0.0046    -0.0074  +2.7123e-03      0.085 
 129   29   30  1    +0.0053    +0.0006    +0.0038  -3.2729e-03      0.084 
 186   10    9  1    -0.0931    -0.0878    -0.0914  +3.5830e-03      0.084 
 165   25   26  4    +0.0030    -0.0020    +0.0010  -2.9740e-03      0.084 
 155   19   20  4    -0.0048    +0.0003    -0.0027  +2.9843e-03      0.082 
  22    0   22  6    +1.0930    +1.0972    +1.0913  +5.9330e-03      0.082 
 127   27   29  1    +0.0083    +0.0052    +0.0083  -3.1211e-03      0.081 
  71    0   11  5    -0.0021    -0.0057    -0.0028  -2.8769e-03      0.081 
  58    0   28  2    +0.0000    +0.0032    +0.0009  +2.3553e-03      0.081 
 228   12    4  4    -0.0795    -0.0829    -0.0794  -3.5257e-03      0.081 
 202   23   15  1    -0.0138    -0.0089    -0.0120  +3.1136e-03      0.081 
 109   12   16  1    +0.0291    +0.0313    +0.0280  +3.2307e-03      0.080 
 158   10   21  4    +0.0078    +0.0036    +0.0066  -3.0309e-03      0.080 
 112   15   18  1    +0.0187    +0.0240    +0.0210  +3.0900e-03      0.079 
 232   16   12  4    -0.0036    -0.0088    -0.0059  -2.9549e-03      0.077 
 191   16   12  1    -0.0290    -0.0249    -0.0280  +3.1047e-03      0.077 
 128   27   30  1    +0.0097    +0.0117    +0.0086  +3.0679e-03      0.077 
 159   10   22  4    +0.0025    +0.0049    +0.0018  +3.1227e-03      0.077 
 178    6    2  1    -0.1421    -0.1442    -0.1404  -3.8335e-03      0.077 
 194   18   15  1    -0.0187    -0.0180    -0.0209  +2.9701e-03      0.076 
  19    0   19  6    +1.0921    +1.0957    +1.0902  +5.4934e-03      0.076 
 106   12   13  1    +0.0000    -0.0026    +0.0001  -2.6382e-03      0.076 
 137    2    6  4    -0.0273    -0.0294    -0.0262  -3.1687e-03      0.075 
 201   22   21  1    +0.0115    +0.0064    +0.0092  -2.7458e-03      0.074 
 131    6   28  1    +0.0321    +0.0342    +0.0314  +2.7349e-03      0.070 
  66    0    6  5    -0.0000    -0.0002    -0.0017  +1.5011e-03      0.070 
 172    6   28  4    -0.0340    -0.0391    -0.0364  -2.6981e-03      0.069 
  60    0   30  2    -0.0150    -0.0147    -0.0124  -2.2708e-03      0.069 
  39    0    9  2    +0.0000    +0.0035    +0.0016  +1.8374e-03      0.068 
 252   30   29  4    -0.0010    -0.0044    -0.0018  -2.6145e-03      0.068 
 210   30   27  1    -0.0097    -0.0112    -0.0086  -2.6900e-03      0.068 
 185   11    9  1    -0.0000    -0.0049    -0.0026  -2.3650e-03      0.067 
 162   22   24  4    -0.0057    -0.0097    -0.0072  -2.5382e-03      0.067 
 197   20   10  1    -0.0013    -0.0057    -0.0033  -2.4530e-03      0.067 
  73    0   13  5    -0.0600    -0.0545    -0.0571  +2.6211e-03      0.067 
  93    2    4  1    +0.1176    +0.1191    +0.1158  +3.2349e-03      0.067 
 250   29   27  4    -0.0020    +0.0006    -0.0019  +2.5237e-03      0.067 
  42    0   12  2    -0.0160    -0.0215    -0.0198  -1.6835e-03      0.066 
 208   27   28  1    -0.0320    -0.0289    -0.0315  +2.6093e-03      0.066 
 200   22   10  1    -0.0050    -0.0025    -0.0051  +2.5983e-03      0.064 
 101    6    9  1    +0.0931    +0.0895    +0.0923  -2.7954e-03      0.063 
 219    6    2  4    -0.0100    -0.0085    -0.0110  +2.5470e-03      0.063 
 246   25   24  4    -0.0312    -0.0349    -0.0324  -2.5225e-03      0.063 
 240   21   10  4    -0.0078    -0.0089    -0.0066  -2.3625e-03      0.063 
 152   16   17  4    +0.0006    +0.0039    +0.0015  +2.3454e-03      0.062 
 153   15   18  4    +0.0013    +0.0000    +0.0023  -2.3235e-03      0.062 
 116   10   17  1    -0.0110    -0.0077    -0.0099  +2.2356e-03      0.062 
 187   12    4  1    -0.0978    -0.0962    -0.0989  +2.7113e-03      0.061 
  65    0    5  5    -0.3200    -0.3234    -0.3203  -3.1045e-03      0.060 
  54    0   24  2    -0.0120    -0.0135    -0.0118  -1.7649e-03      0.060 
  15    0   15  6    +1.0951    +1.0980    +1.0937  +4.2780e-03      0.059 
  47    0   17  2    -0.0130    -0.0116    -0.0134  +1.8746e-03      0.058 
  75    0   15  5    -0.0040    -0.0020    -0.0036  +1.5750e-03      0.058 
  45    0   15  2    -0.0110    -0.0090    -0.0106  +1.5741e-03      0.058 
 231   15   12  4    -0.0031    -0.0054    -0.0032  -2.2003e-03      0.058 
 141    6    8  4    +0.0835    +0.0817    +0.0840  -2.3023e-03      0.056 
 230   14   12  4    -0.0010    -0.0032    -0.0010  -2.1653e-03      0.056 
  46    0   16  2    -0.0050    -0.0063    -0.0046  -1.7143e-03      0.055 
  64    0    4  5    -0.0010    -0.0016    -0.0031  +1.4082e-03      0.054 
 115   10   20  1    +0.0013    +0.0053    +0.0033  +1.9891e-03      0.054 
 251   30   27  4    -0.0020    -0.0005    -0.0026  +2.0943e-03      0.053 
  86    0   26  5    -0.0030    -0.0028    -0.0009  -1.8791e-03      0.053 
 157   10   17  4    +0.0075    +0.0065    +0.0084  -1.9058e-03      0.053 
 148   12   14  4    +0.0010    +0.0031    +0.0010  +2.0378e-03      0.052 
 156   10   20  4    +0.0058    +0.0081    +0.0062  +1.9237e-03      0.052 
 254   28    6  4    +0.0201    +0.0206    +0.0225  -1.9340e-03      0.051 
 203   24   22  1    +0.0065    +0.0091    +0.0072  +1.8765e-03      0.050 
  36    0    6  2    +0.0000    -0.0001    +0.0010  -1.0339e-03      0.049 
 247   26   25  4    -0.0030    +0.0008    -0.0009  +1.7409e-03      0.049 
  72    0   12  5    -0.0110    -0.0103    -0.0115  +1.2293e-03      0.049 
 179    6    4  1    -0.1171    -0.1147    -0.1169  +2.1320e-03      0.048 
 160   21   22  4    -0.0082    -0.0067    -0.0084  +1.7228e-03      0.047 
 100    6    8  1    +0.0420    +0.0458    +0.0441  +1.7197e-03      0.044 
  61    0    1  5    +0.2835    +0.2901    +0.2880  +2.1072e-03      0.044 
  37    0    7  2    -0.0320    -0.0278    -0.0263  -1.4271e-03      0.043 
 119   21   22  1    -0.0115    -0.0107    -0.0092  -1.5757e-03      0.042 
 147   12   13  4    +0.0604    +0.0591    +0.0575  +1.6340e-03      0.042 
  85    0   25  5    -0.0000    -0.0033    -0.0045  +1.1715e-03      0.042 
  49    0   19  2    -0.0130    -0.0122    -0.0136  +1.3497e-03      0.041 
  83    0   23  5    -0.0020    +0.0011    -0.0002  +1.2802e-03      0.041 
 120   15   23  1    +0.0138    +0.0104    +0.0120  -1.5570e-03      0.040 
  34    0    4  2    -0.0050    +0.0000    -0.0010  +1.0089e-03      0.040 
  23    0   23  6    +1.0944    +1.0963    +1.0934  +2.9062e-03      0.040 
  35    0    5  2    -0.1320    -0.1394    -0.1378  -1.5969e-03      0.039 
  48    0   18  2    -0.0040    -0.0067    -0.0079  +1.2352e-03      0.039 
 233   15   14  4    +0.0010    -0.0003    +0.0012  -1.5195e-03      0.039 
 122   23   24  1    +0.0098    +0.0083    +0.0098  -1.5214e-03      0.039 
 125   25   27  1    -0.0138    -0.0137    -0.0122  -1.4513e-03      0.039 
 123   24   25  1    -0.0086    -0.0106    -0.0092  -1.4702e-03      0.039 
  13    0   13  6    +1.0901    +1.0918    +1.0890  +2.7536e-03      0.038 
  10    0   10  6    +1.0936    +1.0946    +1.0919  +2.7267e-03      0.038 
 216    4    2  4    -0.0066    -0.0091    -0.0076  -1.4747e-03      0.037 
  51    0   21  2    -0.0250    -0.0210    -0.0222  +1.1652e-03      0.035 
  43    0   13  2    -0.0000    -0.0013    -0.0001  -1.1818e-03      0.034 
  76    0   16  5    -0.0030    -0.0034    -0.0044  +9.9052e-04      0.032 
 184   10    6  1    -0.0537    -0.0545    -0.0531  -1.4172e-03      0.032 
 211   30   29  1    -0.0053    -0.0026    -0.0038  +1.2092e-03      0.031 
 224    9    6  4    +0.1078    +0.1050    +0.1063  -1.3853e-03      0.031 
 164   24   25  4    +0.0315    +0.0315    +0.0327  -1.2253e-03      0.031 
  56    0   26  2    -0.0050    -0.0094    -0.0084  -1.0239e-03      0.029 
 222    7    6  4    -0.1476    -0.1451    -0.1464  +1.3075e-03      0.028 
 124   25   26  1    +0.0050    +0.0074    +0.0084  -9.9151e-04      0.028 
 121   22   24  1    -0.0065    -0.0061    -0.0072  +1.0336e-03      0.027 
  52    0   22  2    +0.0000    -0.0022    -0.0030  +7.9608e-04      0.027 
 235   18   15  4    -0.0012    -0.0032    -0.0023  -9.9775e-04      0.027 
 207   27   25  1    +0.0139    +0.0113    +0.0123  -9.8972e-04      0.026 
  89    0   29  5    -0.0010    +0.0007    -0.0001  +7.9118e-04      0.025 
  12    0   12  6    +1.0978    +1.0982    +1.0964  +1.8031e-03      0.025 
 169   27   30  4    +0.0021    +0.0017    +0.0027  -9.2598e-04      0.024 
   2    0    2  6    +1.0450    +1.0454    +1.0438  +1.6333e-03      0.023 
 243   23   15  4    +0.0033    +0.0032    +0.0040  -8.4527e-04      0.022 
  87    0   27  5    +0.0000    +0.0013    +0.0007  +5.9228e-04      0.022 
 136    2    5  4    +0.1317    +0.1335    +0.1324  +1.0634e-03      0.022 
 249   27   28  4    +0.0239    +0.0220    +0.0229  -8.6959e-04      0.022 
  77    0   17  5    -0.0080    -0.0106    -0.0099  -6.9015e-04      0.022 
 241   22   10  4    -0.0025    -0.0027    -0.0018  -8.7638e-04      0.022 
  80    0   20  5    -0.0010    -0.0029    -0.0036  +6.7290e-04      0.021 
 189   14   12  1    -0.0142    -0.0140    -0.0132  -7.9268e-04      0.020 
  98    5    7  1    -0.0048    -0.0088    -0.0095  +7.3914e-04      0.020 
  21    0   21  6    +1.0926    +1.0896    +1.0910  -1.4175e-03      0.020 
 135    3    4  4    +0.0844    +0.0846    +0.0854  -8.0916e-04      0.019 
 206   26   25  1    -0.0050    -0.0077    -0.0084  +6.3605e-04      0.018 
  55    0   25  2    +0.0000    +0.0051    +0.0056  -4.9461e-04      0.017 
 198   17   10  1    +0.0110    +0.0106    +0.0099  +6.0973e-04      0.017 
 110   14   15  1    +0.0052    +0.0065    +0.0059  +6.5500e-04      0.017 
 214    2    1  4    -0.2947    -0.2963    -0.2972  +8.8845e-04      0.016 
 151   14   15  4    -0.0010    -0.0019    -0.0012  -6.2644e-04      0.016 
 237   20   19  4    +0.0048    +0.0021    +0.0027  -5.6473e-04      0.015 
  27    0   27  6    +1.0826    +1.0799    +1.0810  -1.1108e-03      0.015 
 171    8   28  4    -0.0492    -0.0493    -0.0500  +6.6138e-04      0.015 
 182    8    6  1    -0.0419    -0.0446    -0.0440  -5.5939e-04      0.014 
 221    7    5  4    +0.1326    +0.1318    +0.1325  -6.5746e-04      0.014 
 181    7    6  1    -0.0377    -0.0362    -0.0368  +5.4442e-04      0.014 
  97    4    6  1    +0.1172    +0.1176    +0.1170  +6.2252e-04      0.014 
  99    6    7  1    +0.0382    +0.0367    +0.0373  -5.2881e-04      0.014 
 144    9   11  4    +0.0021    +0.0023    +0.0028  -4.7567e-04      0.013 
 177    5    2  1    -0.1272    -0.1276    -0.1282  +6.1397e-04      0.013 
 213   28    6  1    -0.0321    -0.0309    -0.0314  +4.8596e-04      0.013 
 242   22   21  4    +0.0082    +0.0089    +0.0084  +4.5409e-04      0.012 
   5    0    5  6    +1.0100    +1.0078    +1.0086  -8.2457e-04      0.012 
 113   18   19  1    +0.0147    +0.0134    +0.0130  +4.4509e-04      0.012 
 236   19   18  4    -0.0002    -0.0024    -0.0019  -4.2657e-04      0.012 
  38    0    8  2    -0.0420    -0.0451    -0.0447  -4.0191e-04      0.011 
  28    0   28  6    +1.0395    +1.0392    +1.0384  +7.8579e-04      0.011 
 229   13   12  4    -0.0600    -0.0567    -0.0571  +4.3108e-04      0.011 
 205   25   24  1    +0.0088    +0.0090    +0.0094  -3.9175e-04      0.010 
 103    9   11  1    +0.0000    +0.0022    +0.0026  -3.4500e-04      0.010 
 150   12   16  4    +0.0038    +0.0064    +0.0060  +3.6902e-04      0.010 
 142    6    9  4    -0.1042    -0.1024    -0.1028  +4.1602e-04      0.009 
  90    0   30  5    -0.0030    -0.0042    -0.0044  +2.4985e-04      0.008 
  57    0   27  2    -0.0000    -0.0026    -0.0024  -1.8370e-04      0.007 
 195   19   18  1    -0.0147    -0.0127    -0.0130  +2.5567e-04      0.007 
 234   17   16  4    -0.0005    -0.0012    -0.0014  +2.4608e-04      0.007 
 218    5    2  4    -0.1685    -0.1693    -0.1690  -3.2366e-04      0.006 
 225   10    6  4    +0.0438    +0.0426    +0.0429  -2.7321e-04      0.006 
 114   19   20  1    +0.0017    -0.0008    -0.0006  -2.1595e-04      0.006 
 170   29   30  4    +0.0010    +0.0016    +0.0018  -2.0251e-04      0.005 
  67    0    7  5    -0.0150    -0.0140    -0.0139  -1.3000e-04      0.004 
  53    0   23  2    -0.0040    -0.0021    -0.0022  +1.1221e-04      0.004 
 117   10   21  1    +0.0136    +0.0131    +0.0130  +1.3292e-04      0.003 
 180    7    5  1    +0.0056    +0.0103    +0.0104  -1.2155e-04      0.003 
 193   17   16  1    -0.0240    -0.0235    -0.0234  -1.0515e-04      0.003 
  40    0   10  2    -0.1380    -0.1330    -0.1331  +4.3429e-05      0.001 
 176    4    3  1    -0.1032    -0.1018    -0.1018  -4.9924e-05      0.001 
   4    0    4  6    +1.0406    +1.0393    +1.0393  -7.9720e-05      0.001 
  78    0   18  5    -0.0010    -0.0003    -0.0003  +2.0138e-05      0.001 
  88    0   28  5    -0.0000    +0.0043    +0.0043  +1.5204e-05      0.001 
 192   15   14  1    -0.0052    -0.0058    -0.0058  +1.8389e-05      0.000 
 104    9   10  1    +0.0931    +0.0914    +0.0914  +7.0109e-06      0.000 
----------------------------------------------------------------------------------
Não foram identificados erros grosseiros.
Não foram identificadas medidas críticas.
Possíveis conjuntos críticos:
Conjunto 1: 229 28
Conjunto 2: 113 5
Conjunto 3: 181 221
Conjunto 4: 27 237
Conjunto 5: 98 189
Conjunto 6: 80 241 77
Conjunto 7: 241 77
Conjunto 8: 249 136 87
Conjunto 9: 136 87 243
Conjunto 10: 87 243
Conjunto 11: 12 89
Conjunto 12: 207 235
Conjunto 13: 235 52
Conjunto 14: 164 224
Conjunto 15: 184 76
Conjunto 16: 123 125 122 233
Conjunto 17: 125 122 233
Conjunto 18: 122 233
Conjunto 19: 48 35
Conjunto 20: 23 34 120
Conjunto 21: 34 120
Conjunto 22: 49 85
Conjunto 23: 147 119
Conjunto 24: 61 100
Conjunto 25: 72 247 36
Conjunto 26: 247 36
Conjunto 27: 148 157 86
Conjunto 28: 157 86
Conjunto 29: 86 251
Conjunto 30: 115 64
Conjunto 31: 46 230
Conjunto 32: 230 141
Conjunto 33: 231 45 75 47
Conjunto 34: 45 75 47
Conjunto 35: 75 47 15
Conjunto 36: 47 15
Conjunto 37: 65 187
Conjunto 38: 116 153 152
Conjunto 39: 153 152
Conjunto 40: 152 240
Conjunto 41: 240 246 219 101
Conjunto 42: 246 219 101
Conjunto 43: 219 101
Conjunto 44: 42 250 93 73 197 162
Conjunto 45: 250 93 73 197 162
Conjunto 46: 93 73 197 162 185
Conjunto 47: 73 197 162 185 210
Conjunto 48: 197 162 185 210
Conjunto 49: 162 185 210 252
Conjunto 50: 185 210 252
Conjunto 51: 210 252
Conjunto 52: 252 39
Conjunto 53: 39 60
Conjunto 54: 60 172
Conjunto 55: 66 131
Conjunto 56: 137 106 19 194
Conjunto 57: 106 19 194
Conjunto 58: 19 194
Conjunto 59: 194 178 159
Conjunto 60: 178 159 128 191
Conjunto 61: 159 128 191 232
Conjunto 62: 128 191 232
Conjunto 63: 191 232
Conjunto 64: 158 109 202 228
Conjunto 65: 109 202 228 58
Conjunto 66: 202 228 58 71 127
Conjunto 67: 228 58 71 127 22 155
Conjunto 68: 58 71 127 22 155
Conjunto 69: 71 127 22 155
Conjunto 70: 127 22 155
Conjunto 71: 22 155
Conjunto 72: 165 186 129
Conjunto 73: 186 129
Conjunto 74: 44 134
Conjunto 75: 134 188
Conjunto 76: 188 146
Conjunto 77: 146 111
Conjunto 78: 130 91 59
Conjunto 79: 91 59
Conjunto 80: 253 126 79
Conjunto 81: 126 79 84
Conjunto 82: 79 84
Conjunto 83: 84 30
Conjunto 84: 30 63
Conjunto 85: 140 154 107 20 173 161 166
Conjunto 86: 154 107 20 173 161 166
Conjunto 87: 107 20 173 161 166
Conjunto 88: 20 173 161 166
Conjunto 89: 173 161 166
Conjunto 90: 161 166
Conjunto 91: 163 244
Conjunto 92: 244 174
Conjunto 93: 174 105 94 68
Conjunto 94: 105 94 68 62
Conjunto 95: 94 68 62 175
Conjunto 96: 68 62 175
Conjunto 97: 62 175 215
Conjunto 98: 175 215
Conjunto 99: 215 6 18 118 81
Conjunto 100: 6 18 118 81
Conjunto 101: 18 118 81 96
Conjunto 102: 118 81 96
Conjunto 103: 81 96
Conjunto 104: 41 168 217 14
Conjunto 105: 168 217 14
Conjunto 106: 217 14 69 183
Conjunto 107: 14 69 183
Conjunto 108: 69 183
Conjunto 109: 220 227 212 95
Conjunto 110: 227 212 95
Conjunto 111: 212 95
Conjunto 112: 95 108
Conjunto 113: 108 143 7
Conjunto 114: 143 7 139
Conjunto 115: 7 139
Conjunto 116: 204 145 31
Conjunto 117: 145 31
Conjunto 118: 102 223 132
Conjunto 119: 223 132
Conjunto 120: 132 9 138
Conjunto 121: 9 138 149
Conjunto 122: 138 149
Conjunto 123: 226 29 239
Conjunto 124: 29 239
Conjunto 125: 238 209
Conjunto 126: 209 16
Conjunto 127: 16 92
Conjunto 128: 24 50
Conjunto 129: 133 245
Conjunto 130: 11 248
