================================================================================= 
=== UFF - Doutorado em Computação - Aplicaçoes em Sistemas de Potencia        === 
=== ESTIMADOR DE ESTADO MÍNIMOS QUADRADOS PONDERADOS INCLUINDO MEDIDAS DE PMU === 
=== Desenvolvido por: Rui Menezes de Moraes - 2009                            === 
================================================================================= 
Arquivo de medidores:          F:\Documents\Uff\Artigos\SimSEP\VERSAO WELDAN V2\Codigos\Med\ieee30_23_2300.med
Arquivo do sistema:            F:\Documents\Uff\Artigos\SimSEP\VERSAO WELDAN V2\Codigos\Carga\ieee30_23_2300.txt
Tolerância entre iteraçoes:     1.00e-04
Limite de iteraçoes:           100

--- DADOS DA REDE --------------------------------------------------------------- 
Data do caso:                  08/20/93
Origem:                        UW ARCHIVE          
MVA base:                      100
Ano:                           1961
Estação:                       W
Identificação:                 IEEE 30 Bus Test Case
Número de barras:              30 
Número de ramos:               41 
Referência na barra:           1

--- TELEMEDIDAS ------------------------------------------------------------------
    Tipo 1 = Fluxo de potencia ativa        Tipo  6 = Módulo da tensão            
    Tipo 2 = Injeção de potencia ativa      Tipo  7 = Corrente de ramo (real)     
    Tipo 3 = Ângulo de fase da tensão       Tipo  8 = Corrente de ramo (imag)     
    Tipo 4 = Fluxo de potencia reativa      Tipo  9 = Injeção de corrente (real)  
    Tipo 5 = Injeção de potencia reativa    Tipo 10 = Injeção de corrente (imag)  
----------------------------------------------------------------------------------
   N    D    P TP  PN ST   Exa   FS       DP      V_Ref      V_Med          E(%) 
----------------------------------------------------------------------------------
   1    0    1  6   0  0 0.015 01.1  0.00530   +1.06000   +1.05813     -0.176415 
   2    0    2  6   0  0 0.015 01.1  0.00522   +1.04500   +1.04551     +0.048804 
   3    0    3  6   0  0 0.015 01.1  0.00519   +1.03693   +1.03071     -0.599848 
   4    0    4  6   0  0 0.015 01.1  0.00515   +1.03038   +1.02971     -0.065025 
   5    0    5  6   0  0 0.015 01.1  0.00505   +1.01000   +0.99504     -1.481188 
   6    0    6  6   0  0 0.015 01.1  0.00513   +1.02710   +1.01697     -0.986272 
   7    0    7  6   0  0 0.015 01.1  0.00509   +1.01803   +1.01204     -0.588391 
   8    0    8  6   0  0 0.015 01.1  0.00510   +1.01987   +1.02735     +0.733427 
   9    0    9  6   0  0 0.015 01.1  0.00536   +1.07212   +1.07473     +0.243443 
  10    0   10  6   0  0 0.015 01.1  0.00539   +1.07872   +1.08524     +0.604420 
  11    0   11  6   0  0 0.015 01.1  0.00541   +1.08200   +1.09189     +0.914048 
  12    0   12  6   0  0 0.015 01.1  0.00540   +1.07992   +1.09132     +1.055634 
  13    0   13  6   0  0 0.015 01.1  0.00536   +1.07208   +1.05979     -1.146370 
  14    0   14  6   0  0 0.015 01.1  0.00538   +1.07547   +1.08055     +0.472352 
  15    0   15  6   0  0 0.015 01.1  0.00537   +1.07438   +1.08254     +0.759508 
  16    0   16  6   0  0 0.015 01.1  0.00538   +1.07672   +1.08325     +0.606472 
  17    0   17  6   0  0 0.015 01.1  0.00538   +1.07650   +1.07989     +0.314909 
  18    0   18  6   0  0 0.015 01.1  0.00536   +1.07190   +1.05705     -1.385390 
  19    0   19  6   0  0 0.015 01.1  0.00536   +1.07144   +1.06165     -0.913724 
  20    0   20  6   0  0 0.015 01.1  0.00536   +1.07301   +1.06756     -0.507917 
  21    0   21  6   0  0 0.015 01.1  0.00537   +1.07487   +1.07947     +0.427959 
  22    0   22  6   0  0 0.015 01.1  0.00538   +1.07514   +1.06602     -0.848262 
  23    0   23  6   0  0 0.015 01.1  0.00536   +1.07234   +1.05873     -1.269187 
  24    0   24  6   0  0 0.015 01.1  0.00536   +1.07253   +1.08799     +1.441452 
  25    0   25  6   0  0 0.015 01.1  0.00533   +1.06521   +1.05584     -0.879639 
  26    0   26  6   0  0 0.015 01.1  0.00530   +1.05945   +1.07481     +1.449809 
  27    0   27  6   0  0 0.015 01.1  0.00532   +1.06334   +1.06686     +0.331032 
  28    0   28  6   0  0 0.015 01.1  0.00513   +1.02627   +1.01851     -0.756136 
  29    0   29  6   0  0 0.015 01.1  0.00528   +1.05695   +1.05752     +0.053929 
  30    0   30  6   0  0 0.015 01.1  0.00527   +1.05312   +1.05984     +0.638104 
  31    0    1  2   0  0 0.020 01.0  0.00634   +0.69159   +0.68245     -1.321592 
  32    0    2  2   0  0 0.020 01.0  0.00389   +0.32400   +0.31500     -2.777778 
  33    0    3  2   0  0 0.020 01.0  0.00179   -0.00800   -0.00747     -6.625000 
  34    0    4  2   0  0 0.020 01.0  0.00201   -0.04100   -0.04438     +8.243902 
  35    0    5  2   0  0 0.020 01.0  0.00393   -0.33000   -0.33443     +1.342424 
  36    0    6  2   0  0 0.020 01.0  0.00173   -0.00000   +0.00492     +0.000000 
  37    0    7  2   0  0 0.020 01.0  0.00227   -0.08000   -0.08260     +3.250000 
  38    0    8  2   0  0 0.020 01.0  0.00243   -0.10500   -0.09848     -6.209524 
  39    0    9  2   0  0 0.020 01.0  0.00173   -0.00000   -0.00093     +0.000000 
  40    0   10  2   0  0 0.020 01.0  0.00231   -0.08700   -0.09380     +7.816092 
  41    0   11  2   0  0 0.020 01.0  0.00173   +0.00000   -0.00198     +0.000000 
  42    0   12  2   0  0 0.020 01.0  0.00199   -0.03900   -0.04312    +10.564103 
  43    0   13  2   0  0 0.020 01.0  0.00173   +0.00000   +0.00514     +0.000000 
  44    0   14  2   0  0 0.020 01.0  0.00188   -0.02200   -0.02256     +2.545455 
  45    0   15  2   0  0 0.020 01.0  0.00193   -0.02900   -0.02848     -1.793103 
  46    0   16  2   0  0 0.020 01.0  0.00181   -0.01200   -0.01459    +21.583333 
  47    0   17  2   0  0 0.020 01.0  0.00194   -0.03100   -0.02655    -14.354839 
  48    0   18  2   0  0 0.020 01.0  0.00181   -0.01100   -0.01530    +39.090909 
  49    0   19  2   0  0 0.020 01.0  0.00195   -0.03300   -0.02921    -11.484848 
  50    0   20  2   0  0 0.020 01.0  0.00179   -0.00800   -0.00878     +9.750000 
  51    0   21  2   0  0 0.020 01.0  0.00214   -0.06100   -0.05560     -8.852459 
  52    0   22  2   0  0 0.020 01.0  0.00173   +0.00000   +0.00029     +0.000000 
  53    0   23  2   0  0 0.020 01.0  0.00181   -0.01100   -0.00698    -36.545455 
  54    0   24  2   0  0 0.020 01.0  0.00193   -0.03000   -0.03171     +5.700000 
  55    0   25  2   0  0 0.020 01.0  0.00173   +0.00000   -0.00104     +0.000000 
  56    0   26  2   0  0 0.020 01.0  0.00181   -0.01200   -0.01093     -8.916667 
  57    0   27  2   0  0 0.020 01.0  0.00173   +0.00000   +0.00428     +0.000000 
  58    0   28  2   0  0 0.020 01.0  0.00173   -0.00000   -0.00382     +0.000000 
  59    0   29  2   0  0 0.020 01.0  0.00179   -0.00800   -0.01291    +61.375000 
  60    0   30  2   0  0 0.020 01.0  0.00198   -0.03700   -0.03818     +3.189189 
  61    0    1  5   0  0 0.020 01.0  0.00284   +0.16667   +0.16830     +0.977980 
  62    0    2  5   0  0 0.020 01.0  0.00205   -0.04721   -0.04205    -10.929888 
  63    0    3  5   0  0 0.020 01.0  0.00176   -0.00400   -0.00618    +54.500000 
  64    0    4  5   0  0 0.020 01.0  0.00179   -0.00900   -0.00852     -5.333333 
  65    0    5  5   0  0 0.020 01.0  0.00299   -0.18808   -0.18304     -2.679711 
  66    0    6  5   0  0 0.020 01.0  0.00173   +0.00000   -0.00180     +0.000000 
  67    0    7  5   0  0 0.020 01.0  0.00199   -0.03800   -0.04282    +12.684211 
  68    0    8  5   0  0 0.020 01.0  0.00310   -0.20500   -0.20608     +0.526829 
  69    0    9  5   0  0 0.020 01.0  0.00173   +0.00000   -0.00490     +0.000000 
  70    0   10  5   0  0 0.020 01.0  0.00193   -0.03000   -0.02797     -6.766667 
  71    0   11  5   0  0 0.020 01.0  0.00208   +0.05137   +0.04654     -9.402375 
  72    0   12  5   0  0 0.020 01.0  0.00191   -0.02600   -0.02944    +13.230769 
  73    0   13  5   0  0 0.020 01.0  0.00213   -0.06000   -0.05961     -0.650000 
  74    0   14  5   0  0 0.020 01.0  0.00177   -0.00600   -0.00464    -22.666667 
  75    0   15  5   0  0 0.020 01.0  0.00179   -0.00900   -0.01036    +15.111111 
  76    0   16  5   0  0 0.020 01.0  0.00177   -0.00600   -0.00487    -18.833333 
  77    0   17  5   0  0 0.020 01.0  0.00187   -0.02000   -0.01612    -19.400000 
  78    0   18  5   0  0 0.020 01.0  0.00175   -0.00300   -0.00088    -70.666667 
  79    0   19  5   0  0 0.020 01.0  0.00181   -0.01200   -0.01317     +9.750000 
  80    0   20  5   0  0 0.020 01.0  0.00175   -0.00200   -0.00125    -37.500000 
  81    0   21  5   0  0 0.020 01.0  0.00199   -0.03900   -0.04199     +7.666667 
  82    0   22  5   0  0 0.020 01.0  0.00173   -0.00000   +0.00236     +0.000000 
  83    0   23  5   0  0 0.020 01.0  0.00177   -0.00600   -0.00767    +27.833333 
  84    0   24  5   0  0 0.020 01.0  0.00189   -0.02300   -0.02777    +20.739130 
  85    0   25  5   0  0 0.020 01.0  0.00173   -0.00000   -0.00206     +0.000000 
  86    0   26  5   0  0 0.020 01.0  0.00179   -0.00800   -0.01014    +26.750000 
  87    0   27  5   0  0 0.020 01.0  0.00173   -0.00000   -0.00496     +0.000000 
  88    0   28  5   0  0 0.020 01.0  0.00173   +0.00000   -0.00337     +0.000000 
  89    0   29  5   0  0 0.020 01.0  0.00175   -0.00300   +0.00080   -126.666667 
  90    0   30  5   0  0 0.020 01.0  0.00178   -0.00700   -0.00533    -23.857143 
  91    1    2  1   0  0 0.020 01.0  0.00446   +0.40845   +0.41798     +2.333211 
  92    1    3  1   0  0 0.020 01.0  0.00362   +0.28314   +0.27817     -1.755315 
  93    2    4  1   0  0 0.020 01.0  0.00301   +0.19088   +0.19802     +3.740570 
  94    3    4  1   0  0 0.020 01.0  0.00354   +0.27169   +0.26549     -2.282013 
  95    2    5  1   0  0 0.020 01.0  0.00367   +0.29130   +0.30154     +3.515276 
  96    2    6  1   0  0 0.020 01.0  0.00338   +0.24706   +0.24533     -0.700235 
  97    4    6  1   0  0 0.020 01.0  0.00341   +0.25077   +0.24524     -2.205208 
  98    5    7  1   0  0 0.020 01.0  0.00202   -0.04300   -0.03914     -8.976744 
  99    6    7  1   0  0 0.020 01.0  0.00256   +0.12374   +0.12159     -1.737514 
 100    6    8  1   0  0 0.020 01.0  0.00242   +0.10297   +0.10299     +0.019423 
 101    6    9  1   0  0 0.020 01.0  0.00258   +0.12664   +0.13047     +3.024321 
 102    6   10  1   0  0 0.020 01.0  0.00222   +0.07287   +0.07729     +6.065596 
 103    9   11  1   0  0 0.020 01.0  0.00173   +0.00000   -0.00110     +0.000000 
 104    9   10  1   0  0 0.020 01.0  0.00258   +0.12664   +0.12040     -4.927353 
 105    4   12  1   0  0 0.020 01.0  0.00285   +0.16786   +0.16385     -2.388896 
 106   12   13  1   0  0 0.020 01.0  0.00173   +0.00000   +0.00304     +0.000000 
 107   12   14  1   0  0 0.020 01.0  0.00192   +0.02826   +0.03330    +17.834395 
 108   12   15  1   0  0 0.020 01.0  0.00218   +0.06756   +0.06846     +1.332149 
 109   12   16  1   0  0 0.020 01.0  0.00195   +0.03304   +0.03817    +15.526634 
 110   14   15  1   0  0 0.020 01.0  0.00178   +0.00618   +0.00721    +16.666667 
 111   16   17  1   0  0 0.020 01.0  0.00187   +0.02095   +0.02643    +26.157518 
 112   15   18  1   0  0 0.020 01.0  0.00190   +0.02485   +0.02784    +12.032193 
 113   18   19  1   0  0 0.020 01.0  0.00183   +0.01380   +0.01035    -25.000000 
 114   19   20  1   0  0 0.020 01.0  0.00186   -0.01921   -0.01903     -0.937012 
 115   10   20  1   0  0 0.020 01.0  0.00192   +0.02732   +0.02893     +5.893119 
 116   10   17  1   0  0 0.020 01.0  0.00180   +0.01009   +0.01408    +39.544103 
 117   10   21  1   0  0 0.020 01.0  0.00207   +0.05109   +0.05234     +2.446663 
 118   10   22  1   0  0 0.020 01.0  0.00189   +0.02401   +0.02969    +23.656810 
 119   21   22  1   0  0 0.020 01.0  0.00180   -0.01001   -0.01402    +40.059940 
 120   15   23  1   0  0 0.020 01.0  0.00186   +0.01961   +0.01730    -11.779704 
 121   22   24  1   0  0 0.020 01.0  0.00183   +0.01395   +0.01369     -1.863799 
 122   23   24  1   0  0 0.020 01.0  0.00179   +0.00858   +0.00460    -46.386946 
 123   24   25  1   0  0 0.020 01.0  0.00178   -0.00751   -0.01042    +38.748336 
 124   25   26  1   0  0 0.020 01.0  0.00181   +0.01205   +0.00858    -28.796680 
 125   25   27  1   0  0 0.020 01.0  0.00186   -0.01970   -0.01777     -9.796954 
 126   28   27  1   0  0 0.020 01.0  0.00217   +0.06508   +0.06281     -3.488015 
 127   27   29  1   0  0 0.020 01.0  0.00187   +0.02104   +0.02430    +15.494297 
 128   27   30  1   0  0 0.020 01.0  0.00189   +0.02427   +0.02479     +2.142563 
 129   29   30  1   0  0 0.020 01.0  0.00182   +0.01294   +0.01000    -22.720247 
 130    8   28  1   0  0 0.020 01.0  0.00175   -0.00240   -0.00044    -81.666667 
 131    6   28  1   0  0 0.020 01.0  0.00218   +0.06761   +0.06170     -8.741310 
 132    1    2  4   0  0 0.020 01.0  0.00249   +0.11385   +0.11493     +0.948617 
 133    1    3  4   0  0 0.020 01.0  0.00209   +0.05283   +0.05900    +11.678970 
 134    2    4  4   0  0 0.020 01.0  0.00179   +0.00789   +0.00642    -18.631179 
 135    3    4  4   0  0 0.020 01.0  0.00227   +0.08105   +0.08185     +0.987045 
 136    2    5  4   0  0 0.020 01.0  0.00239   +0.09875   +0.10488     +6.207595 
 137    2    6  4   0  0 0.020 01.0  0.00179   +0.00890   +0.00631    -29.101124 
 138    4    6  4   0  0 0.020 01.0  0.00177   +0.00600   +0.00954    +59.000000 
 139    5    7  4   0  0 0.020 01.0  0.00215   -0.06328   -0.06748     +6.637168 
 140    6    7  4   0  0 0.020 01.0  0.00216   +0.06467   +0.06960     +7.623318 
 141    6    8  4   0  0 0.020 01.0  0.00268   +0.14272   +0.13917     -2.487388 
 142    6    9  4   0  0 0.020 01.0  0.00246   -0.10920   -0.10404     -4.725275 
 143    6   10  4   0  0 0.020 01.0  0.00196   -0.03448   -0.03087    -10.469838 
 144    9   11  4   0  0 0.020 01.0  0.00207   -0.05091   -0.05477     +7.582007 
 145    9   10  4   0  0 0.020 01.0  0.00216   -0.06356   -0.05737     -9.738829 
 146    4   12  4   0  0 0.020 01.0  0.00249   +0.11376   +0.11008     -3.234880 
 147   12   13  4   0  0 0.020 01.0  0.00214   +0.06043   +0.06401     +5.924210 
 148   12   14  4   0  0 0.020 01.0  0.00177   +0.00522   +0.00852    +63.218391 
 149   12   15  4   0  0 0.020 01.0  0.00181   +0.01173   +0.01171     -0.170503 
 150   12   16  4   0  0 0.020 01.0  0.00175   +0.00176   +0.00611   +247.159091 
 151   14   15  4   0  0 0.020 01.0  0.00174   -0.00096   -0.00512   +433.333333 
 152   16   17  4   0  0 0.020 01.0  0.00176   -0.00443   -0.00828    +86.907449 
 153   15   18  4   0  0 0.020 01.0  0.00173   +0.00007   +0.00380  +5328.571429 
 154   18   19  4   0  0 0.020 01.0  0.00175   -0.00304   -0.00811   +166.776316 
 155   19   20  4   0  0 0.020 01.0  0.00183   -0.01507   -0.01255    -16.721964 
 156   10   20  4   0  0 0.020 01.0  0.00185   +0.01729   +0.02080    +20.300752 
 157   10   17  4   0  0 0.020 01.0  0.00190   +0.02456   +0.02019    -17.793160 
 158   10   21  4   0  0 0.020 01.0  0.00195   +0.03186   +0.03173     -0.408035 
 159   10   22  4   0  0 0.020 01.0  0.00183   +0.01419   +0.01252    -11.768851 
 160   21   22  4   0  0 0.020 01.0  0.00178   -0.00737   -0.00444    -39.755767 
 161   15   23  4   0  0 0.020 01.0  0.00174   +0.00117   -0.00108   -192.307692 
 162   22   24  4   0  0 0.020 01.0  0.00178   +0.00672   +0.01018    +51.488095 
 163   23   24  4   0  0 0.020 01.0  0.00177   -0.00490   -0.00836    +70.612245 
 164   24   25  4   0  0 0.020 01.0  0.00192   +0.02823   +0.03242    +14.842366 
 165   25   26  4   0  0 0.020 01.0  0.00179   +0.00807   +0.01264    +56.629492 
 166   25   27  4   0  0 0.020 01.0  0.00187   +0.01991   +0.01645    -17.378202 
 167   28   27  4   0  0 0.020 01.0  0.00178   -0.00768   -0.01250    +62.760417 
 168   27   29  4   0  0 0.020 01.0  0.00177   +0.00529   +0.00581     +9.829868 
 169   27   30  4   0  0 0.020 01.0  0.00177   +0.00528   +0.00007    -98.674242 
 170   29   30  4   0  0 0.020 01.0  0.00175   +0.00212   +0.00556   +162.264151 
 171    8   28  4   0  0 0.020 01.0  0.00209   -0.05414   -0.04900     -9.493905 
 172    6   28  4   0  0 0.020 01.0  0.00181   -0.01159   -0.00936    -19.240725 
 173    2    1  1   0  0 0.020 01.0  0.00443   -0.40525   -0.41208     +1.685379 
 174    3    1  1   0  0 0.020 01.0  0.00360   -0.27969   -0.27776     -0.690050 
 175    4    2  1   0  0 0.020 01.0  0.00299   -0.18894   -0.18106     -4.170636 
 176    4    3  1   0  0 0.020 01.0  0.00354   -0.27069   -0.26230     -3.099486 
 177    5    2  1   0  0 0.020 01.0  0.00365   -0.28700   -0.28467     -0.811847 
 178    6    2  1   0  0 0.020 01.0  0.00336   -0.24377   -0.23788     -2.416212 
 179    6    4  1   0  0 0.020 01.0  0.00340   -0.25006   -0.24320     -2.743342 
 180    7    5  1   0  0 0.020 01.0  0.00202   +0.04321   +0.04394     +1.689424 
 181    7    6  1   0  0 0.020 01.0  0.00255   -0.12321   -0.13087     +6.217028 
 182    8    6  1   0  0 0.020 01.0  0.00242   -0.10260   -0.10621     +3.518519 
 183    9    6  1   0  0 0.020 01.0  0.00258   -0.12664   -0.12769     +0.829122 
 184   10    6  1   0  0 0.020 01.0  0.00222   -0.07287   -0.07379     +1.262522 
 185   11    9  1   0  0 0.020 01.0  0.00173   -0.00000   +0.00390     +0.000000 
 186   10    9  1   0  0 0.020 01.0  0.00258   -0.12664   -0.13333     +5.282691 
 187   12    4  1   0  0 0.020 01.0  0.00285   -0.16786   -0.17060     +1.632313 
 188   13   12  1   0  0 0.020 01.0  0.00173   -0.00000   -0.00336     +0.000000 
 189   14   12  1   0  0 0.020 01.0  0.00192   -0.02818   -0.03110    +10.361959 
 190   15   12  1   0  0 0.020 01.0  0.00218   -0.06730   -0.06431     -4.442793 
 191   16   12  1   0  0 0.020 01.0  0.00195   -0.03295   -0.03543     +7.526555 
 192   15   14  1   0  0 0.020 01.0  0.00177   -0.00617   -0.00896    +45.218801 
 193   17   16  1   0  0 0.020 01.0  0.00187   -0.02093   -0.02498    +19.350215 
 194   18   15  1   0  0 0.020 01.0  0.00190   -0.02480   -0.02798    +12.822581 
 195   19   18  1   0  0 0.020 01.0  0.00183   -0.01379   -0.01031    -25.235678 
 196   20   19  1   0  0 0.020 01.0  0.00186   +0.01923   +0.01787     -7.072283 
 197   20   10  1   0  0 0.020 01.0  0.00192   -0.02723   -0.02533     -6.977598 
 198   17   10  1   0  0 0.020 01.0  0.00180   -0.01007   -0.00536    -46.772592 
 199   21   10  1   0  0 0.020 01.0  0.00207   -0.05099   -0.05190     +1.784664 
 200   22   10  1   0  0 0.020 01.0  0.00189   -0.02396   -0.02277     -4.966611 
 201   22   21  1   0  0 0.020 01.0  0.00180   +0.01002   +0.01509    +50.598802 
 202   23   15  1   0  0 0.020 01.0  0.00186   -0.01958   -0.02109     +7.711951 
 203   24   22  1   0  0 0.020 01.0  0.00183   -0.01392   -0.01212    -12.931034 
 204   24   23  1   0  0 0.020 01.0  0.00179   -0.00857   -0.01056    +23.220537 
 205   25   24  1   0  0 0.020 01.0  0.00178   +0.00765   +0.01178    +53.986928 
 206   26   25  1   0  0 0.020 01.0  0.00181   -0.01200   -0.01422    +18.500000 
 207   27   25  1   0  0 0.020 01.0  0.00186   +0.01977   +0.01748    -11.583207 
 208   27   28  1   0  0 0.020 01.0  0.00217   -0.06508   -0.05978     -8.143823 
 209   29   27  1   0  0 0.020 01.0  0.00187   -0.02094   -0.02102     +0.382044 
 210   30   27  1   0  0 0.020 01.0  0.00189   -0.02409   -0.02742    +13.823163 
 211   30   29  1   0  0 0.020 01.0  0.00182   -0.01291   -0.01808    +40.046476 
 212   28    8  1   0  0 0.020 01.0  0.00175   +0.00246   -0.00100   -140.650407 
 213   28    6  1   0  0 0.020 01.0  0.00218   -0.06754   -0.07013     +3.834765 
 214    2    1  4   0  0 0.020 01.0  0.00282   -0.16275   -0.15494     -4.798771 
 215    3    1  4   0  0 0.020 01.0  0.00230   -0.08505   -0.08114     -4.597296 
 216    4    2  4   0  0 0.020 01.0  0.00201   -0.04160   -0.03951     -5.024038 
 217    4    3  4   0  0 0.020 01.0  0.00231   -0.08717   -0.08243     -5.437651 
 218    5    2  4   0  0 0.020 01.0  0.00257   -0.12480   -0.12602     +0.977564 
 219    6    2  4   0  0 0.020 01.0  0.00199   -0.03905   -0.03661     -6.248399 
 220    6    4  4   0  0 0.020 01.0  0.00182   -0.01307   -0.01328     +1.606733 
 221    7    5  4   0  0 0.020 01.0  0.00202   +0.04283   +0.04672     +9.082419 
 222    7    6  4   0  0 0.020 01.0  0.00227   -0.08083   -0.08169     +1.063961 
 223    8    6  4   0  0 0.020 01.0  0.00274   -0.15086   -0.14495     -3.917539 
 224    9    6  4   0  0 0.020 01.0  0.00250   +0.11447   +0.10711     -6.429632 
 225   10    6  4   0  0 0.020 01.0  0.00198   +0.03770   +0.04361    +15.676393 
 226   11    9  4   0  0 0.020 01.0  0.00208   +0.05137   +0.04857     -5.450652 
 227   10    9  4   0  0 0.020 01.0  0.00217   +0.06549   +0.05941     -9.283860 
 228   12    4  4   0  0 0.020 01.0  0.00243   -0.10515   -0.11023     +4.831194 
 229   13   12  4   0  0 0.020 01.0  0.00213   -0.06000   -0.06026     +0.433333 
 230   14   12  4   0  0 0.020 01.0  0.00177   -0.00504   -0.00092    -81.746032 
 231   15   12  4   0  0 0.020 01.0  0.00181   -0.01121   -0.01355    +20.874219 
 232   16   12  4   0  0 0.020 01.0  0.00174   -0.00157   +0.00140   -189.171975 
 233   15   14  4   0  0 0.020 01.0  0.00174   +0.00096   -0.00248   -358.333333 
 234   17   16  4   0  0 0.020 01.0  0.00176   +0.00451   +0.00695    +54.101996 
 235   18   15  4   0  0 0.020 01.0  0.00173   +0.00004   -0.00259  -6575.000000 
 236   19   18  4   0  0 0.020 01.0  0.00175   +0.00307   -0.00133   -143.322476 
 237   20   19  4   0  0 0.020 01.0  0.00183   +0.01510   +0.01899    +25.761589 
 238   20   10  4   0  0 0.020 01.0  0.00185   -0.01710   -0.01503    -12.105263 
 239   17   10  4   0  0 0.020 01.0  0.00190   -0.02451   -0.01929    -21.297430 
 240   21   10  4   0  0 0.020 01.0  0.00194   -0.03163   -0.02597    -17.894404 
 241   22   10  4   0  0 0.020 01.0  0.00183   -0.01409   -0.01371     -2.696948 
 242   22   21  4   0  0 0.020 01.0  0.00178   +0.00737   +0.01171    +58.887381 
 243   23   15  4   0  0 0.020 01.0  0.00174   -0.00110   -0.00134    +21.818182 
 244   24   22  4   0  0 0.020 01.0  0.00178   -0.00669   -0.00253    -62.182362 
 245   24   23  4   0  0 0.020 01.0  0.00177   +0.00492   -0.00012   -102.439024 
 246   25   24  4   0  0 0.020 01.0  0.00192   -0.02798   -0.03226    +15.296640 
 247   26   25  4   0  0 0.020 01.0  0.00179   -0.00800   -0.00542    -32.250000 
 248   27   25  4   0  0 0.020 01.0  0.00186   -0.01977   -0.02099     +6.170966 
 249   27   28  4   0  0 0.020 01.0  0.00179   +0.00920   +0.00805    -12.500000 
 250   29   27  4   0  0 0.020 01.0  0.00177   -0.00512   -0.00404    -21.093750 
 251   30   27  4   0  0 0.020 01.0  0.00177   -0.00495   -0.00999   +101.818182 
 252   30   29  4   0  0 0.020 01.0  0.00175   -0.00205   -0.00323    +57.560976 
 253   28    8  4   0  0 0.020 01.0  0.00180   +0.00953   +0.00476    -50.052466 
 254   28    6  4   0  0 0.020 01.0  0.00175   -0.00185   +0.00013   -107.027027 
----------------------------------------------------------------------------------
Número de medidores SCADA:     254
Número de PMUs:                0
Número de medidas das PMUs:    0
----------------------------------------------------------------------------------

Não há medidas de ângulo.
Não há medidores desabilitados.
============================== Estado Estimado ===================================
                 Barra     Mod(pu)    Ang(graus)              
----------------------------------------------------------------------------------
                    1            1.0593              0.00        
                    2            1.0443             -1.08        
                    3            1.0362             -2.26        
                    4            1.0297             -2.75        
                    5            1.0089             -3.90        
                    6            1.0264             -3.29        
                    7            1.0171             -3.75        
                    8            1.0194             -3.43        
                    9            1.0711             -4.65        
                   10            1.0777             -5.35        
                   11            1.0810             -4.64        
                   12            1.0790             -4.80        
                   13            1.0711             -4.80        
                   14            1.0748             -5.13        
                   15            1.0735             -5.20        
                   16            1.0758             -5.13        
                   17            1.0757             -5.35        
                   18            1.0704             -5.49        
                   19            1.0700             -5.57        
                   20            1.0716             -5.53        
                   21            1.0738             -5.48        
                   22            1.0742             -5.47        
                   23            1.0716             -5.38        
                   24            1.0716             -5.53        
                   25            1.0646             -5.07        
                   26            1.0592             -5.15        
                   27            1.0628             -4.76        
                   28            1.0256             -3.52        
                   29            1.0570             -5.22        
                   30            1.0529             -5.48        
----------------------------------------------------------------------------------
Convergiu em:    2 iteraçoes. 
----------------------------------------------------------------------------------
--- RESIDUOS NORMALIZADOS --------------------------------------------------------
   N    D    P  TP      Real     Medido   Estimado      Med-Est        rn 
----------------------------------------------------------------------------------
  24    0   24  6    +1.0725    +1.0880    +1.0716  +1.6379e-02      0.228 
  26    0   26  6    +1.0595    +1.0748    +1.0592  +1.5642e-02      0.222 
   5    0    5  6    +1.0100    +0.9950    +1.0089  -1.3901e-02      0.199 
  95    2    5  1    +0.2913    +0.3015    +0.2908  +1.0758e-02      0.187 
  18    0   18  6    +1.0719    +1.0571    +1.0704  -1.3314e-02      0.185 
  23    0   23  6    +1.0723    +1.0587    +1.0716  -1.2908e-02      0.180 
  12    0   12  6    +1.0799    +1.0913    +1.0790  +1.2321e-02      0.171 
  51    0   21  2    -0.0610    -0.0556    -0.0616  +6.0016e-03      0.168 
  42    0   12  2    -0.0390    -0.0431    -0.0387  -4.4181e-03      0.167 
 104    9   10  1    +0.1266    +0.1204    +0.1279  -7.4507e-03      0.166 
  93    2    4  1    +0.1909    +0.1980    +0.1892  +8.8020e-03      0.166 
  31    0    1  2    +0.6916    +0.6825    +0.6935  -1.1006e-02      0.166 
  65    0    5  5    -0.1881    -0.1830    -0.1901  +7.0543e-03      0.159 
 251   30   27  4    -0.0050    -0.0100    -0.0037  -6.2605e-03      0.158 
  13    0   13  6    +1.0721    +1.0598    +1.0711  -1.1297e-02      0.157 
 154   18   19  4    -0.0030    -0.0081    -0.0023  -5.7999e-03      0.157 
 118   10   22  1    +0.0240    +0.0297    +0.0232  +6.5349e-03      0.155 
 116   10   17  1    +0.0101    +0.0141    +0.0085  +5.5368e-03      0.154 
 182    8    6  1    -0.1026    -0.1062    -0.0997  -6.4934e-03      0.153 
 225   10    6  4    +0.0377    +0.0436    +0.0370  +6.6547e-03      0.152 
  11    0   11  6    +1.0820    +1.0919    +1.0810  +1.0907e-02      0.151 
 145    9   10  4    -0.0636    -0.0574    -0.0634  +6.0090e-03      0.148 
 227   10    9  4    +0.0655    +0.0594    +0.0653  -5.9215e-03      0.146 
 240   21   10  4    -0.0316    -0.0260    -0.0317  +5.7413e-03      0.145 
  70    0   10  5    -0.0300    -0.0280    -0.0317  +3.7024e-03      0.144 
  68    0    8  5    -0.2050    -0.2061    -0.1996  -6.4535e-03      0.141 
  84    0   24  5    -0.0230    -0.0278    -0.0235  -4.2491e-03      0.139 
 211   30   29  1    -0.0129    -0.0181    -0.0126  -5.4707e-03      0.139 
 244   24   22  4    -0.0067    -0.0025    -0.0078  +5.2443e-03      0.139 
  36    0    6  2    -0.0000    +0.0049    +0.0076  -2.6873e-03      0.136 
 133    1    3  4    +0.0528    +0.0590    +0.0531  +5.8859e-03      0.136 
   6    0    6  6    +1.0271    +1.0170    +1.0264  -9.4691e-03      0.134 
 214    2    1  4    -0.1628    -0.1549    -0.1613  +6.3882e-03      0.133 
 151   14   15  4    -0.0010    -0.0051    +0.0001  -5.2177e-03      0.133 
  71    0   11  5    +0.0514    +0.0465    +0.0515  -4.9625e-03      0.129 
 111   16   17  1    +0.0209    +0.0264    +0.0214  +5.0158e-03      0.128 
  98    5    7  1    -0.0430    -0.0391    -0.0441  +5.0045e-03      0.127 
  15    0   15  6    +1.0744    +1.0825    +1.0735  +9.0843e-03      0.126 
 107   12   14  1    +0.0283    +0.0333    +0.0282  +5.1033e-03      0.125 
 150   12   16  4    +0.0018    +0.0061    +0.0014  +4.6847e-03      0.124 
  43    0   13  2    +0.0000    +0.0051    +0.0009  +4.2862e-03      0.123 
 206   26   25  1    -0.0120    -0.0142    -0.0098  -4.4245e-03      0.122 
 186   10    9  1    -0.1266    -0.1333    -0.1279  -5.4793e-03      0.122 
  25    0   25  6    +1.0652    +1.0558    +1.0646  -8.7362e-03      0.122 
 188   13   12  1    -0.0000    -0.0034    +0.0009  -4.2138e-03      0.121 
 176    4    3  1    -0.2707    -0.2623    -0.2688  +6.5124e-03      0.121 
  91    1    2  1    +0.4084    +0.4180    +0.4109  +7.1212e-03      0.121 
 131    6   28  1    +0.0676    +0.0617    +0.0667  -4.9904e-03      0.121 
  99    6    7  1    +0.1237    +0.1216    +0.1267  -5.1600e-03      0.118 
 175    4    2  1    -0.1889    -0.1811    -0.1873  +6.2448e-03      0.118 
 224    9    6  4    +0.1145    +0.1071    +0.1125  -5.3453e-03      0.117 
 122   23   24  1    +0.0086    +0.0046    +0.0091  -4.5356e-03      0.116 
  19    0   19  6    +1.0714    +1.0616    +1.0700  -8.3255e-03      0.116 
 245   24   23  4    +0.0049    -0.0001    +0.0044  -4.4887e-03      0.116 
 160   21   22  4    -0.0074    -0.0044    -0.0086  +4.1974e-03      0.114 
 165   25   26  4    +0.0081    +0.0126    +0.0086  +4.0701e-03      0.113 
   8    0    8  6    +1.0199    +1.0273    +1.0194  +7.9337e-03      0.113 
  22    0   22  6    +1.0751    +1.0660    +1.0742  -8.1303e-03      0.113 
 167   28   27  4    -0.0077    -0.0125    -0.0082  -4.2827e-03      0.113 
 106   12   13  1    +0.0000    +0.0030    -0.0009  +3.8938e-03      0.112 
  69    0    9  5    +0.0000    -0.0049    -0.0020  -2.9461e-03      0.110 
 238   20   10  4    -0.0171    -0.0150    -0.0192  +4.1730e-03      0.110 
 148   12   14  4    +0.0052    +0.0085    +0.0043  +4.2418e-03      0.108 
 181    7    6  1    -0.1232    -0.1309    -0.1262  -4.6758e-03      0.107 
  10    0   10  6    +1.0787    +1.0852    +1.0777  +7.5776e-03      0.105 
  16    0   16  6    +1.0767    +1.0833    +1.0758  +7.4775e-03      0.104 
 163   23   24  4    -0.0049    -0.0084    -0.0043  -4.0154e-03      0.103 
 109   12   16  1    +0.0330    +0.0382    +0.0340  +4.1255e-03      0.102 
  55    0   25  2    +0.0000    -0.0010    +0.0018  -2.8797e-03      0.102 
 169   27   30  4    +0.0053    +0.0001    +0.0041  -4.0132e-03      0.102 
 155   19   20  4    -0.0151    -0.0126    -0.0163  +3.7516e-03      0.101 
  28    0   28  6    +1.0263    +1.0185    +1.0256  -7.0799e-03      0.101 
  47    0   17  2    -0.0310    -0.0266    -0.0299  +3.3706e-03      0.100 
 236   19   18  4    +0.0031    -0.0013    +0.0023  -3.6548e-03      0.099 
 146    4   12  4    +0.1138    +0.1101    +0.1146  -4.4838e-03      0.098 
  30    0   30  6    +1.0531    +1.0598    +1.0529  +6.9145e-03      0.098 
 139    5    7  4    -0.0633    -0.0675    -0.0634  -4.0533e-03      0.097 
 144    9   11  4    -0.0509    -0.0548    -0.0510  -3.7398e-03      0.096 
 228   12    4  4    -0.1051    -0.1102    -0.1060  -4.2739e-03      0.094 
  78    0   18  5    -0.0030    -0.0009    -0.0038  +2.9663e-03      0.094 
  66    0    6  5    +0.0000    -0.0018    +0.0002  -1.9818e-03      0.092 
 221    7    5  4    +0.0428    +0.0467    +0.0430  +3.6847e-03      0.092 
 193   17   16  1    -0.0209    -0.0250    -0.0214  -3.5879e-03      0.092 
  64    0    4  5    -0.0090    -0.0085    -0.0061  -2.4335e-03      0.091 
 215    3    1  4    -0.0851    -0.0811    -0.0853  +4.1610e-03      0.091 
 171    8   28  4    -0.0541    -0.0490    -0.0531  +4.0548e-03      0.090 
  87    0   27  5    -0.0000    -0.0050    -0.0026  -2.3887e-03      0.090 
 136    2    5  4    +0.0988    +0.1049    +0.1007  +4.1322e-03      0.090 
 201   22   21  1    +0.0100    +0.0151    +0.0118  +3.3084e-03      0.090 
 253   28    8  4    +0.0095    +0.0048    +0.0085  -3.7300e-03      0.090 
 198   17   10  1    -0.0101    -0.0054    -0.0085  +3.1685e-03      0.088 
 247   26   25  4    -0.0080    -0.0054    -0.0085  +3.0929e-03      0.086 
  83    0   23  5    -0.0060    -0.0077    -0.0050  -2.6943e-03      0.085 
  72    0   12  5    -0.0260    -0.0294    -0.0272  -2.2266e-03      0.085 
 213   28    6  1    -0.0675    -0.0701    -0.0666  -3.5112e-03      0.085 
  34    0    4  2    -0.0410    -0.0444    -0.0422  -2.1539e-03      0.084 
  41    0   11  2    +0.0000    -0.0020    +0.0010  -2.9512e-03      0.084 
 185   11    9  1    -0.0000    +0.0039    +0.0010  +2.9288e-03      0.083 
 242   22   21  4    +0.0074    +0.0117    +0.0086  +3.0682e-03      0.083 
  38    0    8  2    -0.1050    -0.0985    -0.1017  +3.2684e-03      0.083 
 168   27   29  4    +0.0053    +0.0058    +0.0027  +3.1517e-03      0.083 
 246   25   24  4    -0.0280    -0.0323    -0.0290  -3.2759e-03      0.082 
  59    0   29  2    -0.0080    -0.0129    -0.0103  -2.5983e-03      0.081 
 230   14   12  4    -0.0050    -0.0009    -0.0041  +3.1794e-03      0.081 
  14    0   14  6    +1.0755    +1.0805    +1.0748  +5.7646e-03      0.080 
  94    3    4  1    +0.2717    +0.2655    +0.2698  -4.3042e-03      0.080 
 102    6   10  1    +0.0729    +0.0773    +0.0736  +3.6999e-03      0.080 
 164   24   25  4    +0.0282    +0.0324    +0.0293  +3.1562e-03      0.079 
  21    0   21  6    +1.0749    +1.0795    +1.0738  +5.6368e-03      0.078 
 147   12   13  4    +0.0604    +0.0640    +0.0610  +3.0340e-03      0.078 
 137    2    6  4    +0.0089    +0.0063    +0.0095  -3.1718e-03      0.078 
   3    0    3  6    +1.0369    +1.0307    +1.0362  -5.4840e-03      0.077 
  92    1    3  1    +0.2831    +0.2782    +0.2826  -4.4276e-03      0.077 
 217    4    3  4    -0.0872    -0.0824    -0.0857  +3.2784e-03      0.077 
 226   11    9  4    +0.0514    +0.0486    +0.0515  -2.9325e-03      0.076 
 202   23   15  1    -0.0196    -0.0211    -0.0181  -2.9427e-03      0.076 
 173    2    1  1    -0.4052    -0.4121    -0.4076  -4.4556e-03      0.076 
 212   28    8  1    +0.0025    -0.0010    +0.0021  -3.0902e-03      0.075 
  35    0    5  2    -0.3300    -0.3344    -0.3306  -3.8230e-03      0.074 
 219    6    2  4    -0.0391    -0.0366    -0.0398  +3.1606e-03      0.073 
 189   14   12  1    -0.0282    -0.0311    -0.0281  -2.9893e-03      0.073 
   7    0    7  6    +1.0180    +1.0120    +1.0171  -5.0153e-03      0.072 
 187   12    4  1    -0.1679    -0.1706    -0.1671  -3.5099e-03      0.071 
 237   20   19  4    +0.0151    +0.0190    +0.0163  +2.6531e-03      0.071 
 152   16   17  4    -0.0044    -0.0083    -0.0056  -2.7067e-03      0.071 
 254   28    6  4    -0.0019    +0.0001    -0.0024  +2.5793e-03      0.071 
 232   16   12  4    -0.0016    +0.0014    -0.0012  +2.6272e-03      0.069 
 138    4    6  4    +0.0060    +0.0095    +0.0070  +2.4969e-03      0.069 
 142    6    9  4    -0.1092    -0.1040    -0.1072  +3.1569e-03      0.069 
 100    6    8  1    +0.1030    +0.1030    +0.1001  +2.9261e-03      0.069 
 166   25   27  4    +0.0199    +0.0164    +0.0190  -2.5907e-03      0.068 
 170   29   30  4    +0.0021    +0.0056    +0.0029  +2.6261e-03      0.068 
  33    0    3  2    -0.0080    -0.0075    -0.0094  +1.8839e-03      0.067 
 129   29   30  1    +0.0129    +0.0100    +0.0126  -2.6455e-03      0.067 
  67    0    7  5    -0.0380    -0.0428    -0.0406  -2.1722e-03      0.066 
 105    4   12  1    +0.1679    +0.1638    +0.1671  -3.2401e-03      0.066 
 192   15   14  1    -0.0062    -0.0090    -0.0064  -2.5862e-03      0.066 
 143    6   10  4    -0.0345    -0.0309    -0.0337  +2.8388e-03      0.065 
  46    0   16  2    -0.0120    -0.0146    -0.0125  -2.0540e-03      0.065 
  53    0   23  2    -0.0110    -0.0070    -0.0090  +2.0317e-03      0.064 
 162   22   24  4    +0.0067    +0.0102    +0.0078  +2.3755e-03      0.063 
  61    0    1  5    +0.1667    +0.1683    +0.1657  +2.5871e-03      0.062 
  76    0   16  5    -0.0060    -0.0049    -0.0068  +1.9305e-03      0.061 
 233   15   14  4    +0.0010    -0.0025    -0.0001  -2.3893e-03      0.061 
 119   21   22  1    -0.0100    -0.0140    -0.0118  -2.2405e-03      0.061 
 178    6    2  1    -0.2438    -0.2379    -0.2413  +3.3810e-03      0.060 
 117   10   21  1    +0.0511    +0.0523    +0.0499  +2.4126e-03      0.059 
 115   10   20  1    +0.0273    +0.0289    +0.0267  +2.2330e-03      0.058 
  17    0   17  6    +1.0765    +1.0799    +1.0757  +4.1565e-03      0.058 
 216    4    2  4    -0.0416    -0.0395    -0.0420  +2.4750e-03      0.057 
 190   15   12  1    -0.0673    -0.0643    -0.0667  +2.4273e-03      0.057 
  27    0   27  6    +1.0633    +1.0669    +1.0628  +4.0428e-03      0.057 
 153   15   18  4    +0.0001    +0.0038    +0.0017  +2.1183e-03      0.057 
  20    0   20  6    +1.0730    +1.0676    +1.0716  -4.0271e-03      0.056 
 179    6    4  1    -0.2501    -0.2432    -0.2461  +2.9159e-03      0.056 
 101    6    9  1    +0.1266    +0.1305    +0.1279  +2.5801e-03      0.055 
 121   22   24  1    +0.0140    +0.0137    +0.0116  +2.1163e-03      0.055 
 248   27   25  4    -0.0198    -0.0210    -0.0189  -2.0831e-03      0.055 
 135    3    4  4    +0.0810    +0.0819    +0.0796  +2.2856e-03      0.054 
  57    0   27  2    +0.0000    +0.0043    +0.0057  -1.4153e-03      0.054 
 210   30   27  1    -0.0241    -0.0274    -0.0252  -2.1868e-03      0.053 
 239   17   10  4    -0.0245    -0.0193    -0.0213  +1.9963e-03      0.053 
 132    1    2  4    +0.1139    +0.1149    +0.1126  +2.3312e-03      0.053 
 231   15   12  4    -0.0112    -0.0135    -0.0115  -2.0059e-03      0.052 
  80    0   20  5    -0.0020    -0.0013    -0.0029  +1.6162e-03      0.052 
 208   27   28  1    -0.0651    -0.0598    -0.0619  +2.1527e-03      0.051 
 199   21   10  1    -0.0510    -0.0519    -0.0498  -2.0779e-03      0.051 
   9    0    9  6    +1.0721    +1.0747    +1.0711  +3.6566e-03      0.051 
 209   29   27  1    -0.0209    -0.0210    -0.0230  +1.9371e-03      0.049 
 140    6    7  4    +0.0647    +0.0696    +0.0676  +1.9577e-03      0.049 
  81    0   21  5    -0.0390    -0.0420    -0.0403  -1.6413e-03      0.048 
 222    7    6  4    -0.0808    -0.0817    -0.0837  +1.9931e-03      0.048 
 161   15   23  4    +0.0012    -0.0011    +0.0007  -1.7691e-03      0.047 
  32    0    2  2    +0.3240    +0.3150    +0.3169  -1.8690e-03      0.046 
  86    0   26  5    -0.0080    -0.0101    -0.0085  -1.6271e-03      0.045 
 134    2    4  4    +0.0079    +0.0064    +0.0082  -1.8180e-03      0.045 
 207   27   25  1    +0.0198    +0.0175    +0.0191  -1.6649e-03      0.044 
 172    6   28  4    -0.0116    -0.0094    -0.0110  +1.6221e-03      0.043 
  58    0   28  2    -0.0000    -0.0038    -0.0026  -1.2241e-03      0.043 
  45    0   15  2    -0.0290    -0.0285    -0.0273  -1.1925e-03      0.042 
 250   29   27  4    -0.0051    -0.0040    -0.0025  -1.5799e-03      0.041 
 249   27   28  4    +0.0092    +0.0080    +0.0096  -1.5442e-03      0.041 
  88    0   28  5    +0.0000    -0.0034    -0.0022  -1.1934e-03      0.041 
  75    0   15  5    -0.0090    -0.0104    -0.0093  -1.0959e-03      0.040 
  90    0   30  5    -0.0070    -0.0053    -0.0066  +1.2650e-03      0.039 
 130    8   28  1    -0.0024    -0.0004    -0.0020  +1.5918e-03      0.039 
 156   10   20  4    +0.0173    +0.0208    +0.0194  +1.4010e-03      0.037 
 204   24   23  1    -0.0086    -0.0106    -0.0091  -1.4362e-03      0.037 
 191   16   12  1    -0.0330    -0.0354    -0.0340  -1.4797e-03      0.037 
 159   10   22  4    +0.0142    +0.0125    +0.0140  -1.5169e-03      0.037 
 223    8    6  4    -0.1509    -0.1449    -0.1466  +1.6218e-03      0.036 
 124   25   26  1    +0.0120    +0.0086    +0.0098  -1.2537e-03      0.035 
 125   25   27  1    -0.0197    -0.0178    -0.0191  +1.3049e-03      0.034 
 108   12   15  1    +0.0676    +0.0685    +0.0670  +1.4592e-03      0.034 
 234   17   16  4    +0.0045    +0.0069    +0.0057  +1.2953e-03      0.034 
  48    0   18  2    -0.0110    -0.0153    -0.0164  +1.0859e-03      0.034 
 197   20   10  1    -0.0272    -0.0253    -0.0266  +1.2792e-03      0.033 
 127   27   29  1    +0.0210    +0.0243    +0.0231  +1.2380e-03      0.032 
  56    0   26  2    -0.0120    -0.0109    -0.0098  -1.1345e-03      0.031 
 177    5    2  1    -0.2870    -0.2847    -0.2865  +1.7924e-03      0.031 
 157   10   17  4    +0.0246    +0.0202    +0.0213  -1.1347e-03      0.030 
  97    4    6  1    +0.2508    +0.2452    +0.2468  -1.5611e-03      0.030 
  62    0    2  5    -0.0472    -0.0420    -0.0429  +8.1066e-04      0.029 
 235   18   15  4    +0.0000    -0.0026    -0.0015  -1.0538e-03      0.028 
  44    0   14  2    -0.0220    -0.0226    -0.0217  -8.3088e-04      0.025 
  79    0   19  5    -0.0120    -0.0132    -0.0140  +8.0685e-04      0.025 
 114   19   20  1    -0.0192    -0.0190    -0.0181  -9.2255e-04      0.025 
 220    6    4  4    -0.0131    -0.0133    -0.0142  +8.9199e-04      0.024 
  85    0   25  5    -0.0000    -0.0021    -0.0014  -6.8652e-04      0.024 
 174    3    1  1    -0.2797    -0.2778    -0.2791  +1.3880e-03      0.024 
  73    0   13  5    -0.0600    -0.0596    -0.0605  +9.1882e-04      0.024 
  40    0   10  2    -0.0870    -0.0938    -0.0931  -6.8193e-04      0.023 
 195   19   18  1    -0.0138    -0.0103    -0.0112  +8.7303e-04      0.023 
 120   15   23  1    +0.0196    +0.0173    +0.0182  -8.7602e-04      0.023 
 113   18   19  1    +0.0138    +0.0103    +0.0112  -8.4031e-04      0.022 
  37    0    7  2    -0.0800    -0.0826    -0.0818  -7.6557e-04      0.022 
 110   14   15  1    +0.0062    +0.0072    +0.0064  +8.2838e-04      0.021 
 126   28   27  1    +0.0651    +0.0628    +0.0619  +8.7728e-04      0.021 
  74    0   14  5    -0.0060    -0.0046    -0.0040  -6.3831e-04      0.020 
 243   23   15  4    -0.0011    -0.0013    -0.0006  -7.0894e-04      0.019 
 205   25   24  1    +0.0076    +0.0118    +0.0111  +6.9917e-04      0.018 
 141    6    8  4    +0.1427    +0.1392    +0.1384  +8.0015e-04      0.018 
   2    0    2  6    +1.0450    +1.0455    +1.0443  +1.1898e-03      0.017 
   1    0    1  6    +1.0600    +1.0581    +1.0593  -1.1708e-03      0.016 
 128   27   30  1    +0.0243    +0.0248    +0.0254  -6.3112e-04      0.015 
  77    0   17  5    -0.0200    -0.0161    -0.0156  -4.8834e-04      0.015 
  96    2    6  1    +0.2471    +0.2453    +0.2445  +8.3694e-04      0.015 
 203   24   22  1    -0.0139    -0.0121    -0.0116  -5.6576e-04      0.015 
  63    0    3  5    -0.0040    -0.0062    -0.0057  -4.4339e-04      0.014 
 218    5    2  4    -0.1248    -0.1260    -0.1267  +6.4755e-04      0.013 
 123   24   25  1    -0.0075    -0.0104    -0.0109  +5.0068e-04      0.013 
 180    7    5  1    +0.0432    +0.0439    +0.0444  -4.1974e-04      0.011 
 194   18   15  1    -0.0248    -0.0280    -0.0276  -4.0379e-04      0.010 
  89    0   29  5    -0.0030    +0.0008    +0.0005  +3.2617e-04      0.010 
  60    0   30  2    -0.0370    -0.0382    -0.0378  -3.3751e-04      0.010 
 252   30   29  4    -0.0021    -0.0032    -0.0029  -3.6442e-04      0.009 
  50    0   20  2    -0.0080    -0.0088    -0.0085  -2.9587e-04      0.009 
 149   12   15  4    +0.0117    +0.0117    +0.0121  -3.5324e-04      0.009 
 200   22   10  1    -0.0240    -0.0228    -0.0231  +3.3920e-04      0.008 
 229   13   12  4    -0.0600    -0.0603    -0.0605  +2.6882e-04      0.007 
 196   20   19  1    +0.0192    +0.0179    +0.0181  -2.5508e-04      0.007 
  29    0   29  6    +1.0570    +1.0575    +1.0570  +4.7713e-04      0.007 
 241   22   10  4    -0.0141    -0.0137    -0.0139  +2.3230e-04      0.006 
 158   10   21  4    +0.0319    +0.0317    +0.0319  -2.0783e-04      0.005 
 112   15   18  1    +0.0249    +0.0278    +0.0276  +1.9235e-04      0.005 
  82    0   22  5    -0.0000    +0.0024    +0.0025  -1.4399e-04      0.005 
 184   10    6  1    -0.0729    -0.0738    -0.0736  -1.9989e-04      0.004 
 183    9    6  1    -0.1266    -0.1277    -0.1279  +1.9987e-04      0.004 
 103    9   11  1    +0.0000    -0.0011    -0.0010  -1.2881e-04      0.004 
  54    0   24  2    -0.0300    -0.0317    -0.0316  -1.1127e-04      0.004 
  39    0    9  2    -0.0000    -0.0009    -0.0010  +8.0409e-05      0.003 
  49    0   19  2    -0.0330    -0.0292    -0.0293  +8.0483e-05      0.002 
  52    0   22  2    +0.0000    +0.0003    +0.0002  +4.3920e-05      0.001 
   4    0    4  6    +1.0304    +1.0297    +1.0297  -9.5895e-06      0.000 
----------------------------------------------------------------------------------
Não foram identificados erros grosseiros.
Não foram identificadas medidas críticas.
Possíveis conjuntos críticos:
Conjunto 1: 183 184
Conjunto 2: 196 229
Conjunto 3: 50 252
Conjunto 4: 89 194
Conjunto 5: 203 96
Conjunto 6: 96 77
Conjunto 7: 113 120
Conjunto 8: 195 40
Conjunto 9: 40 73
Conjunto 10: 174 85 220
Conjunto 11: 85 220
Conjunto 12: 114 79
Conjunto 13: 177 56
Conjunto 14: 56 127
Conjunto 15: 48 234 108
Conjunto 16: 234 108
Conjunto 17: 108 125
Conjunto 18: 125 124
Conjunto 19: 159 191 204 156
Conjunto 20: 191 204 156
Conjunto 21: 204 156
Conjunto 22: 130 90
Conjunto 23: 75 88 249
Conjunto 24: 88 249
Conjunto 25: 58 172
Conjunto 26: 222 81
Conjunto 27: 140 209
Conjunto 28: 9 199 208
Conjunto 29: 199 208
Conjunto 30: 80 231
Conjunto 31: 239 210
Conjunto 32: 57 135 248
Conjunto 33: 135 248
Conjunto 34: 121 101 179
Conjunto 35: 101 179 20
Conjunto 36: 179 20
Conjunto 37: 20 153 27
Conjunto 38: 153 27 190 216
Conjunto 39: 27 190 216
Conjunto 40: 190 216
Conjunto 41: 17 115
Conjunto 42: 178 119
Conjunto 43: 119 233 76
Conjunto 44: 233 76 61
Conjunto 45: 76 61
Conjunto 46: 46 143 192
Conjunto 47: 143 192
Conjunto 48: 192 105
Conjunto 49: 105 67
Conjunto 50: 129 33
Conjunto 51: 33 170
Conjunto 52: 170 166
Conjunto 53: 166 100
Conjunto 54: 100 142 138 232
Conjunto 55: 142 138 232
Conjunto 56: 138 232
Conjunto 57: 254 152 237 187
Conjunto 58: 152 237 187 7
Conjunto 59: 237 187 7
Conjunto 60: 187 7
Conjunto 61: 189 219 35
Conjunto 62: 219 35
Conjunto 63: 212 173 202 226
Conjunto 64: 173 202 226
Conjunto 65: 202 226
Conjunto 66: 217 92 3
Conjunto 67: 92 3 137
Conjunto 68: 3 137 147
Conjunto 69: 137 147 21
Conjunto 70: 147 21
Conjunto 71: 164 102 94
Conjunto 72: 102 94 14
Conjunto 73: 94 14
Conjunto 74: 230 59
Conjunto 75: 59 246
Conjunto 76: 246 168
Conjunto 77: 168 38 242
Conjunto 78: 38 242 185 41 34
Conjunto 79: 242 185 41 34
Conjunto 80: 185 41 34
Conjunto 81: 41 34 213
Conjunto 82: 34 213
Conjunto 83: 213 72 83
Conjunto 84: 72 83 247
Conjunto 85: 83 247
Conjunto 86: 253 201 136 87 171
Conjunto 87: 201 136 87 171
Conjunto 88: 136 87 171
Conjunto 89: 87 171
Conjunto 90: 215 64 193
Conjunto 91: 64 193 221
Conjunto 92: 193 221 66
Conjunto 93: 221 66
Conjunto 94: 78 228
Conjunto 95: 144 139
Conjunto 96: 30 146 236
Conjunto 97: 146 236
Conjunto 98: 47 28 155
Conjunto 99: 28 155 169
Conjunto 100: 155 169
Conjunto 101: 169 55 109
Conjunto 102: 55 109
Conjunto 103: 163 16
Conjunto 104: 238 69
Conjunto 105: 106 167 22
Conjunto 106: 167 22 8 165
Conjunto 107: 22 8 165
Conjunto 108: 8 165 160
Conjunto 109: 165 160
Conjunto 110: 245 19 122
Conjunto 111: 19 122
Conjunto 112: 122 224
Conjunto 113: 224 175 99
Conjunto 114: 175 99
Conjunto 115: 131 91 176 188
Conjunto 116: 91 176 188
Conjunto 117: 176 188
Conjunto 118: 188 25
Conjunto 119: 25 186 206 43
Conjunto 120: 186 206 43
Conjunto 121: 206 43
Conjunto 122: 43 150
Conjunto 123: 150 107
Conjunto 124: 15 98
Conjunto 125: 98 111
Conjunto 126: 111 71
Conjunto 127: 151 214 6
Conjunto 128: 214 6
Conjunto 129: 133 36
Conjunto 130: 244 211 84
Conjunto 131: 211 84
Conjunto 132: 70 240
Conjunto 133: 240 227
Conjunto 134: 11 225 182
Conjunto 135: 225 182 116
Conjunto 136: 182 116
Conjunto 137: 116 118
Conjunto 138: 154 13 251 65
Conjunto 139: 13 251 65
Conjunto 140: 251 65
Conjunto 141: 31 93 104 42
Conjunto 142: 93 104 42
Conjunto 143: 104 42
Conjunto 144: 42 51
Conjunto 145: 18 95
