================================================================================= 
=== UFF - Doutorado em Computação - Aplicaçoes em Sistemas de Potencia        === 
=== ESTIMADOR DE ESTADO MÍNIMOS QUADRADOS PONDERADOS INCLUINDO MEDIDAS DE PMU === 
=== Desenvolvido por: Rui Menezes de Moraes - 2009                            === 
================================================================================= 
Arquivo de medidores:          F:\Documents\Uff\Artigos\SimSEP\VERSAO WELDAN V2\Codigos\Med\ieee30_16_1600.med
Arquivo do sistema:            F:\Documents\Uff\Artigos\SimSEP\VERSAO WELDAN V2\Codigos\Carga\ieee30_16_1600.txt
Tolerância entre iteraçoes:     1.00e-04
Limite de iteraçoes:           100

--- DADOS DA REDE --------------------------------------------------------------- 
Data do caso:                  08/20/93
Origem:                        UW ARCHIVE          
MVA base:                      100
Ano:                           1961
Estação:                       W
Identificação:                 IEEE 30 Bus Test Case
Número de barras:              30 
Número de ramos:               41 
Referência na barra:           1

--- TELEMEDIDAS ------------------------------------------------------------------
    Tipo 1 = Fluxo de potencia ativa        Tipo  6 = Módulo da tensão            
    Tipo 2 = Injeção de potencia ativa      Tipo  7 = Corrente de ramo (real)     
    Tipo 3 = Ângulo de fase da tensão       Tipo  8 = Corrente de ramo (imag)     
    Tipo 4 = Fluxo de potencia reativa      Tipo  9 = Injeção de corrente (real)  
    Tipo 5 = Injeção de potencia reativa    Tipo 10 = Injeção de corrente (imag)  
----------------------------------------------------------------------------------
   N    D    P TP  PN ST   Exa   FS       DP      V_Ref      V_Med          E(%) 
----------------------------------------------------------------------------------
   1    0    1  6   0  0 0.015 01.1  0.00530   +1.06000   +1.04533     -1.383962 
   2    0    2  6   0  0 0.015 01.1  0.00522   +1.04500   +1.05211     +0.680383 
   3    0    3  6   0  0 0.015 01.1  0.00502   +1.00439   +1.01562     +1.118092 
   4    0    4  6   0  0 0.015 01.1  0.00496   +0.99105   +0.98469     -0.641744 
   5    0    5  6   0  0 0.015 01.1  0.00491   +0.98120   +0.98582     +0.470852 
   6    0    6  6   0  0 0.015 01.1  0.00491   +0.98281   +0.97490     -0.804835 
   7    0    7  6   0  0 0.015 01.1  0.00486   +0.97149   +0.97504     +0.365418 
   8    0    8  6   0  0 0.015 01.1  0.00490   +0.97927   +0.96679     -1.274419 
   9    0    9  6   0  0 0.015 01.1  0.00511   +1.02137   +1.03567     +1.400080 
  10    0   10  6   0  0 0.015 01.1  0.00504   +1.00786   +1.01118     +0.329411 
  11    0   11  6   0  0 0.015 01.1  0.00534   +1.06811   +1.06438     -0.349215 
  12    0   12  6   0  0 0.015 01.1  0.00517   +1.03503   +1.02046     -1.407689 
  13    0   13  6   0  0 0.015 01.1  0.00533   +1.06654   +1.07798     +1.072627 
  14    0   14  6   0  0 0.015 01.1  0.00507   +1.01400   +1.01715     +0.310651 
  15    0   15  6   0  0 0.015 01.1  0.00503   +1.00644   +1.01694     +1.043281 
  16    0   16  6   0  0 0.015 01.1  0.00507   +1.01345   +1.01359     +0.013814 
  17    0   17  6   0  0 0.015 01.1  0.00502   +1.00300   +0.98819     -1.476570 
  18    0   18  6   0  0 0.015 01.1  0.00495   +0.99088   +1.00334     +1.257468 
  19    0   19  6   0  0 0.015 01.1  0.00493   +0.98580   +0.98316     -0.267803 
  20    0   20  6   0  0 0.015 01.1  0.00495   +0.99026   +0.99716     +0.696787 
  21    0   21  6   0  0 0.015 01.1  0.00496   +0.99165   +0.98127     -1.046740 
  22    0   22  6   0  0 0.015 01.1  0.00496   +0.99241   +1.00179     +0.945174 
  23    0   23  6   0  0 0.015 01.1  0.00495   +0.98951   +1.00167     +1.228891 
  24    0   24  6   0  0 0.015 01.1  0.00489   +0.97797   +0.98612     +0.833359 
  25    0   25  6   0  0 0.015 01.1  0.00487   +0.97425   +0.98176     +0.770849 
  26    0   26  6   0  0 0.015 01.1  0.00475   +0.95084   +0.94813     -0.285011 
  27    0   27  6   0  0 0.015 01.1  0.00492   +0.98329   +0.98924     +0.605111 
  28    0   28  6   0  0 0.015 01.1  0.00488   +0.97641   +0.97833     +0.196639 
  29    0   29  6   0  0 0.015 01.1  0.00478   +0.95671   +0.95915     +0.255041 
  30    0   30  6   0  0 0.015 01.1  0.00471   +0.94114   +0.93677     -0.464330 
  31    0    1  2   0  0 0.020 01.0  0.00299   +0.18905   +0.19271     +1.935996 
  32    0    2  2   0  0 0.020 01.0  0.02426   +3.37900   +3.32964     -1.460787 
  33    0    3  2   0  0 0.020 01.0  0.00193   -0.03000   -0.03578    +19.266667 
  34    0    4  2   0  0 0.020 01.0  0.00215   -0.06200   -0.06121     -1.274194 
  35    0    5  2   0  0 0.020 01.0  0.00971   -1.19600   -1.19329     -0.226589 
  36    0    6  2   0  0 0.020 01.0  0.00173   -0.00000   +0.00052     +0.000000 
  37    0    7  2   0  0 0.020 01.0  0.00367   -0.29000   -0.28572     -1.475862 
  38    0    8  2   0  0 0.020 01.0  0.00427   -0.38100   -0.37004     -2.876640 
  39    0    9  2   0  0 0.020 01.0  0.00173   -0.00000   +0.00462     +0.000000 
  40    0   10  2   0  0 0.020 01.0  0.00270   -0.14500   -0.13846     -4.510345 
  41    0   11  2   0  0 0.020 01.0  0.00173   +0.00000   +0.00108     +0.000000 
  42    0   12  2   0  0 0.020 01.0  0.00268   -0.14200   -0.13515     -4.823944 
  43    0   13  2   0  0 0.020 01.0  0.00173   +0.00000   -0.00398     +0.000000 
  44    0   14  2   0  0 0.020 01.0  0.00226   -0.07900   -0.08116     +2.734177 
  45    0   15  2   0  0 0.020 01.0  0.00243   -0.10400   -0.11074     +6.480769 
  46    0   16  2   0  0 0.020 01.0  0.00203   -0.04400   -0.04353     -1.068182 
  47    0   17  2   0  0 0.020 01.0  0.00249   -0.11400   -0.11045     -3.114035 
  48    0   18  2   0  0 0.020 01.0  0.00201   -0.04100   -0.04484     +9.365854 
  49    0   19  2   0  0 0.020 01.0  0.00254   -0.12100   -0.12212     +0.925620 
  50    0   20  2   0  0 0.020 01.0  0.00192   -0.02800   -0.03263    +16.535714 
  51    0   21  2   0  0 0.020 01.0  0.00321   -0.22200   -0.22579     +1.707207 
  52    0   22  2   0  0 0.020 01.0  0.00173   +0.00000   +0.00291     +0.000000 
  53    0   23  2   0  0 0.020 01.0  0.00201   -0.04100   -0.04055     -1.097561 
  54    0   24  2   0  0 0.020 01.0  0.00247   -0.11000   -0.10602     -3.618182 
  55    0   25  2   0  0 0.020 01.0  0.00173   +0.00000   +0.00145     +0.000000 
  56    0   26  2   0  0 0.020 01.0  0.00203   -0.04400   -0.03922    -10.863636 
  57    0   27  2   0  0 0.020 01.0  0.00173   +0.00000   -0.00457     +0.000000 
  58    0   28  2   0  0 0.020 01.0  0.00173   -0.00000   -0.00337     +0.000000 
  59    0   29  2   0  0 0.020 01.0  0.00193   -0.03000   -0.03097     +3.233333 
  60    0   30  2   0  0 0.020 01.0  0.00263   -0.13500   -0.13121     -2.807407 
  61    0    1  5   0  0 0.020 01.0  0.00564   +0.58529   +0.59858     +2.270669 
  62    0    2  5   0  0 0.020 01.0  0.00231   -0.08722   -0.09381     +7.555607 
  63    0    3  5   0  0 0.020 01.0  0.00183   -0.01500   -0.01899    +26.600000 
  64    0    4  5   0  0 0.020 01.0  0.00182   -0.01300   -0.01383     +6.384615 
  65    0    5  5   0  0 0.020 01.0  0.00279   +0.15900   +0.16343     +2.786164 
  66    0    6  5   0  0 0.020 01.0  0.00173   +0.00000   +0.00025     +0.000000 
  67    0    7  5   0  0 0.020 01.0  0.00265   -0.13800   -0.13395     -2.934783 
  68    0    8  5   0  0 0.020 01.0  0.00186   +0.01900   +0.01531    -19.421053 
  69    0    9  5   0  0 0.020 01.0  0.00173   +0.00000   +0.00180     +0.000000 
  70    0   10  5   0  0 0.020 01.0  0.00207   -0.05000   -0.04853     -2.940000 
  71    0   11  5   0  0 0.020 01.0  0.00333   +0.24000   +0.23014     -4.108333 
  72    0   12  5   0  0 0.020 01.0  0.00237   -0.09500   -0.09159     -3.589474 
  73    0   13  5   0  0 0.020 01.0  0.00333   +0.24005   +0.24989     +4.099146 
  74    0   14  5   0  0 0.020 01.0  0.00187   -0.02000   -0.02416    +20.800000 
  75    0   15  5   0  0 0.020 01.0  0.00195   -0.03200   -0.03363     +5.093750 
  76    0   16  5   0  0 0.020 01.0  0.00189   -0.02300   -0.02650    +15.217391 
  77    0   17  5   0  0 0.020 01.0  0.00223   -0.07400   -0.07114     -3.864865 
  78    0   18  5   0  0 0.020 01.0  0.00181   -0.01100   -0.01449    +31.727273 
  79    0   19  5   0  0 0.020 01.0  0.00202   -0.04300   -0.03710    -13.720930 
  80    0   20  5   0  0 0.020 01.0  0.00179   -0.00900   -0.01420    +57.777778 
  81    0   21  5   0  0 0.020 01.0  0.00268   -0.14200   -0.14940     +5.211268 
  82    0   22  5   0  0 0.020 01.0  0.00173   -0.00000   +0.00316     +0.000000 
  83    0   23  5   0  0 0.020 01.0  0.00187   -0.02000   -0.01597    -20.150000 
  84    0   24  5   0  0 0.020 01.0  0.00230   -0.08500   -0.08409     -1.070588 
  85    0   25  5   0  0 0.020 01.0  0.00173   +0.00000   +0.00264     +0.000000 
  86    0   26  5   0  0 0.020 01.0  0.00193   -0.02900   -0.02877     -0.793103 
  87    0   27  5   0  0 0.020 01.0  0.00173   +0.00000   +0.00089     +0.000000 
  88    0   28  5   0  0 0.020 01.0  0.00173   -0.00000   -0.00322     +0.000000 
  89    0   29  5   0  0 0.020 01.0  0.00181   -0.01100   -0.01096     -0.363636 
  90    0   30  5   0  0 0.020 01.0  0.00189   -0.02400   -0.02910    +21.250000 
  91    1    2  1   0  0 0.020 01.0  0.00450   -0.41549   -0.42749     +2.888156 
  92    1    3  1   0  0 0.020 01.0  0.00576   +0.60454   +0.59884     -0.942866 
  93    2    4  1   0  0 0.020 01.0  0.00723   +0.82431   +0.82999     +0.689061 
  94    3    4  1   0  0 0.020 01.0  0.00545   +0.55799   +0.57081     +2.297532 
  95    2    5  1   0  0 0.020 01.0  0.00940   +1.14958   +1.15935     +0.849876 
  96    2    6  1   0  0 0.020 01.0  0.00829   +0.98361   +0.99283     +0.937363 
  97    4    6  1   0  0 0.020 01.0  0.00643   +0.70519   +0.71274     +1.070633 
  98    5    7  1   0  0 0.020 01.0  0.00243   -0.10498   -0.10060     -4.172223 
  99    6    7  1   0  0 0.020 01.0  0.00441   +0.40070   +0.40494     +1.058148 
 100    6    8  1   0  0 0.020 01.0  0.00425   +0.37758   +0.37808     +0.132422 
 101    6    9  1   0  0 0.020 01.0  0.00432   +0.38735   +0.38299     -1.125597 
 102    6   10  1   0  0 0.020 01.0  0.00320   +0.22006   +0.22840     +3.789875 
 103    9   11  1   0  0 0.020 01.0  0.00173   -0.00000   -0.00264     +0.000000 
 104    9   10  1   0  0 0.020 01.0  0.00432   +0.38735   +0.38764     +0.074868 
 105    4   12  1   0  0 0.020 01.0  0.00556   +0.57462   +0.58264     +1.395705 
 106   12   13  1   0  0 0.020 01.0  0.00173   +0.00000   -0.00256     +0.000000 
 107   12   14  1   0  0 0.020 01.0  0.00242   +0.10268   +0.10769     +4.879236 
 108   12   15  1   0  0 0.020 01.0  0.00329   +0.23305   +0.23380     +0.321819 
 109   12   16  1   0  0 0.020 01.0  0.00238   +0.09688   +0.10274     +6.048720 
 110   14   15  1   0  0 0.020 01.0  0.00188   +0.02231   +0.02063     -7.530255 
 111   16   17  1   0  0 0.020 01.0  0.00208   +0.05166   +0.05709    +10.511034 
 112   15   18  1   0  0 0.020 01.0  0.00228   +0.08150   +0.08735     +7.177914 
 113   18   19  1   0  0 0.020 01.0  0.00200   +0.03969   +0.04074     +2.645503 
 114   19   20  1   0  0 0.020 01.0  0.00228   -0.08143   -0.08687     +6.680585 
 115   10   20  1   0  0 0.020 01.0  0.00247   +0.11094   +0.10896     -1.784749 
 116   10   17  1   0  0 0.020 01.0  0.00215   +0.06272   +0.05983     -4.607781 
 117   10   21  1   0  0 0.020 01.0  0.00304   +0.19538   +0.19112     -2.180366 
 118   10   22  1   0  0 0.020 01.0  0.00236   +0.09337   +0.08951     -4.134090 
 119   21   22  1   0  0 0.020 01.0  0.00192   -0.02849   -0.03424    +20.182520 
 120   15   23  1   0  0 0.020 01.0  0.00217   +0.06560   +0.07072     +7.804878 
 121   22   24  1   0  0 0.020 01.0  0.00216   +0.06400   +0.06340     -0.937500 
 122   23   24  1   0  0 0.020 01.0  0.00189   +0.02391   +0.02480     +3.722292 
 123   24   25  1   0  0 0.020 01.0  0.00189   -0.02295   -0.02503     +9.063181 
 124   25   26  1   0  0 0.020 01.0  0.00203   +0.04478   +0.05080    +13.443502 
 125   25   27  1   0  0 0.020 01.0  0.00219   -0.06795   -0.06160     -9.345107 
 126   28   27  1   0  0 0.020 01.0  0.00332   +0.23853   +0.24780     +3.886304 
 127   27   29  1   0  0 0.020 01.0  0.00226   +0.07907   +0.08132     +2.845580 
 128   27   30  1   0  0 0.020 01.0  0.00234   +0.09098   +0.09416     +3.495274 
 129   29   30  1   0  0 0.020 01.0  0.00205   +0.04754   +0.04549     -4.312158 
 130    8   28  1   0  0 0.020 01.0  0.00177   -0.00520   -0.00496     -4.615385 
 131    6   28  1   0  0 0.020 01.0  0.00337   +0.24483   +0.24025     -1.870686 
 132    1    2  4   0  0 0.020 01.0  0.00436   +0.39365   +0.39936     +1.450527 
 133    1    3  4   0  0 0.020 01.0  0.00301   +0.19165   +0.19667     +2.619358 
 134    2    4  4   0  0 0.020 01.0  0.00231   +0.08644   +0.08064     -6.709857 
 135    3    4  4   0  0 0.020 01.0  0.00280   +0.15965   +0.15497     -2.931412 
 136    2    5  4   0  0 0.020 01.0  0.00280   +0.15948   +0.15451     -3.116378 
 137    2    6  4   0  0 0.020 01.0  0.00241   +0.10099   +0.10278     +1.772453 
 138    4    6  4   0  0 0.020 01.0  0.00174   +0.00078   +0.00312   +300.000000 
 139    5    7  4   0  0 0.020 01.0  0.00250   +0.11541   +0.12043     +4.349710 
 140    6    7  4   0  0 0.020 01.0  0.00176   +0.00377   -0.00131   -134.748011 
 141    6    8  4   0  0 0.020 01.0  0.00191   -0.02627   -0.02968    +12.980586 
 142    6    9  4   0  0 0.020 01.0  0.00216   -0.06427   -0.06467     +0.622374 
 143    6   10  4   0  0 0.020 01.0  0.00190   +0.02488   +0.02349     -5.586817 
 144    9   11  4   0  0 0.020 01.0  0.00326   -0.22950   -0.23262     +1.359477 
 145    9   10  4   0  0 0.020 01.0  0.00262   +0.13348   +0.12661     -5.146838 
 146    4   12  4   0  0 0.020 01.0  0.00278   +0.15625   +0.16060     +2.784000 
 147   12   13  4   0  0 0.020 01.0  0.00329   -0.23296   -0.23488     +0.824176 
 148   12   14  4   0  0 0.020 01.0  0.00198   +0.03656   +0.03862     +5.634573 
 149   12   15  4   0  0 0.020 01.0  0.00247   +0.11063   +0.11138     +0.677935 
 150   12   16  4   0  0 0.020 01.0  0.00218   +0.06674   +0.06088     -8.780342 
 151   14   15  4   0  0 0.020 01.0  0.00183   +0.01372   +0.01161    -15.379009 
 152   16   17  4   0  0 0.020 01.0  0.00201   +0.04118   +0.04678    +13.598834 
 153   15   18  4   0  0 0.020 01.0  0.00195   +0.03209   +0.03713    +15.705827 
 154   18   19  4   0  0 0.020 01.0  0.00186   +0.01944   +0.01807     -7.047325 
 155   19   20  4   0  0 0.020 01.0  0.00189   -0.02382   -0.02249     -5.583543 
 156   10   20  4   0  0 0.020 01.0  0.00197   +0.03613   +0.03687     +2.048159 
 157   10   17  4   0  0 0.020 01.0  0.00196   +0.03406   +0.03795    +11.421022 
 158   10   21  4   0  0 0.020 01.0  0.00259   +0.12805   +0.13515     +5.544709 
 159   10   22  4   0  0 0.020 01.0  0.00213   +0.05891   +0.05349     -9.200475 
 160   21   22  4   0  0 0.020 01.0  0.00185   -0.01798   -0.01366    -24.026696 
 161   15   23  4   0  0 0.020 01.0  0.00208   +0.05202   +0.05280     +1.499423 
 162   22   24  4   0  0 0.020 01.0  0.00199   +0.03910   +0.03545     -9.335038 
 163   23   24  4   0  0 0.020 01.0  0.00194   +0.03062   +0.02739    -10.548661 
 164   24   25  4   0  0 0.020 01.0  0.00190   +0.02441   +0.02675     +9.586235 
 165   25   26  4   0  0 0.020 01.0  0.00193   +0.03017   +0.03129     +3.712297 
 166   25   27  4   0  0 0.020 01.0  0.00177   -0.00614   -0.00522    -14.983713 
 167   28   27  4   0  0 0.020 01.0  0.00224   +0.07608   +0.08238     +8.280757 
 168   27   29  4   0  0 0.020 01.0  0.00188   +0.02207   +0.02299     +4.168555 
 169   27   30  4   0  0 0.020 01.0  0.00188   +0.02245   +0.01793    -20.133630 
 170   29   30  4   0  0 0.020 01.0  0.00179   +0.00817   +0.00460    -43.696450 
 171    8   28  4   0  0 0.020 01.0  0.00177   -0.00483   -0.00905    +87.370600 
 172    6   28  4   0  0 0.020 01.0  0.00194   +0.03138   +0.02725    -13.161249 
 173    2    1  1   0  0 0.020 01.0  0.00454   +0.42151   +0.42618     +1.107922 
 174    3    1  1   0  0 0.020 01.0  0.00565   -0.58799   -0.58324     -0.807837 
 175    4    2  1   0  0 0.020 01.0  0.00699   -0.78825   -0.79360     +0.678719 
 176    4    3  1   0  0 0.020 01.0  0.00542   -0.55356   -0.56453     +1.981718 
 177    5    2  1   0  0 0.020 01.0  0.00901   -1.09102   -1.09699     +0.547194 
 178    6    2  1   0  0 0.020 01.0  0.00794   -0.93135   -0.91706     -1.534332 
 179    6    4  1   0  0 0.020 01.0  0.00639   -0.69916   -0.70301     +0.550661 
 180    7    5  1   0  0 0.020 01.0  0.00244   +0.10626   +0.10999     +3.510258 
 181    7    6  1   0  0 0.020 01.0  0.00438   -0.39625   -0.40163     +1.357729 
 182    8    6  1   0  0 0.020 01.0  0.00424   -0.37580   -0.37224     -0.947312 
 183    9    6  1   0  0 0.020 01.0  0.00432   -0.38735   -0.37738     -2.573900 
 184   10    6  1   0  0 0.020 01.0  0.00320   -0.22006   -0.22564     +2.535672 
 185   11    9  1   0  0 0.020 01.0  0.00173   +0.00000   -0.00020     +0.000000 
 186   10    9  1   0  0 0.020 01.0  0.00432   -0.38735   -0.39737     +2.586808 
 187   12    4  1   0  0 0.020 01.0  0.00556   -0.57462   -0.58689     +2.135324 
 188   13   12  1   0  0 0.020 01.0  0.00173   -0.00000   -0.00453     +0.000000 
 189   14   12  1   0  0 0.020 01.0  0.00241   -0.10131   -0.10739     +6.001382 
 190   15   12  1   0  0 0.020 01.0  0.00326   -0.22894   -0.22646     -1.083253 
 191   16   12  1   0  0 0.020 01.0  0.00237   -0.09566   -0.09692     +1.317165 
 192   15   14  1   0  0 0.020 01.0  0.00188   -0.02217   -0.02060     -7.081642 
 193   17   16  1   0  0 0.020 01.0  0.00208   -0.05144   -0.04700     -8.631415 
 194   18   15  1   0  0 0.020 01.0  0.00227   -0.08069   -0.07710     -4.449126 
 195   19   18  1   0  0 0.020 01.0  0.00200   -0.03956   -0.03386    -14.408493 
 196   20   19  1   0  0 0.020 01.0  0.00228   +0.08169   +0.08553     +4.700698 
 197   20   10  1   0  0 0.020 01.0  0.00247   -0.10969   -0.10324     -5.880208 
 198   17   10  1   0  0 0.020 01.0  0.00215   -0.06256   -0.05947     -4.939258 
 199   21   10  1   0  0 0.020 01.0  0.00302   -0.19351   -0.19798     +2.309958 
 200   22   10  1   0  0 0.020 01.0  0.00235   -0.09250   -0.08941     -3.340541 
 201   22   21  1   0  0 0.020 01.0  0.00192   +0.02850   +0.03074     +7.859649 
 202   23   15  1   0  0 0.020 01.0  0.00217   -0.06491   -0.06136     -5.469111 
 203   24   22  1   0  0 0.020 01.0  0.00216   -0.06334   -0.06015     -5.036312 
 204   24   23  1   0  0 0.020 01.0  0.00189   -0.02371   -0.02577     +8.688317 
 205   25   24  1   0  0 0.020 01.0  0.00189   +0.02317   +0.02329     +0.517911 
 206   26   25  1   0  0 0.020 01.0  0.00203   -0.04400   -0.04068     -7.545455 
 207   27   25  1   0  0 0.020 01.0  0.00219   +0.06849   +0.06944     +1.387064 
 208   27   28  1   0  0 0.020 01.0  0.00332   -0.23853   -0.22948     -3.794072 
 209   29   27  1   0  0 0.020 01.0  0.00225   -0.07754   -0.08197     +5.713180 
 210   30   27  1   0  0 0.020 01.0  0.00232   -0.08807   -0.08240     -6.438061 
 211   30   29  1   0  0 0.020 01.0  0.00205   -0.04693   -0.04383     -6.605583 
 212   28    8  1   0  0 0.020 01.0  0.00177   +0.00522   +0.00295    -43.486590 
 213   28    6  1   0  0 0.020 01.0  0.00336   -0.24375   -0.24119     -1.050256 
 214    2    1  4   0  0 0.020 01.0  0.00463   -0.43413   -0.43517     +0.239560 
 215    3    1  4   0  0 0.020 01.0  0.00290   -0.17465   -0.18109     +3.687375 
 216    4    2  4   0  0 0.020 01.0  0.00183   -0.01472   -0.01418     -3.668478 
 217    4    3  4   0  0 0.020 01.0  0.00277   -0.15530   -0.14750     -5.022537 
 218    5    2  4   0  0 0.020 01.0  0.00202   +0.04359   +0.04288     -1.628814 
 219    6    2  4   0  0 0.020 01.0  0.00186   +0.01910   +0.02012     +5.340314 
 220    6    4  4   0  0 0.020 01.0  0.00181   +0.01142   +0.00720    -36.952715 
 221    7    5  4   0  0 0.020 01.0  0.00261   -0.13164   -0.13634     +3.570343 
 222    7    6  4   0  0 0.020 01.0  0.00178   -0.00636   -0.00995    +56.446541 
 223    8    6  4   0  0 0.020 01.0  0.00189   +0.02383   +0.01857    -22.073017 
 224    9    6  4   0  0 0.020 01.0  0.00237   +0.09602   +0.09279     -3.363883 
 225   10    6  4   0  0 0.020 01.0  0.00174   +0.00163   -0.00119   -173.006135 
 226   11    9  4   0  0 0.020 01.0  0.00333   +0.24000   +0.23717     -1.179167 
 227   10    9  4   0  0 0.020 01.0  0.00250   -0.11578   -0.12127     +4.741752 
 228   12    4  4   0  0 0.020 01.0  0.00224   -0.07597   -0.06927     -8.819271 
 229   13   12  4   0  0 0.020 01.0  0.00333   +0.24005   +0.24032     +0.112477 
 230   14   12  4   0  0 0.020 01.0  0.00196   -0.03372   -0.03504     +3.914591 
 231   15   12  4   0  0 0.020 01.0  0.00242   -0.10253   -0.10615     +3.530674 
 232   16   12  4   0  0 0.020 01.0  0.00216   -0.06418   -0.06593     +2.726706 
 233   15   14  4   0  0 0.020 01.0  0.00182   -0.01359   -0.01469     +8.094187 
 234   17   16  4   0  0 0.020 01.0  0.00200   -0.04036   -0.03524    -12.685828 
 235   18   15  4   0  0 0.020 01.0  0.00194   -0.03044   -0.03049     +0.164258 
 236   19   18  4   0  0 0.020 01.0  0.00186   -0.01918   -0.01796     -6.360792 
 237   20   19  4   0  0 0.020 01.0  0.00190   +0.02433   +0.01869    -23.181258 
 238   20   10  4   0  0 0.020 01.0  0.00196   -0.03333   -0.03230     -3.090309 
 239   17   10  4   0  0 0.020 01.0  0.00196   -0.03364   -0.03038     -9.690844 
 240   21   10  4   0  0 0.020 01.0  0.00256   -0.12402   -0.12161     -1.943235 
 241   22   10  4   0  0 0.020 01.0  0.00211   -0.05711   -0.05675     -0.630362 
 242   22   21  4   0  0 0.020 01.0  0.00185   +0.01800   +0.02163    +20.166667 
 243   23   15  4   0  0 0.020 01.0  0.00207   -0.05062   -0.04488    -11.339392 
 244   24   22  4   0  0 0.020 01.0  0.00199   -0.03808   -0.04030     +5.829832 
 245   24   23  4   0  0 0.020 01.0  0.00194   -0.03021   -0.02676    -11.420060 
 246   25   24  4   0  0 0.020 01.0  0.00189   -0.02403   -0.02647    +10.153974 
 247   26   25  4   0  0 0.020 01.0  0.00193   -0.02900   -0.03461    +19.344828 
 248   27   25  4   0  0 0.020 01.0  0.00178   +0.00716   +0.00283    -60.474860 
 249   27   28  4   0  0 0.020 01.0  0.00208   -0.05168   -0.05382     +4.140867 
 250   29   27  4   0  0 0.020 01.0  0.00186   -0.01917   -0.02135    +11.371935 
 251   30   27  4   0  0 0.020 01.0  0.00185   -0.01698   -0.02232    +31.448763 
 252   30   29  4   0  0 0.020 01.0  0.00178   -0.00702   -0.01063    +51.424501 
 253   28    8  4   0  0 0.020 01.0  0.00197   -0.03604   -0.03670     +1.831299 
 254   28    6  4   0  0 0.020 01.0  0.00200   -0.04005   -0.03684     -8.014981 
----------------------------------------------------------------------------------
Número de medidores SCADA:     254
Número de PMUs:                0
Número de medidas das PMUs:    0
----------------------------------------------------------------------------------

Não há medidas de ângulo.
Não há medidores desabilitados.
============================== Estado Estimado ===================================
                 Barra     Mod(pu)    Ang(graus)              
----------------------------------------------------------------------------------
                    1            1.0616              0.00        
                    2            1.0463              1.65        
                    3            1.0057             -4.83        
                    4            0.9925             -5.92        
                    5            0.9829            -10.67        
                    6            0.9842             -7.63        
                    7            0.9730             -9.59        
                    8            0.9806             -8.58        
                    9            1.0227            -12.12        
                   10            1.0094            -14.50        
                   11            1.0687            -12.11        
                   12            1.0370            -13.61        
                   13            1.0690            -13.62        
                   14            1.0152            -14.81        
                   15            1.0080            -14.89        
                   16            1.0151            -14.31        
                   17            1.0047            -14.74        
                   18            0.9920            -15.71        
                   19            0.9873            -15.94        
                   20            0.9916            -15.64        
                   21            0.9931            -15.09        
                   22            0.9940            -15.06        
                   23            0.9916            -15.34        
                   24            0.9800            -15.46        
                   25            0.9759            -14.71        
                   26            0.9519            -15.23        
                   27            0.9842            -13.92        
                   28            0.9778             -8.47        
                   29            0.9569            -15.62        
                   30            0.9413            -16.78        
----------------------------------------------------------------------------------
Convergiu em:    3 iteraçoes. 
----------------------------------------------------------------------------------
--- RESIDUOS NORMALIZADOS --------------------------------------------------------
   N    D    P  TP      Real     Medido   Estimado      Med-Est        rn 
----------------------------------------------------------------------------------
  32    0    2  2    +3.3790    +3.3296    +3.3768  -4.7143e-02      0.349 
  33    0    3  2    -0.0300    -0.0358    -0.0285  -7.3159e-03      0.276 
  40    0   10  2    -0.1450    -0.1385    -0.1456  +7.1876e-03      0.239 
  17    0   17  6    +1.0030    +0.9882    +1.0047  -1.6473e-02      0.237 
  12    0   12  6    +1.0350    +1.0205    +1.0370  -1.6540e-02      0.234 
   1    0    1  6    +1.0600    +1.0453    +1.0616  -1.6307e-02      0.227 
  91    1    2  1    -0.4155    -0.4275    -0.4143  -1.3156e-02      0.222 
   8    0    8  6    +0.9793    +0.9668    +0.9806  -1.3839e-02      0.201 
 160   21   22  4    -0.0180    -0.0137    -0.0208  +7.1310e-03      0.192 
   9    0    9  6    +1.0214    +1.0357    +1.0227  +1.2936e-02      0.184 
 124   25   26  1    +0.0448    +0.0508    +0.0440  +6.8492e-03      0.179 
  94    3    4  1    +0.5580    +0.5708    +0.5588  +1.2059e-02      0.177 
 150   12   16  4    +0.0667    +0.0609    +0.0683  -7.4185e-03      0.174 
 126   28   27  1    +0.2385    +0.2478    +0.2386  +9.2330e-03      0.173 
  21    0   21  6    +0.9917    +0.9813    +0.9931  -1.1823e-02      0.171 
 208   27   28  1    -0.2385    -0.2295    -0.2386  +9.0870e-03      0.170 
 197   20   10  1    -0.1097    -0.1032    -0.1107  +7.4599e-03      0.169 
 120   15   23  1    +0.0656    +0.0707    +0.0638  +6.9545e-03      0.166 
  50    0   20  2    -0.0280    -0.0326    -0.0274  -5.2512e-03      0.166 
  88    0   28  5    -0.0000    -0.0032    +0.0015  -4.7563e-03      0.165 
  18    0   18  6    +0.9909    +1.0033    +0.9920  +1.1310e-02      0.164 
 227   10    9  4    -0.1158    -0.1213    -0.1141  -7.1686e-03      0.163 
 169   27   30  4    +0.0225    +0.0179    +0.0244  -6.4758e-03      0.159 
 178    6    2  1    -0.9314    -0.9171    -0.9306  +1.3570e-02      0.156 
 111   16   17  1    +0.0517    +0.0571    +0.0508  +6.2962e-03      0.154 
 183    9    6  1    -0.3874    -0.3774    -0.3867  +9.3175e-03      0.152 
 176    4    3  1    -0.5536    -0.5645    -0.5543  -1.0191e-02      0.150 
 187   12    4  1    -0.5746    -0.5869    -0.5767  -1.0223e-02      0.146 
  23    0   23  6    +0.9895    +1.0017    +0.9916  +1.0040e-02      0.146 
 141    6    8  4    -0.0263    -0.0297    -0.0242  -5.4806e-03      0.145 
 222    7    6  4    -0.0064    -0.0100    -0.0048  -5.1336e-03      0.144 
   3    0    3  6    +1.0044    +1.0156    +1.0057  +9.9309e-03      0.142 
 102    6   10  1    +0.2201    +0.2284    +0.2206  +7.8290e-03      0.141 
 158   10   21  4    +0.1280    +0.1351    +0.1288  +6.3715e-03      0.139 
 152   16   17  4    +0.0412    +0.0468    +0.0413  +5.4801e-03      0.135 
   6    0    6  6    +0.9828    +0.9749    +0.9842  -9.3038e-03      0.135 
 157   10   17  4    +0.0341    +0.0379    +0.0329  +5.0381e-03      0.134 
 106   12   13  1    +0.0000    -0.0026    +0.0020  -4.5993e-03      0.133 
 117   10   21  1    +0.1954    +0.1911    +0.1977  -6.5771e-03      0.132 
 144    9   11  4    -0.2295    -0.2326    -0.2261  -6.4997e-03      0.130 
 234   17   16  4    -0.0404    -0.0352    -0.0405  +5.2601e-03      0.129 
  15    0   15  6    +1.0064    +1.0169    +1.0080  +8.9543e-03      0.129 
  45    0   15  2    -0.1040    -0.1107    -0.1067  -4.0494e-03      0.128 
  37    0    7  2    -0.2900    -0.2857    -0.2915  +5.7650e-03      0.127 
  71    0   11  5    +0.2400    +0.2301    +0.2363  -6.1480e-03      0.125 
  13    0   13  6    +1.0665    +1.0780    +1.0690  +8.9647e-03      0.125 
 134    2    4  4    +0.0864    +0.0806    +0.0863  -5.6781e-03      0.122 
 146    4   12  4    +0.1563    +0.1606    +0.1547  +5.8808e-03      0.122 
 170   29   30  4    +0.0082    +0.0046    +0.0093  -4.7318e-03      0.121 
 145    9   10  4    +0.1335    +0.1266    +0.1320  -5.4026e-03      0.120 
  67    0    7  5    -0.1380    -0.1340    -0.1388  +4.8812e-03      0.120 
 159   10   22  4    +0.0589    +0.0535    +0.0588  -5.2959e-03      0.118 
 167   28   27  4    +0.0761    +0.0824    +0.0774  +5.0251e-03      0.117 
 228   12    4  4    -0.0760    -0.0693    -0.0742  +4.9722e-03      0.117 
  96    2    6  1    +0.9836    +0.9928    +0.9827  +1.0173e-02      0.115 
  22    0   22  6    +0.9924    +1.0018    +0.9940  +7.8221e-03      0.113 
  98    5    7  1    -0.1050    -0.1006    -0.1053  +4.6725e-03      0.113 
  38    0    8  2    -0.3810    -0.3700    -0.3760  +5.9526e-03      0.113 
   4    0    4  6    +0.9910    +0.9847    +0.9925  -7.7841e-03      0.112 
 112   15   18  1    +0.0815    +0.0873    +0.0825  +4.8215e-03      0.112 
 109   12   16  1    +0.0969    +0.1027    +0.0978  +4.9772e-03      0.112 
  73    0   13  5    +0.2401    +0.2499    +0.2445  +5.4265e-03      0.112 
 172    6   28  4    +0.0314    +0.0272    +0.0315  -4.2228e-03      0.109 
 194   18   15  1    -0.0807    -0.0771    -0.0817  +4.5903e-03      0.107 
 186   10    9  1    -0.3874    -0.3974    -0.3910  -6.3589e-03      0.106 
 190   15   12  1    -0.2289    -0.2265    -0.2320  +5.5569e-03      0.105 
  97    4    6  1    +0.7052    +0.7127    +0.7051  +7.6388e-03      0.104 
 217    4    3  4    -0.1553    -0.1475    -0.1523  +4.8269e-03      0.103 
 195   19   18  1    -0.0396    -0.0339    -0.0379  +4.0065e-03      0.103 
  56    0   26  2    -0.0440    -0.0392    -0.0432  +3.9326e-03      0.102 
 140    6    7  4    +0.0038    -0.0013    +0.0023  -3.5718e-03      0.101 
  64    0    4  5    -0.0130    -0.0138    -0.0112  -2.6441e-03      0.101 
 131    6   28  1    +0.2448    +0.2402    +0.2455  -5.2849e-03      0.101 
 245   24   23  4    -0.0302    -0.0268    -0.0308  +4.0511e-03      0.100 
 128   27   30  1    +0.0910    +0.0942    +0.0897  +4.4842e-03      0.099 
 173    2    1  1    +0.4215    +0.4262    +0.4204  +5.7866e-03      0.098 
  95    2    5  1    +1.1496    +1.1594    +1.1503  +9.0155e-03      0.097 
 243   23   15  4    -0.0506    -0.0449    -0.0489  +4.0142e-03      0.097 
 210   30   27  1    -0.0881    -0.0824    -0.0868  +4.4208e-03      0.097 
  81    0   21  5    -0.1420    -0.1494    -0.1455  -3.9226e-03      0.095 
 163   23   24  4    +0.0306    +0.0274    +0.0312  -3.8365e-03      0.094 
 244   24   22  4    -0.0381    -0.0403    -0.0366  -3.7349e-03      0.093 
 118   10   22  1    +0.0934    +0.0895    +0.0939  -4.3728e-03      0.093 
 114   19   20  1    -0.0814    -0.0869    -0.0831  -3.8036e-03      0.092 
 184   10    6  1    -0.2201    -0.2256    -0.2206  -5.0690e-03      0.091 
 125   25   27  1    -0.0679    -0.0616    -0.0653  +3.7318e-03      0.090 
 171    8   28  4    -0.0048    -0.0091    -0.0053  -3.7141e-03      0.090 
 153   15   18  4    +0.0321    +0.0371    +0.0336  +3.5753e-03      0.090 
 220    6    4  4    +0.0114    +0.0072    +0.0105  -3.2628e-03      0.089 
  31    0    1  2    +0.1890    +0.1927    +0.1894  +3.3183e-03      0.089 
  24    0   24  6    +0.9780    +0.9861    +0.9800  +6.0764e-03      0.089 
 207   27   25  1    +0.0685    +0.0694    +0.0658  +3.6164e-03      0.088 
 247   26   25  4    -0.0290    -0.0346    -0.0313  -3.2959e-03      0.088 
 209   29   27  1    -0.0775    -0.0820    -0.0782  -3.7894e-03      0.087 
 193   17   16  1    -0.0514    -0.0470    -0.0506  +3.5759e-03      0.087 
  25    0   25  6    +0.9742    +0.9818    +0.9759  +5.8232e-03      0.085 
  36    0    6  2    -0.0000    +0.0005    -0.0008  +1.3647e-03      0.085 
 229   13   12  4    +0.2401    +0.2403    +0.2445  -4.1435e-03      0.085 
 105    4   12  1    +0.5746    +0.5826    +0.5767  +5.9732e-03      0.085 
 254   28    6  4    -0.0401    -0.0368    -0.0402  +3.3273e-03      0.084 
 180    7    5  1    +0.1063    +0.1100    +0.1066  +3.4141e-03      0.083 
  61    0    1  5    +0.5853    +0.5986    +0.5935  +5.0643e-03      0.082 
 251   30   27  4    -0.0170    -0.0223    -0.0190  -3.2879e-03      0.081 
   2    0    2  6    +1.0450    +1.0521    +1.0463  +5.7759e-03      0.081 
  20    0   20  6    +0.9903    +0.9972    +0.9916  +5.5875e-03      0.081 
 223    8    6  4    +0.0238    +0.0186    +0.0216  -3.0104e-03      0.080 
 100    6    8  1    +0.3776    +0.3781    +0.3735  +4.5335e-03      0.080 
  93    2    4  1    +0.8243    +0.8300    +0.8234  +6.5916e-03      0.080 
 189   14   12  1    -0.1013    -0.1074    -0.1038  -3.6100e-03      0.078 
 200   22   10  1    -0.0925    -0.0894    -0.0930  +3.5974e-03      0.076 
 175    4    2  1    -0.7883    -0.7936    -0.7875  -6.0900e-03      0.075 
 225   10    6  4    +0.0016    -0.0012    +0.0018  -3.0315e-03      0.074 
 214    2    1  4    -0.4341    -0.4352    -0.4397  +4.5332e-03      0.073 
  27    0   27  6    +0.9833    +0.9892    +0.9842  +4.9949e-03      0.073 
 188   13   12  1    -0.0000    -0.0045    -0.0020  -2.4907e-03      0.072 
 113   18   19  1    +0.0397    +0.0407    +0.0380  +2.7600e-03      0.071 
 198   17   10  1    -0.0626    -0.0595    -0.0622  +2.7491e-03      0.070 
 204   24   23  1    -0.0237    -0.0258    -0.0230  -2.7898e-03      0.070 
  30    0   30  6    +0.9411    +0.9368    +0.9413  -4.5292e-03      0.069 
 115   10   20  1    +0.1109    +0.1090    +0.1120  -3.0173e-03      0.069 
 215    3    1  4    -0.1746    -0.1811    -0.1776  -3.4861e-03      0.068 
  86    0   26  5    -0.0290    -0.0288    -0.0313  +2.5441e-03      0.068 
 240   21   10  4    -0.1240    -0.1216    -0.1247  +3.0763e-03      0.067 
  76    0   16  5    -0.0230    -0.0265    -0.0244  -2.1293e-03      0.067 
  92    1    3  1    +0.6045    +0.5988    +0.6037  -4.8862e-03      0.067 
  46    0   16  2    -0.0440    -0.0435    -0.0457  +2.1892e-03      0.066 
 224    9    6  4    +0.0960    +0.0928    +0.0957  -2.9365e-03      0.066 
  58    0   28  2    -0.0000    -0.0034    -0.0017  -1.6750e-03      0.066 
  63    0    3  5    -0.0150    -0.0190    -0.0210  +2.0033e-03      0.066 
 116   10   17  1    +0.0627    +0.0598    +0.0624  -2.5472e-03      0.065 
  66    0    6  5    +0.0000    +0.0003    -0.0012  +1.4206e-03      0.065 
 206   26   25  1    -0.0440    -0.0407    -0.0432  +2.4726e-03      0.064 
 161   15   23  4    +0.0520    +0.0528    +0.0502  +2.5963e-03      0.063 
 155   19   20  4    -0.0238    -0.0225    -0.0201  -2.3716e-03      0.063 
 248   27   25  4    +0.0072    +0.0028    +0.0051  -2.3128e-03      0.063 
 213   28    6  1    -0.2437    -0.2412    -0.2445  +3.2681e-03      0.062 
 181    7    6  1    -0.3962    -0.4016    -0.3981  -3.5691e-03      0.062 
  82    0   22  5    -0.0000    +0.0032    +0.0014  +1.7939e-03      0.062 
  59    0   29  2    -0.0300    -0.0310    -0.0330  +1.9851e-03      0.061 
 101    6    9  1    +0.3874    +0.3830    +0.3867  -3.7075e-03      0.061 
  11    0   11  6    +1.0681    +1.0644    +1.0687  -4.3416e-03      0.060 
  47    0   17  2    -0.1140    -0.1105    -0.1128  +2.3449e-03      0.060 
 252   30   29  4    -0.0070    -0.0106    -0.0083  -2.3540e-03      0.060 
  19    0   19  6    +0.9858    +0.9832    +0.9873  -4.1536e-03      0.060 
 136    2    5  4    +0.1595    +0.1545    +0.1574  -2.9042e-03      0.058 
 139    5    7  4    +0.1154    +0.1204    +0.1178  +2.6396e-03      0.058 
 104    9   10  1    +0.3874    +0.3876    +0.3910  -3.3711e-03      0.056 
  26    0   26  6    +0.9508    +0.9481    +0.9519  -3.7322e-03      0.056 
 239   17   10  4    -0.0336    -0.0304    -0.0325  +2.1194e-03      0.056 
  51    0   21  2    -0.2220    -0.2258    -0.2284  +2.5632e-03      0.056 
  43    0   13  2    +0.0000    -0.0040    -0.0020  -1.9407e-03      0.056 
 177    5    2  1    -1.0910    -1.0970    -1.0919  -5.1061e-03      0.056 
 174    3    1  1    -0.5880    -0.5832    -0.5872  +3.9750e-03      0.055 
 107   12   14  1    +0.1027    +0.1077    +0.1052  +2.4702e-03      0.054 
  83    0   23  5    -0.0200    -0.0160    -0.0177  +1.6978e-03      0.053 
 196   20   19  1    +0.0817    +0.0855    +0.0833  +2.2088e-03      0.053 
 179    6    4  1    -0.6992    -0.7030    -0.6991  -3.9156e-03      0.053 
 218    5    2  4    +0.0436    +0.0429    +0.0451  -2.1981e-03      0.053 
  90    0   30  5    -0.0240    -0.0291    -0.0273  -1.7919e-03      0.053 
  54    0   24  2    -0.1100    -0.1060    -0.1079  +1.9148e-03      0.053 
 103    9   11  1    -0.0000    -0.0026    -0.0008  -1.8368e-03      0.053 
 162   22   24  4    +0.0391    +0.0355    +0.0375  -2.0701e-03      0.052 
  57    0   27  2    +0.0000    -0.0046    -0.0033  -1.2533e-03      0.052 
 237   20   19  4    +0.0243    +0.0187    +0.0206  -1.9380e-03      0.051 
  77    0   17  5    -0.0740    -0.0711    -0.0730  +1.8594e-03      0.051 
  34    0    4  2    -0.0620    -0.0612    -0.0601  -1.1294e-03      0.051 
 221    7    5  4    -0.1316    -0.1363    -0.1340  -2.3252e-03      0.050 
 201   22   21  1    +0.0285    +0.0307    +0.0326  -1.8349e-03      0.049 
  39    0    9  2    -0.0000    +0.0046    +0.0035  +1.1096e-03      0.047 
 238   20   10  4    -0.0333    -0.0323    -0.0341  +1.8094e-03      0.046 
 108   12   15  1    +0.2331    +0.2338    +0.2362  -2.4358e-03      0.046 
 147   12   13  4    -0.2330    -0.2349    -0.2371  +2.2617e-03      0.046 
 133    1    3  4    +0.1916    +0.1967    +0.1943  +2.3447e-03      0.045 
 219    6    2  4    +0.0191    +0.0201    +0.0183  +1.8286e-03      0.045 
 119   21   22  1    -0.0285    -0.0342    -0.0326  -1.6826e-03      0.045 
  74    0   14  5    -0.0200    -0.0242    -0.0227  -1.4359e-03      0.045 
  35    0    5  2    -1.1960    -1.1933    -1.1972  +3.8664e-03      0.044 
 199   21   10  1    -0.1935    -0.1980    -0.1958  -2.1842e-03      0.044 
 233   15   14  4    -0.0136    -0.0147    -0.0130  -1.7096e-03      0.043 
  44    0   14  2    -0.0790    -0.0812    -0.0827  +1.5201e-03      0.042 
  99    6    7  1    +0.4007    +0.4049    +0.4025  +2.4099e-03      0.042 
 202   23   15  1    -0.0649    -0.0614    -0.0631  +1.7573e-03      0.042 
   5    0    5  6    +0.9812    +0.9858    +0.9829  +2.8790e-03      0.042 
 123   24   25  1    -0.0230    -0.0250    -0.0234  -1.6182e-03      0.042 
  52    0   22  2    +0.0000    +0.0029    +0.0017  +1.1861e-03      0.042 
 138    4    6  4    +0.0008    +0.0031    +0.0016  +1.4766e-03      0.042 
  62    0    2  5    -0.0872    -0.0938    -0.0950  +1.1688e-03      0.041 
 122   23   24  1    +0.0239    +0.0248    +0.0232  +1.6168e-03      0.041 
 137    2    6  4    +0.1010    +0.1028    +0.1010  +1.7879e-03      0.038 
 151   14   15  4    +0.0137    +0.0116    +0.0131  -1.4899e-03      0.037 
  84    0   24  5    -0.0850    -0.0841    -0.0828  -1.2962e-03      0.037 
 231   15   12  4    -0.1025    -0.1061    -0.1045  -1.6572e-03      0.037 
 127   27   29  1    +0.0791    +0.0813    +0.0798  +1.5691e-03      0.036 
 135    3    4  4    +0.1596    +0.1550    +0.1566  -1.6406e-03      0.035 
  29    0   29  6    +0.9567    +0.9591    +0.9569  +2.2848e-03      0.034 
 235   18   15  4    -0.0304    -0.0305    -0.0318  +1.3579e-03      0.034 
  48    0   18  2    -0.0410    -0.0448    -0.0437  -1.1297e-03      0.034 
 203   24   22  1    -0.0633    -0.0602    -0.0615  +1.3928e-03      0.033 
 165   25   26  4    +0.0302    +0.0313    +0.0325  -1.2163e-03      0.033 
 149   12   15  4    +0.1106    +0.1114    +0.1128  -1.4230e-03      0.031 
 212   28    8  1    +0.0052    +0.0029    +0.0042  -1.2461e-03      0.030 
   7    0    7  6    +0.9715    +0.9750    +0.9730  +2.0623e-03      0.030 
  55    0   25  2    +0.0000    +0.0014    +0.0023  -8.1990e-04      0.030 
 121   22   24  1    +0.0640    +0.0634    +0.0622  +1.2436e-03      0.030 
  49    0   19  2    -0.1210    -0.1221    -0.1209  -1.1871e-03      0.030 
 185   11    9  1    +0.0000    -0.0002    +0.0008  -1.0032e-03      0.029 
  14    0   14  6    +1.0140    +1.0171    +1.0152  +1.9946e-03      0.029 
 143    6   10  4    +0.0249    +0.0235    +0.0247  -1.2185e-03      0.029 
 166   25   27  4    -0.0061    -0.0052    -0.0042  -1.0163e-03      0.028 
  68    0    8  5    +0.0190    +0.0153    +0.0162  -9.3444e-04      0.028 
 216    4    2  4    -0.0147    -0.0142    -0.0152  +1.0415e-03      0.026 
 246   25   24  4    -0.0240    -0.0265    -0.0255  -1.0041e-03      0.025 
  10    0   10  6    +1.0079    +1.0112    +1.0094  +1.7681e-03      0.025 
 253   28    8  4    -0.0360    -0.0367    -0.0357  -1.0488e-03      0.024 
  87    0   27  5    +0.0000    +0.0009    +0.0003  +6.0785e-04      0.023 
  80    0   20  5    -0.0090    -0.0142    -0.0135  -7.1856e-04      0.023 
 164   24   25  4    +0.0244    +0.0267    +0.0259  +8.6664e-04      0.022 
 242   22   21  4    +0.0180    +0.0216    +0.0208  +8.0325e-04      0.022 
  16    0   16  6    +1.0134    +1.0136    +1.0151  -1.4914e-03      0.021 
 249   27   28  4    -0.0517    -0.0538    -0.0529  -8.7630e-04      0.021 
 211   30   29  1    -0.0469    -0.0438    -0.0447  +8.3680e-04      0.020 
 130    8   28  1    -0.0052    -0.0050    -0.0042  -7.8041e-04      0.019 
 230   14   12  4    -0.0337    -0.0350    -0.0358  +7.8399e-04      0.019 
  53    0   23  2    -0.0410    -0.0406    -0.0399  -6.1597e-04      0.019 
 236   19   18  4    -0.0192    -0.0180    -0.0173  -7.0087e-04      0.018 
 226   11    9  4    +0.2400    +0.2372    +0.2363  +8.8201e-04      0.018 
 168   27   29  4    +0.0221    +0.0230    +0.0237  -6.8720e-04      0.017 
 250   29   27  4    -0.0192    -0.0214    -0.0207  -6.3977e-04      0.016 
 154   18   19  4    +0.0194    +0.0181    +0.0175  +5.8134e-04      0.015 
  65    0    5  5    +0.1590    +0.1634    +0.1629  +5.6152e-04      0.014 
  89    0   29  5    -0.0110    -0.0110    -0.0114  +4.1844e-04      0.013 
 142    6    9  4    -0.0643    -0.0647    -0.0642  -5.0158e-04      0.012 
 110   14   15  1    +0.0223    +0.0206    +0.0211  -4.6992e-04      0.012 
 205   25   24  1    +0.0232    +0.0233    +0.0237  -3.6087e-04      0.009 
 191   16   12  1    -0.0957    -0.0969    -0.0965  -4.0701e-04      0.009 
 192   15   14  1    -0.0222    -0.0206    -0.0210  +3.6765e-04      0.009 
  42    0   12  2    -0.1420    -0.1351    -0.1354  +2.5902e-04      0.008 
  79    0   19  5    -0.0430    -0.0371    -0.0374  +2.7757e-04      0.008 
  41    0   11  2    +0.0000    +0.0011    +0.0008  +2.7684e-04      0.008 
  28    0   28  6    +0.9764    +0.9783    +0.9778  +5.3656e-04      0.008 
 182    8    6  1    -0.3758    -0.3722    -0.3718  -4.2696e-04      0.008 
  69    0    9  5    +0.0000    +0.0018    +0.0016  +1.8121e-04      0.007 
  85    0   25  5    +0.0000    +0.0026    +0.0028  -1.9675e-04      0.007 
  60    0   30  2    -0.1350    -0.1312    -0.1315  +2.7764e-04      0.007 
 129   29   30  1    +0.0475    +0.0455    +0.0452  +2.6447e-04      0.006 
 232   16   12  4    -0.0642    -0.0659    -0.0657  -2.5936e-04      0.006 
 241   22   10  4    -0.0571    -0.0568    -0.0570  +2.3081e-04      0.005 
 148   12   14  4    +0.0366    +0.0386    +0.0388  -1.9710e-04      0.005 
  70    0   10  5    -0.0500    -0.0485    -0.0484  -1.1475e-04      0.004 
  72    0   12  5    -0.0950    -0.0916    -0.0915  -1.2480e-04      0.004 
  78    0   18  5    -0.0110    -0.0145    -0.0144  -1.3078e-04      0.004 
  75    0   15  5    -0.0320    -0.0336    -0.0337  +8.4748e-05      0.003 
 132    1    2  4    +0.3936    +0.3994    +0.3992  +1.6958e-04      0.003 
 156   10   20  4    +0.0361    +0.0369    +0.0370  -9.1665e-05      0.002 
----------------------------------------------------------------------------------
Não foram identificados erros grosseiros.
Não foram identificadas medidas críticas.
Possíveis conjuntos críticos:
Conjunto 1: 41 79
Conjunto 2: 192 191
Conjunto 3: 236 53
Conjunto 4: 230 130
Conjunto 5: 249 16
Conjunto 6: 10 246 216
Conjunto 7: 246 216
Conjunto 8: 68 166
Conjunto 9: 143 14 185
Conjunto 10: 14 185
Conjunto 11: 49 121 55 7
Conjunto 12: 121 55 7
Conjunto 13: 55 7 212
Conjunto 14: 7 212
Conjunto 15: 48 235 29
Conjunto 16: 235 29
Conjunto 17: 231 84
Conjunto 18: 84 151
Conjunto 19: 62 138
Conjunto 20: 138 52 123 5 202
Conjunto 21: 52 123 5 202 99 44
Conjunto 22: 123 5 202 99 44
Conjunto 23: 5 202 99 44
Conjunto 24: 202 99 44
Conjunto 25: 99 44
Conjunto 26: 199 35
Conjunto 27: 35 74 119
Conjunto 28: 74 119 219 133
Conjunto 29: 119 219 133
Conjunto 30: 219 133
Conjunto 31: 147 108 238
Conjunto 32: 108 238
Conjunto 33: 34 77
Conjunto 34: 237 57 162
Conjunto 35: 57 162
Conjunto 36: 103 54 90 218 179
Conjunto 37: 54 90 218 179
Conjunto 38: 90 218 179 196 83
Conjunto 39: 218 179 196 83
Conjunto 40: 179 196 83
Conjunto 41: 196 83 107
Conjunto 42: 83 107
Conjunto 43: 177 43 51 239 26 104
Conjunto 44: 43 51 239 26 104
Conjunto 45: 51 239 26 104
Conjunto 46: 239 26 104
Conjunto 47: 26 104
Conjunto 48: 139 136
Conjunto 49: 19 252 47 11 101 59
Conjunto 50: 252 47 11 101 59
Conjunto 51: 47 11 101 59
Conjunto 52: 11 101 59
Conjunto 53: 101 59
Conjunto 54: 82 181 213
Conjunto 55: 181 213 248
Conjunto 56: 213 248
Conjunto 57: 248 155 161
Conjunto 58: 155 161
Conjunto 59: 66 116
Conjunto 60: 63 58 224 46
Conjunto 61: 58 224 46
Conjunto 62: 224 46 92 76 240
Conjunto 63: 46 92 76 240
Conjunto 64: 92 76 240 86
Conjunto 65: 76 240 86
Conjunto 66: 240 86
Conjunto 67: 86 215
Conjunto 68: 215 115
Conjunto 69: 115 30
Conjunto 70: 204 198 113
Conjunto 71: 198 113
Conjunto 72: 27 214
Conjunto 73: 214 225
Conjunto 74: 225 175
Conjunto 75: 93 100 223
Conjunto 76: 100 223
Conjunto 77: 20 2 251 61
Conjunto 78: 2 251 61
Conjunto 79: 251 61
Conjunto 80: 254 105
Conjunto 81: 105 229 36 25
Conjunto 82: 229 36 25
Conjunto 83: 36 25
Conjunto 84: 193 209 247 207
Conjunto 85: 209 247 207
Conjunto 86: 247 207
Conjunto 87: 207 24
Conjunto 88: 24 31 220
Conjunto 89: 31 220 153
Conjunto 90: 220 153 171
Conjunto 91: 153 171 125
Conjunto 92: 171 125
Conjunto 93: 125 184
Conjunto 94: 184 114
Conjunto 95: 118 244
Conjunto 96: 163 81
Conjunto 97: 210 243 95 173
Conjunto 98: 243 95 173
Conjunto 99: 95 173
Conjunto 100: 128 245
Conjunto 101: 245 131
Conjunto 102: 131 64 140
Conjunto 103: 64 140
Conjunto 104: 140 56
Conjunto 105: 56 195 217
Conjunto 106: 195 217
Conjunto 107: 217 97
Conjunto 108: 186 194
Conjunto 109: 73 109 112 4 38
Conjunto 110: 109 112 4 38 98 22
Conjunto 111: 112 4 38 98 22
Conjunto 112: 4 38 98 22
Conjunto 113: 38 98 22
Conjunto 114: 98 22
Conjunto 115: 228 167
Conjunto 116: 67 145
Conjunto 117: 145 170
Conjunto 118: 170 146 134
Conjunto 119: 146 134
Conjunto 120: 13 71
Conjunto 121: 37 45
Conjunto 122: 45 15 234
Conjunto 123: 15 234
Conjunto 124: 234 144
Conjunto 125: 117 106
Conjunto 126: 106 157
Conjunto 127: 157 6 152
Conjunto 128: 6 152
Conjunto 129: 222 141 23 187
Conjunto 130: 141 23 187
Conjunto 131: 23 187
Conjunto 132: 183 111
Conjunto 133: 227 18
Conjunto 134: 18 88
Conjunto 135: 88 50 120
Conjunto 136: 50 120
Conjunto 137: 197 208
Conjunto 138: 208 21
Conjunto 139: 126 150
