================================================================================= 
=== UFF - Doutorado em Computação - Aplicaçoes em Sistemas de Potencia        === 
=== ESTIMADOR DE ESTADO MÍNIMOS QUADRADOS PONDERADOS INCLUINDO MEDIDAS DE PMU === 
=== Desenvolvido por: Rui Menezes de Moraes - 2009                            === 
================================================================================= 
Arquivo de medidores:          F:\Documents\Uff\Artigos\SimSEP\VERSAO WELDAN V2\Codigos\Med\ieee30_6_0600.med
Arquivo do sistema:            F:\Documents\Uff\Artigos\SimSEP\VERSAO WELDAN V2\Codigos\Carga\ieee30_6_0600.txt
Tolerância entre iteraçoes:     1.00e-04
Limite de iteraçoes:           100

--- DADOS DA REDE --------------------------------------------------------------- 
Data do caso:                  08/20/93
Origem:                        UW ARCHIVE          
MVA base:                      100
Ano:                           1961
Estação:                       W
Identificação:                 IEEE 30 Bus Test Case
Número de barras:              30 
Número de ramos:               41 
Referência na barra:           1

--- TELEMEDIDAS ------------------------------------------------------------------
    Tipo 1 = Fluxo de potencia ativa        Tipo  6 = Módulo da tensão            
    Tipo 2 = Injeção de potencia ativa      Tipo  7 = Corrente de ramo (real)     
    Tipo 3 = Ângulo de fase da tensão       Tipo  8 = Corrente de ramo (imag)     
    Tipo 4 = Fluxo de potencia reativa      Tipo  9 = Injeção de corrente (real)  
    Tipo 5 = Injeção de potencia reativa    Tipo 10 = Injeção de corrente (imag)  
----------------------------------------------------------------------------------
   N    D    P TP  PN ST   Exa   FS       DP      V_Ref      V_Med          E(%) 
----------------------------------------------------------------------------------
   1    0    1  6   0  0 0.015 01.1  0.00530   +1.06000   +1.05078     -0.869811 
   2    0    2  6   0  0 0.015 01.1  0.00522   +1.04500   +1.04184     -0.302392 
   3    0    3  6   0  0 0.015 01.1  0.00513   +1.02620   +1.03814     +1.163516 
   4    0    4  6   0  0 0.015 01.1  0.00509   +1.01757   +1.01014     -0.730171 
   5    0    5  6   0  0 0.015 01.1  0.00505   +1.01000   +1.02414     +1.400000 
   6    0    6  6   0  0 0.015 01.1  0.00507   +1.01389   +1.01752     +0.358027 
   7    0    7  6   0  0 0.015 01.1  0.00503   +1.00641   +0.99631     -1.003567 
   8    0    8  6   0  0 0.015 01.1  0.00505   +1.01000   +1.01988     +0.978218 
   9    0    9  6   0  0 0.015 01.1  0.00528   +1.05494   +1.05986     +0.466377 
  10    0   10  6   0  0 0.015 01.1  0.00526   +1.05130   +1.05276     +0.138876 
  11    0   11  6   0  0 0.015 01.1  0.00541   +1.08200   +1.07393     -0.745841 
  12    0   12  6   0  0 0.015 01.1  0.00532   +1.06358   +1.04891     -1.379304 
  13    0   13  6   0  0 0.015 01.1  0.00536   +1.07100   +1.06243     -0.800187 
  14    0   14  6   0  0 0.015 01.1  0.00526   +1.05178   +1.04740     -0.416437 
  15    0   15  6   0  0 0.015 01.1  0.00524   +1.04782   +1.05201     +0.399878 
  16    0   16  6   0  0 0.015 01.1  0.00526   +1.05213   +1.06747     +1.457995 
  17    0   17  6   0  0 0.015 01.1  0.00524   +1.04770   +1.03850     -0.878114 
  18    0   18  6   0  0 0.015 01.1  0.00520   +1.03955   +1.04756     +0.770526 
  19    0   19  6   0  0 0.015 01.1  0.00519   +1.03707   +1.04909     +1.159035 
  20    0   20  6   0  0 0.015 01.1  0.00520   +1.04000   +1.03913     -0.083654 
  21    0   21  6   0  0 0.015 01.1  0.00521   +1.04195   +1.03129     -1.023082 
  22    0   22  6   0  0 0.015 01.1  0.00521   +1.04247   +1.05220     +0.933360 
  23    0   23  6   0  0 0.015 01.1  0.00520   +1.03948   +1.03875     -0.070227 
  24    0   24  6   0  0 0.015 01.1  0.00517   +1.03500   +1.02308     -1.151691 
  25    0   25  6   0  0 0.015 01.1  0.00515   +1.03085   +1.04247     +1.127225 
  26    0   26  6   0  0 0.015 01.1  0.00509   +1.01710   +1.02123     +0.406056 
  27    0   27  6   0  0 0.015 01.1  0.00517   +1.03484   +1.02234     -1.207916 
  28    0   28  6   0  0 0.015 01.1  0.00505   +1.01098   +1.02337     +1.225544 
  29    0   29  6   0  0 0.015 01.1  0.00510   +1.01953   +1.00531     -1.394760 
  30    0   30  6   0  0 0.015 01.1  0.00505   +1.01064   +0.99668     -1.381303 
  31    0    1  2   0  0 0.020 01.0  0.01094   +1.38127   +1.41335     +2.322500 
  32    0    2  2   0  0 0.020 01.0  0.00732   +0.83800   +0.84618     +0.976134 
  33    0    3  2   0  0 0.020 01.0  0.00186   -0.01900   -0.02038     +7.263158 
  34    0    4  2   0  0 0.020 01.0  0.00189   -0.02300   -0.02295     -0.217391 
  35    0    5  2   0  0 0.020 01.0  0.00669   -0.74400   -0.73342     -1.422043 
  36    0    6  2   0  0 0.020 01.0  0.00173   +0.00000   -0.00469     +0.000000 
  37    0    7  2   0  0 0.020 01.0  0.00293   -0.18000   -0.17602     -2.211111 
  38    0    8  2   0  0 0.020 01.0  0.00331   -0.23700   -0.23300     -1.687764 
  39    0    9  2   0  0 0.020 01.0  0.00173   +0.00000   -0.00043     +0.000000 
  40    0   10  2   0  0 0.020 01.0  0.00272   -0.14800   -0.14666     -0.905405 
  41    0   11  2   0  0 0.020 01.0  0.00173   +0.00000   -0.00167     +0.000000 
  42    0   12  2   0  0 0.020 01.0  0.00232   -0.08800   -0.09258     +5.204545 
  43    0   13  2   0  0 0.020 01.0  0.00173   +0.00000   -0.00105     +0.000000 
  44    0   14  2   0  0 0.020 01.0  0.00206   -0.04900   -0.04381    -10.591837 
  45    0   15  2   0  0 0.020 01.0  0.00217   -0.06500   -0.06856     +5.476923 
  46    0   16  2   0  0 0.020 01.0  0.00192   -0.02800   -0.02960     +5.714286 
  47    0   17  2   0  0 0.020 01.0  0.00221   -0.07100   -0.07332     +3.267606 
  48    0   18  2   0  0 0.020 01.0  0.00190   -0.02500   -0.02975    +19.000000 
  49    0   19  2   0  0 0.020 01.0  0.00223   -0.07500   -0.07483     -0.226667 
  50    0   20  2   0  0 0.020 01.0  0.00185   -0.01700   -0.01331    -21.705882 
  51    0   21  2   0  0 0.020 01.0  0.00265   -0.13800   -0.13156     -4.666667 
  52    0   22  2   0  0 0.020 01.0  0.00173   -0.00000   +0.00233     +0.000000 
  53    0   23  2   0  0 0.020 01.0  0.00190   -0.02500   -0.02633     +5.320000 
  54    0   24  2   0  0 0.020 01.0  0.00219   -0.06900   -0.07166     +3.855072 
  55    0   25  2   0  0 0.020 01.0  0.00173   -0.00000   +0.00199     +0.000000 
  56    0   26  2   0  0 0.020 01.0  0.00192   -0.02800   -0.02362    -15.642857 
  57    0   27  2   0  0 0.020 01.0  0.00173   +0.00000   +0.00442     +0.000000 
  58    0   28  2   0  0 0.020 01.0  0.00173   -0.00000   -0.00435     +0.000000 
  59    0   29  2   0  0 0.020 01.0  0.00186   -0.01900   -0.01919     +1.000000 
  60    0   30  2   0  0 0.020 01.0  0.00229   -0.08400   -0.08912     +6.095238 
  61    0    1  5   0  0 0.020 01.0  0.00210   +0.05540   +0.05229     -5.613718 
  62    0    2  5   0  0 0.020 01.0  0.00207   +0.05097   +0.05575     +9.378066 
  63    0    3  5   0  0 0.020 01.0  0.00179   -0.00900   -0.01227    +36.333333 
  64    0    4  5   0  0 0.020 01.0  0.00177   -0.00500   -0.00901    +80.200000 
  65    0    5  5   0  0 0.020 01.0  0.00210   +0.05432   +0.05487     +1.012518 
  66    0    6  5   0  0 0.020 01.0  0.00173   +0.00000   -0.00193     +0.000000 
  67    0    7  5   0  0 0.020 01.0  0.00231   -0.08600   -0.08763     +1.895349 
  68    0    8  5   0  0 0.020 01.0  0.00211   -0.05612   -0.05243     -6.575196 
  69    0    9  5   0  0 0.020 01.0  0.00173   +0.00000   +0.00353     +0.000000 
  70    0   10  5   0  0 0.020 01.0  0.00207   -0.05100   -0.04876     -4.392157 
  71    0   11  5   0  0 0.020 01.0  0.00267   +0.14079   +0.13945     -0.951772 
  72    0   12  5   0  0 0.020 01.0  0.00213   -0.05900   -0.05718     -3.084746 
  73    0   13  5   0  0 0.020 01.0  0.00211   +0.05673   +0.05311     -6.381103 
  74    0   14  5   0  0 0.020 01.0  0.00182   -0.01300   -0.01172     -9.846154 
  75    0   15  5   0  0 0.020 01.0  0.00187   -0.02000   -0.01804     -9.800000 
  76    0   16  5   0  0 0.020 01.0  0.00183   -0.01400   -0.01289     -7.928571 
  77    0   17  5   0  0 0.020 01.0  0.00204   -0.04600   -0.04788     +4.086957 
  78    0   18  5   0  0 0.020 01.0  0.00178   -0.00700   -0.00845    +20.714286 
  79    0   19  5   0  0 0.020 01.0  0.00191   -0.02700   -0.03077    +13.962963 
  80    0   20  5   0  0 0.020 01.0  0.00177   -0.00600   -0.00286    -52.333333 
  81    0   21  5   0  0 0.020 01.0  0.00232   -0.08800   -0.08810     +0.113636 
  82    0   22  5   0  0 0.020 01.0  0.00173   +0.00000   -0.00151     +0.000000 
  83    0   23  5   0  0 0.020 01.0  0.00182   -0.01300   -0.01000    -23.076923 
  84    0   24  5   0  0 0.020 01.0  0.00209   -0.05300   -0.05630     +6.226415 
  85    0   25  5   0  0 0.020 01.0  0.00173   +0.00000   +0.00359     +0.000000 
  86    0   26  5   0  0 0.020 01.0  0.00185   -0.01800   -0.01448    -19.555556 
  87    0   27  5   0  0 0.020 01.0  0.00173   +0.00000   +0.00360     +0.000000 
  88    0   28  5   0  0 0.020 01.0  0.00173   +0.00000   -0.00135     +0.000000 
  89    0   29  5   0  0 0.020 01.0  0.00178   -0.00700   -0.00825    +17.857143 
  90    0   30  5   0  0 0.020 01.0  0.00183   -0.01500   -0.01103    -26.466667 
  91    1    2  1   0  0 0.020 01.0  0.00702   +0.79326   +0.79174     -0.191614 
  92    1    3  1   0  0 0.020 01.0  0.00565   +0.58801   +0.59040     +0.406456 
  93    2    4  1   0  0 0.020 01.0  0.00447   +0.41124   +0.41649     +1.276627 
  94    3    4  1   0  0 0.020 01.0  0.00543   +0.55484   +0.56986     +2.707087 
  95    2    5  1   0  0 0.020 01.0  0.00621   +0.67135   +0.67307     +0.256200 
  96    2    6  1   0  0 0.020 01.0  0.00532   +0.53791   +0.54227     +0.810545 
  97    4    6  1   0  0 0.020 01.0  0.00544   +0.55597   +0.55828     +0.415490 
  98    5    7  1   0  0 0.020 01.0  0.00235   -0.09232   -0.08630     -6.520797 
  99    6    7  1   0  0 0.020 01.0  0.00357   +0.27488   +0.28266     +2.830326 
 100    6    8  1   0  0 0.020 01.0  0.00330   +0.23461   +0.22807     -2.787605 
 101    6    9  1   0  0 0.020 01.0  0.00347   +0.26111   +0.25441     -2.565968 
 102    6   10  1   0  0 0.020 01.0  0.00273   +0.14939   +0.14519     -2.811433 
 103    9   11  1   0  0 0.020 01.0  0.00173   -0.00000   +0.00262     +0.000000 
 104    9   10  1   0  0 0.020 01.0  0.00347   +0.26111   +0.25483     -2.405117 
 105    4   12  1   0  0 0.020 01.0  0.00423   +0.37431   +0.38656     +3.272688 
 106   12   13  1   0  0 0.020 01.0  0.00173   +0.00000   +0.00218     +0.000000 
 107   12   14  1   0  0 0.020 01.0  0.00216   +0.06433   +0.06012     -6.544381 
 108   12   15  1   0  0 0.020 01.0  0.00274   +0.15068   +0.15656     +3.902310 
 109   12   16  1   0  0 0.020 01.0  0.00221   +0.07129   +0.07672     +7.616777 
 110   14   15  1   0  0 0.020 01.0  0.00183   +0.01485   +0.01992    +34.141414 
 111   16   17  1   0  0 0.020 01.0  0.00202   +0.04280   +0.04366     +2.009346 
 112   15   18  1   0  0 0.020 01.0  0.00210   +0.05532   +0.05611     +1.428055 
 113   18   19  1   0  0 0.020 01.0  0.00193   +0.03000   +0.02625    -12.500000 
 114   19   20  1   0  0 0.020 01.0  0.00203   -0.04505   -0.04489     -0.355161 
 115   10   20  1   0  0 0.020 01.0  0.00215   +0.06254   +0.06316     +0.991366 
 116   10   17  1   0  0 0.020 01.0  0.00192   +0.02835   +0.02449    -13.615520 
 117   10   21  1   0  0 0.020 01.0  0.00251   +0.11664   +0.11655     -0.077160 
 118   10   22  1   0  0 0.020 01.0  0.00210   +0.05497   +0.05541     +0.800437 
 119   21   22  1   0  0 0.020 01.0  0.00188   -0.02198   -0.02537    +15.423112 
 120   15   23  1   0  0 0.020 01.0  0.00202   +0.04367   +0.04516     +3.411953 
 121   22   24  1   0  0 0.020 01.0  0.00195   +0.03271   +0.02716    -16.967288 
 122   23   24  1   0  0 0.020 01.0  0.00186   +0.01845   +0.01643    -10.948509 
 123   24   25  1   0  0 0.020 01.0  0.00185   -0.01806   -0.01769     -2.048726 
 124   25   26  1   0  0 0.020 01.0  0.00192   +0.02827   +0.02628     -7.039264 
 125   25   27  1   0  0 0.020 01.0  0.00204   -0.04649   -0.04523     -2.710260 
 126   28   27  1   0  0 0.020 01.0  0.00274   +0.15142   +0.14915     -1.499141 
 127   27   29  1   0  0 0.020 01.0  0.00206   +0.04881   +0.04430     -9.239910 
 128   27   30  1   0  0 0.020 01.0  0.00211   +0.05590   +0.06113     +9.355993 
 129   29   30  1   0  0 0.020 01.0  0.00193   +0.02929   +0.03091     +5.530898 
 130    8   28  1   0  0 0.020 01.0  0.00175   -0.00304   -0.00137    -54.934211 
 131    6   28  1   0  0 0.020 01.0  0.00277   +0.15486   +0.15777     +1.879117 
 132    1    2  4   0  0 0.020 01.0  0.00175   -0.00206   +0.00050   -124.271845 
 133    1    3  4   0  0 0.020 01.0  0.00212   +0.05746   +0.06181     +7.570484 
 134    2    4  4   0  0 0.020 01.0  0.00189   +0.02285   +0.02304     +0.831510 
 135    3    4  4   0  0 0.020 01.0  0.00201   +0.04108   +0.03689    -10.199611 
 136    2    5  4   0  0 0.020 01.0  0.00202   +0.04238   +0.04094     -3.397829 
 137    2    6  4   0  0 0.020 01.0  0.00180   +0.00993   +0.01339    +34.843907 
 138    4    6  4   0  0 0.020 01.0  0.00218   -0.06738   -0.07168     +6.381716 
 139    5    7  4   0  0 0.020 01.0  0.00212   +0.05823   +0.05607     -3.709428 
 140    6    7  4   0  0 0.020 01.0  0.00175   -0.00278   +0.00212   -176.258993 
 141    6    8  4   0  0 0.020 01.0  0.00189   +0.02337   +0.02684    +14.848096 
 142    6    9  4   0  0 0.020 01.0  0.00230   -0.08440   -0.08823     +4.537915 
 143    6   10  4   0  0 0.020 01.0  0.00176   -0.00370   +0.00157   -142.432432 
 144    9   11  4   0  0 0.020 01.0  0.00265   -0.13726   -0.14420     +5.056098 
 145    9   10  4   0  0 0.020 01.0  0.00199   +0.03829   +0.03740     -2.324367 
 146    4   12  4   0  0 0.020 01.0  0.00264   +0.13588   +0.13437     -1.111275 
 147   12   13  4   0  0 0.020 01.0  0.00211   -0.05634   -0.05760     +2.236422 
 148   12   14  4   0  0 0.020 01.0  0.00186   +0.01846   +0.01414    -23.401950 
 149   12   15  4   0  0 0.020 01.0  0.00209   +0.05300   +0.05205     -1.792453 
 150   12   16  4   0  0 0.020 01.0  0.00192   +0.02771   +0.02901     +4.691447 
 151   14   15  4   0  0 0.020 01.0  0.00176   +0.00445   +0.00961   +115.955056 
 152   16   17  4   0  0 0.020 01.0  0.00182   +0.01268   +0.00962    -24.132492 
 153   15   18  4   0  0 0.020 01.0  0.00182   +0.01274   +0.01115    -12.480377 
 154   18   19  4   0  0 0.020 01.0  0.00177   +0.00510   +0.00262    -48.627451 
 155   19   20  4   0  0 0.020 01.0  0.00188   -0.02201   -0.02436    +10.676965 
 156   10   20  4   0  0 0.020 01.0  0.00193   +0.02907   +0.02546    -12.418301 
 157   10   17  4   0  0 0.020 01.0  0.00196   +0.03382   +0.02821    -16.587818 
 158   10   21  4   0  0 0.020 01.0  0.00225   +0.07716   +0.07648     -0.881286 
 159   10   22  4   0  0 0.020 01.0  0.00197   +0.03531   +0.03228     -8.581138 
 160   21   22  4   0  0 0.020 01.0  0.00181   -0.01216   -0.00815    -32.976974 
 161   15   23  4   0  0 0.020 01.0  0.00188   +0.02172   +0.02204     +1.473297 
 162   22   24  4   0  0 0.020 01.0  0.00188   +0.02256   +0.02724    +20.744681 
 163   23   24  4   0  0 0.020 01.0  0.00179   +0.00828   +0.01337    +61.473430 
 164   24   25  4   0  0 0.020 01.0  0.00189   +0.02354   +0.02451     +4.120646 
 165   25   26  4   0  0 0.020 01.0  0.00186   +0.01841   +0.01416    -23.085280 
 166   25   27  4   0  0 0.020 01.0  0.00177   +0.00486   +0.00938    +93.004115 
 167   28   27  4   0  0 0.020 01.0  0.00193   +0.02942   +0.03050     +3.670972 
 168   27   29  4   0  0 0.020 01.0  0.00182   +0.01266   +0.01684    +33.017378 
 169   27   30  4   0  0 0.020 01.0  0.00182   +0.01256   +0.01174     -6.528662 
 170   29   30  4   0  0 0.020 01.0  0.00176   +0.00467   +0.00581    +24.411135 
 171    8   28  4   0  0 0.020 01.0  0.00191   -0.02581   -0.03072    +19.023634 
 172    6   28  4   0  0 0.020 01.0  0.00174   -0.00039   +0.00403  -1133.333333 
 173    2    1  1   0  0 0.020 01.0  0.00695   -0.78250   -0.77657     -0.757827 
 174    3    1  1   0  0 0.020 01.0  0.00556   -0.57384   -0.58703     +2.298550 
 175    4    2  1   0  0 0.020 01.0  0.00441   -0.40232   -0.39702     -1.317359 
 176    4    3  1   0  0 0.020 01.0  0.00541   -0.55095   -0.55433     +0.613486 
 177    5    2  1   0  0 0.020 01.0  0.00608   -0.65168   -0.66682     +2.323226 
 178    6    2  1   0  0 0.020 01.0  0.00522   -0.52246   -0.53140     +1.711136 
 179    6    4  1   0  0 0.020 01.0  0.00542   -0.55237   -0.56053     +1.477271 
 180    7    5  1   0  0 0.020 01.0  0.00235   +0.09291   +0.08905     -4.154558 
 181    7    6  1   0  0 0.020 01.0  0.00355   -0.27291   -0.26859     -1.582939 
 182    8    6  1   0  0 0.020 01.0  0.00329   -0.23396   -0.22893     -2.149940 
 183    9    6  1   0  0 0.020 01.0  0.00347   -0.26111   -0.26012     -0.379151 
 184   10    6  1   0  0 0.020 01.0  0.00273   -0.14939   -0.14851     -0.589062 
 185   11    9  1   0  0 0.020 01.0  0.00173   +0.00000   +0.00136     +0.000000 
 186   10    9  1   0  0 0.020 01.0  0.00347   -0.26111   -0.25099     -3.875761 
 187   12    4  1   0  0 0.020 01.0  0.00423   -0.37431   -0.37090     -0.911010 
 188   13   12  1   0  0 0.020 01.0  0.00173   -0.00000   +0.00104     +0.000000 
 189   14   12  1   0  0 0.020 01.0  0.00216   -0.06385   -0.05855     -8.300705 
 190   15   12  1   0  0 0.020 01.0  0.00273   -0.14919   -0.14803     -0.777532 
 191   16   12  1   0  0 0.020 01.0  0.00220   -0.07080   -0.07298     +3.079096 
 192   15   14  1   0  0 0.020 01.0  0.00183   -0.01480   -0.00977    -33.986486 
 193   17   16  1   0  0 0.020 01.0  0.00202   -0.04271   -0.04344     +1.709202 
 194   18   15  1   0  0 0.020 01.0  0.00210   -0.05500   -0.05372     -2.327273 
 195   19   18  1   0  0 0.020 01.0  0.00193   -0.02995   -0.02739     -8.547579 
 196   20   19  1   0  0 0.020 01.0  0.00203   +0.04513   +0.04732     +4.852648 
 197   20   10  1   0  0 0.020 01.0  0.00215   -0.06213   -0.06583     +5.955255 
 198   17   10  1   0  0 0.020 01.0  0.00192   -0.02829   -0.03311    +17.037823 
 199   21   10  1   0  0 0.020 01.0  0.00251   -0.11602   -0.11942     +2.930529 
 200   22   10  1   0  0 0.020 01.0  0.00210   -0.05469   -0.05006     -8.465899 
 201   22   21  1   0  0 0.020 01.0  0.00188   +0.02198   +0.02265     +3.048226 
 202   23   15  1   0  0 0.020 01.0  0.00202   -0.04345   -0.04388     +0.989643 
 203   24   22  1   0  0 0.020 01.0  0.00195   -0.03254   -0.03336     +2.519975 
 204   24   23  1   0  0 0.020 01.0  0.00186   -0.01840   -0.01535    -16.576087 
 205   25   24  1   0  0 0.020 01.0  0.00186   +0.01821   +0.01993     +9.445360 
 206   26   25  1   0  0 0.020 01.0  0.00192   -0.02800   -0.02618     -6.500000 
 207   27   25  1   0  0 0.020 01.0  0.00204   +0.04671   +0.04255     -8.906016 
 208   27   28  1   0  0 0.020 01.0  0.00274   -0.15142   -0.15253     +0.733060 
 209   29   27  1   0  0 0.020 01.0  0.00205   -0.04829   -0.04822     -0.144958 
 210   30   27  1   0  0 0.020 01.0  0.00210   -0.05492   -0.05649     +2.858704 
 211   30   29  1   0  0 0.020 01.0  0.00193   -0.02908   -0.02931     +0.790922 
 212   28    8  1   0  0 0.020 01.0  0.00175   +0.00305   +0.00139    -54.426230 
 213   28    6  1   0  0 0.020 01.0  0.00276   -0.15446   -0.14987     -2.971643 
 214    2    1  4   0  0 0.020 01.0  0.00189   -0.02419   -0.02551     +5.456800 
 215    3    1  4   0  0 0.020 01.0  0.00207   -0.05008   -0.04746     -5.231629 
 216    4    2  4   0  0 0.020 01.0  0.00197   -0.03480   -0.03503     +0.660920 
 217    4    3  4   0  0 0.020 01.0  0.00199   -0.03870   -0.03596     -7.080103 
 218    5    2  4   0  0 0.020 01.0  0.00176   -0.00391   +0.00071   -118.158568 
 219    6    2  4   0  0 0.020 01.0  0.00175   -0.00271   -0.00253     -6.642066 
 220    6    4  4   0  0 0.020 01.0  0.00220   +0.07061   +0.07594     +7.548506 
 221    7    5  4   0  0 0.020 01.0  0.00225   -0.07747   -0.08127     +4.905125 
 222    7    6  4   0  0 0.020 01.0  0.00179   -0.00853   -0.00453    -46.893318 
 223    8    6  4   0  0 0.020 01.0  0.00194   -0.03031   -0.03515    +15.968327 
 224    9    6  4   0  0 0.020 01.0  0.00239   +0.09897   +0.09848     -0.495100 
 225   10    6  4   0  0 0.020 01.0  0.00183   +0.01504   +0.00978    -34.973404 
 226   11    9  4   0  0 0.020 01.0  0.00267   +0.14079   +0.14573     +3.508772 
 227   10    9  4   0  0 0.020 01.0  0.00194   -0.03141   -0.03515    +11.907036 
 228   12    4  4   0  0 0.020 01.0  0.00241   -0.10183   -0.10667     +4.753020 
 229   13   12  4   0  0 0.020 01.0  0.00211   +0.05673   +0.05270     -7.103825 
 230   14   12  4   0  0 0.020 01.0  0.00185   -0.01745   -0.01533    -12.148997 
 231   15   12  4   0  0 0.020 01.0  0.00207   -0.05006   -0.05361     +7.091490 
 232   16   12  4   0  0 0.020 01.0  0.00191   -0.02668   -0.02899     +8.658171 
 233   15   14  4   0  0 0.020 01.0  0.00176   -0.00441   -0.00157    -64.399093 
 234   17   16  4   0  0 0.020 01.0  0.00182   -0.01233   -0.01232     -0.081103 
 235   18   15  4   0  0 0.020 01.0  0.00181   -0.01210   -0.00765    -36.776860 
 236   19   18  4   0  0 0.020 01.0  0.00177   -0.00499   -0.00968    +93.987976 
 237   20   19  4   0  0 0.020 01.0  0.00188   +0.02217   +0.02145     -3.247632 
 238   20   10  4   0  0 0.020 01.0  0.00192   -0.02817   -0.02733     -2.981896 
 239   17   10  4   0  0 0.020 01.0  0.00196   -0.03367   -0.03290     -2.286902 
 240   21   10  4   0  0 0.020 01.0  0.00224   -0.07584   -0.07149     -5.735759 
 241   22   10  4   0  0 0.020 01.0  0.00197   -0.03473   -0.03914    +12.697956 
 242   22   21  4   0  0 0.020 01.0  0.00181   +0.01217   +0.01000    -17.830731 
 243   23   15  4   0  0 0.020 01.0  0.00187   -0.02128   -0.02688    +26.315789 
 244   24   22  4   0  0 0.020 01.0  0.00188   -0.02230   -0.01721    -22.825112 
 245   24   23  4   0  0 0.020 01.0  0.00179   -0.00818   -0.00532    -34.963325 
 246   25   24  4   0  0 0.020 01.0  0.00189   -0.02327   -0.02042    -12.247529 
 247   26   25  4   0  0 0.020 01.0  0.00185   -0.01800   -0.02202    +22.333333 
 248   27   25  4   0  0 0.020 01.0  0.00176   -0.00443   -0.00603    +36.117381 
 249   27   28  4   0  0 0.020 01.0  0.00187   -0.02078   -0.02470    +18.864293 
 250   29   27  4   0  0 0.020 01.0  0.00181   -0.01167   -0.01171     +0.342759 
 251   30   27  4   0  0 0.020 01.0  0.00180   -0.01071   -0.00737    -31.185808 
 252   30   29  4   0  0 0.020 01.0  0.00176   -0.00429   -0.00288    -32.867133 
 253   28    8  4   0  0 0.020 01.0  0.00185   -0.01789   -0.01579    -11.738401 
 254   28    6  4   0  0 0.020 01.0  0.00181   -0.01154   -0.01002    -13.171577 
----------------------------------------------------------------------------------
Número de medidores SCADA:     254
Número de PMUs:                0
Número de medidas das PMUs:    0
----------------------------------------------------------------------------------

Não há medidas de ângulo.
Não há medidores desabilitados.
============================== Estado Estimado ===================================
                 Barra     Mod(pu)    Ang(graus)              
----------------------------------------------------------------------------------
                    1            1.0598              0.00        
                    2            1.0448             -2.35        
                    3            1.0255             -4.98        
                    4            1.0169             -6.11        
                    5            1.0098             -9.47        
                    6            1.0133             -7.44        
                    7            1.0059             -8.71        
                    8            1.0094             -7.97        
                    9            1.0547            -10.30        
                   10            1.0508            -11.77        
                   11            1.0822            -10.32        
                   12            1.0631            -10.87        
                   13            1.0703            -10.87        
                   14            1.0520            -11.58        
                   15            1.0474            -11.71        
                   16            1.0515            -11.46        
                   17            1.0472            -11.85        
                   18            1.0392            -12.28        
                   19            1.0368            -12.45        
                   20            1.0399            -12.32        
                   21            1.0414            -12.08        
                   22            1.0419            -12.05        
                   23            1.0388            -12.05        
                   24            1.0342            -12.22        
                   25            1.0307            -11.64        
                   26            1.0180            -11.93        
                   27            1.0339            -11.11        
                   28            1.0103             -7.96        
                   29            1.0172            -12.06        
                   30            1.0083            -12.82        
----------------------------------------------------------------------------------
Convergiu em:    2 iteraçoes. 
----------------------------------------------------------------------------------
--- RESIDUOS NORMALIZADOS --------------------------------------------------------
   N    D    P  TP      Real     Medido   Estimado      Med-Est        rn 
----------------------------------------------------------------------------------
  31    0    1  2    +1.3813    +1.4134    +1.3926  +2.0708e-02      0.233 
  16    0   16  6    +1.0521    +1.0675    +1.0515  +1.5920e-02      0.224 
   5    0    5  6    +1.0100    +1.0241    +1.0098  +1.4385e-02      0.206 
  37    0    7  2    -0.1800    -0.1760    -0.1841  +8.0895e-03      0.203 
 192   15   14  1    -0.0148    -0.0098    -0.0177  +7.9239e-03      0.198 
  12    0   12  6    +1.0636    +1.0489    +1.0631  -1.4218e-02      0.198 
  36    0    6  2    +0.0000    -0.0047    -0.0081  +3.4217e-03      0.197 
  28    0   28  6    +1.0110    +1.0234    +1.0103  +1.3064e-02      0.187 
   3    0    3  6    +1.0262    +1.0381    +1.0255  +1.2636e-02      0.179 
  19    0   19  6    +1.0371    +1.0491    +1.0368  +1.2313e-02      0.174 
 105    4   12  1    +0.3743    +0.3866    +0.3762  +1.0402e-02      0.171 
  29    0   29  6    +1.0195    +1.0053    +1.0172  -1.1855e-02      0.171 
  30    0   30  6    +1.0106    +0.9967    +1.0083  -1.1638e-02      0.169 
  25    0   25  6    +1.0309    +1.0425    +1.0307  +1.1807e-02      0.168 
 140    6    7  4    -0.0028    +0.0021    -0.0037  +5.8694e-03      0.165 
  27    0   27  6    +1.0348    +1.0223    +1.0339  -1.1514e-02      0.163 
 244   24   22  4    -0.0223    -0.0172    -0.0236  +6.3559e-03      0.163 
 177    5    2  1    -0.6517    -0.6668    -0.6546  -1.2173e-02      0.163 
  94    3    4  1    +0.5548    +0.5699    +0.5588  +1.1025e-02      0.162 
 173    2    1  1    -0.7825    -0.7766    -0.7884  +1.1783e-02      0.160 
  24    0   24  6    +1.0350    +1.0231    +1.0342  -1.1101e-02      0.157 
 116   10   17  1    +0.0284    +0.0245    +0.0302  -5.7382e-03      0.155 
   8    0    8  6    +1.0100    +1.0199    +1.0094  +1.0484e-02      0.150 
  22    0   22  6    +1.0425    +1.0522    +1.0419  +1.0305e-02      0.145 
  35    0    5  2    -0.7440    -0.7334    -0.7436  +1.0215e-02      0.145 
 127   27   29  1    +0.0488    +0.0443    +0.0502  -5.9209e-03      0.144 
 121   22   24  1    +0.0327    +0.0272    +0.0328  -5.6661e-03      0.144 
 101    6    9  1    +0.2611    +0.2544    +0.2622  -7.7984e-03      0.143 
 175    4    2  1    -0.4023    -0.3970    -0.4062  +9.2128e-03      0.143 
  21    0   21  6    +1.0419    +1.0313    +1.0414  -1.0134e-02      0.143 
  66    0    6  5    +0.0000    -0.0019    +0.0012  -3.1227e-03      0.143 
 157   10   17  4    +0.0338    +0.0282    +0.0335  -5.3047e-03      0.140 
 228   12    4  4    -0.1018    -0.1067    -0.1005  -6.1793e-03      0.137 
   7    0    7  6    +1.0064    +0.9963    +1.0059  -9.5502e-03      0.137 
  70    0   10  5    -0.0510    -0.0488    -0.0524  +3.6682e-03      0.136 
 247   26   25  4    -0.0180    -0.0220    -0.0170  -5.0156e-03      0.136 
  99    6    7  1    +0.2749    +0.2827    +0.2757  +7.0083e-03      0.136 
 213   28    6  1    -0.1545    -0.1499    -0.1562  +6.3690e-03      0.135 
 143    6   10  4    -0.0037    +0.0016    -0.0040  +5.5298e-03      0.134 
 240   21   10  4    -0.0758    -0.0715    -0.0771  +5.6422e-03      0.132 
  87    0   27  5    +0.0000    +0.0036    +0.0001  +3.4785e-03      0.131 
 225   10    6  4    +0.0150    +0.0098    +0.0153  -5.4927e-03      0.131 
 186   10    9  1    -0.2611    -0.2510    -0.2578  +6.7715e-03      0.128 
  51    0   21  2    -0.1380    -0.1316    -0.1367  +5.1570e-03      0.127 
   1    0    1  6    +1.0600    +1.0508    +1.0598  -9.0177e-03      0.126 
 151   14   15  4    +0.0044    +0.0096    +0.0048  +4.8175e-03      0.122 
  17    0   17  6    +1.0477    +1.0385    +1.0472  -8.6730e-03      0.122 
 109   12   16  1    +0.0713    +0.0767    +0.0715  +5.2300e-03      0.122 
  18    0   18  6    +1.0395    +1.0476    +1.0392  +8.3898e-03      0.119 
 199   21   10  1    -0.1160    -0.1194    -0.1141  -5.3110e-03      0.118 
  61    0    1  5    +0.0554    +0.0523    +0.0564  -4.1464e-03      0.116 
  68    0    8  5    -0.0561    -0.0524    -0.0567  +4.2746e-03      0.116 
 108   12   15  1    +0.1507    +0.1566    +0.1510  +5.5442e-03      0.115 
 171    8   28  4    -0.0258    -0.0307    -0.0258  -4.9343e-03      0.115 
  11    0   11  6    +1.0820    +1.0739    +1.0822  -8.2263e-03      0.114 
 174    3    1  1    -0.5738    -0.5870    -0.5789  -8.1159e-03      0.113 
 223    8    6  4    -0.0303    -0.0352    -0.0309  -4.2311e-03      0.112 
 243   23   15  4    -0.0213    -0.0269    -0.0225  -4.3316e-03      0.111 
  13    0   13  6    +1.0710    +1.0624    +1.0703  -7.8234e-03      0.109 
 245   24   23  4    -0.0082    -0.0053    -0.0096  +4.2457e-03      0.109 
 144    9   11  4    -0.1373    -0.1442    -0.1394  -4.7745e-03      0.107 
 172    6   28  4    -0.0004    +0.0040    +0.0002  +3.8576e-03      0.106 
 236   19   18  4    -0.0050    -0.0097    -0.0058  -3.8566e-03      0.104 
  91    1    2  1    +0.7933    +0.7917    +0.7993  -7.5462e-03      0.103 
  34    0    4  2    -0.0230    -0.0230    -0.0251  +2.1330e-03      0.101 
 235   18   15  4    -0.0121    -0.0076    -0.0115  +3.8497e-03      0.100 
 251   30   27  4    -0.0107    -0.0074    -0.0114  +3.9929e-03      0.100 
 132    1    2  4    -0.0021    +0.0005    -0.0031  +3.6122e-03      0.099 
 181    7    6  1    -0.2729    -0.2686    -0.2737  +5.0851e-03      0.098 
  90    0   30  5    -0.0150    -0.0110    -0.0143  +3.2335e-03      0.098 
   4    0    4  6    +1.0176    +1.0101    +1.0169  -6.7578e-03      0.096 
 231   15   12  4    -0.0501    -0.0536    -0.0497  -3.9545e-03      0.095 
 163   23   24  4    +0.0083    +0.0134    +0.0097  +3.7114e-03      0.095 
 159   10   22  4    +0.0353    +0.0323    +0.0364  -4.0748e-03      0.095 
 197   20   10  1    -0.0621    -0.0658    -0.0620  -3.8412e-03      0.094 
  39    0    9  2    +0.0000    -0.0004    -0.0027  +2.3053e-03      0.094 
  83    0   23  5    -0.0130    -0.0100    -0.0129  +2.8898e-03      0.091 
 147   12   13  4    -0.0563    -0.0576    -0.0541  -3.4895e-03      0.090 
  78    0   18  5    -0.0070    -0.0084    -0.0056  -2.8653e-03      0.090 
 154   18   19  4    +0.0051    +0.0026    +0.0059  -3.2950e-03      0.089 
 218    5    2  4    -0.0039    +0.0007    -0.0027  +3.4549e-03      0.088 
 185   11    9  1    +0.0000    +0.0014    -0.0017  +3.0717e-03      0.088 
 162   22   24  4    +0.0226    +0.0272    +0.0238  +3.4027e-03      0.087 
 165   25   26  4    +0.0184    +0.0142    +0.0173  -3.1853e-03      0.087 
 187   12    4  1    -0.3743    -0.3709    -0.3762  +5.2580e-03      0.087 
 215    3    1  4    -0.0501    -0.0475    -0.0511  +3.6710e-03      0.085 
 139    5    7  4    +0.0582    +0.0561    +0.0596  -3.4968e-03      0.084 
 222    7    6  4    -0.0085    -0.0045    -0.0075  +2.9774e-03      0.082 
  89    0   29  5    -0.0070    -0.0083    -0.0109  +2.6520e-03      0.082 
  71    0   11  5    +0.1408    +0.1394    +0.1431  -3.6112e-03      0.082 
 200   22   10  1    -0.0547    -0.0501    -0.0536  +3.5859e-03      0.081 
 233   15   14  4    -0.0044    -0.0016    -0.0047  +3.1614e-03      0.080 
  54    0   24  2    -0.0690    -0.0717    -0.0690  -2.7013e-03      0.080 
 152   16   17  4    +0.0127    +0.0096    +0.0127  -3.0819e-03      0.080 
 198   17   10  1    -0.0283    -0.0331    -0.0302  -2.9416e-03      0.079 
 249   27   28  4    -0.0208    -0.0247    -0.0216  -3.0964e-03      0.079 
 241   22   10  4    -0.0347    -0.0391    -0.0358  -3.3594e-03      0.078 
 141    6    8  4    +0.0234    +0.0268    +0.0239  +2.8965e-03      0.078 
 102    6   10  1    +0.1494    +0.1452    +0.1491  -3.9186e-03      0.076 
 145    9   10  4    +0.0383    +0.0374    +0.0403  -2.9023e-03      0.075 
 214    2    1  4    -0.0242    -0.0255    -0.0226  -2.8964e-03      0.075 
 119   21   22  1    -0.0220    -0.0254    -0.0226  -2.7619e-03      0.074 
 100    6    8  1    +0.2346    +0.2281    +0.2317  -3.6518e-03      0.073 
   9    0    9  6    +1.0549    +1.0599    +1.0547  +5.2013e-03      0.073 
  69    0    9  5    +0.0000    +0.0035    +0.0016  +1.8805e-03      0.071 
  86    0   26  5    -0.0180    -0.0145    -0.0170  +2.5244e-03      0.069 
 250   29   27  4    -0.0117    -0.0117    -0.0142  +2.5340e-03      0.065 
  15    0   15  6    +1.0478    +1.0520    +1.0474  +4.6274e-03      0.065 
  14    0   14  6    +1.0518    +1.0474    +1.0520  -4.6208e-03      0.065 
 148   12   14  4    +0.0185    +0.0141    +0.0167  -2.5998e-03      0.065 
 189   14   12  1    -0.0639    -0.0585    -0.0614  +2.8142e-03      0.065 
  98    5    7  1    -0.0923    -0.0863    -0.0890  +2.6875e-03      0.065 
 179    6    4  1    -0.5524    -0.5605    -0.5562  -4.3031e-03      0.064 
 170   29   30  4    +0.0047    +0.0058    +0.0033  +2.4680e-03      0.064 
  77    0   17  5    -0.0460    -0.0479    -0.0457  -2.1496e-03      0.062 
 137    2    6  4    +0.0099    +0.0134    +0.0109  +2.5369e-03      0.062 
 226   11    9  4    +0.1408    +0.1457    +0.1431  +2.6688e-03      0.061 
   6    0    6  6    +1.0139    +1.0175    +1.0133  +4.2380e-03      0.061 
 178    6    2  1    -0.5225    -0.5314    -0.5272  -4.1810e-03      0.060 
 220    6    4  4    +0.0706    +0.0759    +0.0735  +2.4473e-03      0.060 
 135    3    4  4    +0.0411    +0.0369    +0.0392  -2.3111e-03      0.059 
 208   27   28  1    -0.1514    -0.1525    -0.1497  -2.8340e-03      0.059 
 128   27   30  1    +0.0559    +0.0611    +0.0587  +2.4674e-03      0.057 
  64    0    4  5    -0.0050    -0.0090    -0.0075  -1.4736e-03      0.057 
 221    7    5  4    -0.0775    -0.0813    -0.0788  -2.4412e-03      0.056 
  65    0    5  5    +0.0543    +0.0549    +0.0568  -1.9519e-03      0.056 
 104    9   10  1    +0.2611    +0.2548    +0.2578  -2.9315e-03      0.055 
 254   28    6  4    -0.0115    -0.0100    -0.0120  +2.0267e-03      0.054 
 166   25   27  4    +0.0049    +0.0094    +0.0074  +1.9984e-03      0.054 
 237   20   19  4    +0.0222    +0.0215    +0.0235  -2.0440e-03      0.054 
 110   14   15  1    +0.0149    +0.0199    +0.0178  +2.1585e-03      0.054 
 114   19   20  1    -0.0450    -0.0449    -0.0470  +2.0893e-03      0.053 
  88    0   28  5    +0.0000    -0.0014    +0.0002  -1.5242e-03      0.052 
 133    1    3  4    +0.0575    +0.0618    +0.0595  +2.2614e-03      0.052 
 123   24   25  1    -0.0181    -0.0177    -0.0197  +1.9858e-03      0.051 
 164   24   25  4    +0.0235    +0.0245    +0.0225  +2.0275e-03      0.051 
 224    9    6  4    +0.0990    +0.0985    +0.1008  -2.2928e-03      0.051 
  50    0   20  2    -0.0170    -0.0133    -0.0149  +1.6125e-03      0.051 
  76    0   16  5    -0.0140    -0.0129    -0.0145  +1.6145e-03      0.051 
  57    0   27  2    +0.0000    +0.0044    +0.0031  +1.2717e-03      0.051 
 142    6    9  4    -0.0844    -0.0882    -0.0860  -2.2130e-03      0.051 
 106   12   13  1    +0.0000    +0.0022    +0.0004  +1.7465e-03      0.050 
 211   30   29  1    -0.0291    -0.0293    -0.0313  +2.0226e-03      0.050 
 156   10   20  4    +0.0291    +0.0255    +0.0274  -1.8924e-03      0.049 
 253   28    8  4    -0.0179    -0.0158    -0.0179  +2.0679e-03      0.049 
 111   16   17  1    +0.0428    +0.0437    +0.0417  +1.9695e-03      0.049 
  79    0   19  5    -0.0270    -0.0308    -0.0291  -1.6265e-03      0.048 
  26    0   26  6    +1.0171    +1.0212    +1.0180  +3.2520e-03      0.047 
 191   16   12  1    -0.0708    -0.0730    -0.0710  -1.9840e-03      0.046 
 229   13   12  4    +0.0567    +0.0527    +0.0545  -1.7732e-03      0.046 
 158   10   21  4    +0.0772    +0.0765    +0.0784  -1.9623e-03      0.046 
 194   18   15  1    -0.0550    -0.0537    -0.0556  +1.8875e-03      0.046 
 193   17   16  1    -0.0427    -0.0434    -0.0416  -1.8395e-03      0.045 
 246   25   24  4    -0.0233    -0.0204    -0.0222  +1.7877e-03      0.045 
  56    0   26  2    -0.0280    -0.0236    -0.0253  +1.6860e-03      0.045 
 232   16   12  4    -0.0267    -0.0290    -0.0272  -1.7836e-03      0.045 
  75    0   15  5    -0.0200    -0.0180    -0.0192  +1.1993e-03      0.043 
 182    8    6  1    -0.2340    -0.2289    -0.2311  +2.1547e-03      0.043 
  47    0   17  2    -0.0710    -0.0733    -0.0718  -1.5511e-03      0.043 
 188   13   12  1    -0.0000    +0.0010    -0.0004  +1.4735e-03      0.042 
 160   21   22  4    -0.0122    -0.0081    -0.0097  +1.5398e-03      0.042 
 169   27   30  4    +0.0126    +0.0117    +0.0134  -1.6647e-03      0.042 
 227   10    9  4    -0.0314    -0.0352    -0.0336  -1.5790e-03      0.042 
  42    0   12  2    -0.0880    -0.0926    -0.0914  -1.1721e-03      0.041 
  92    1    3  1    +0.5880    +0.5904    +0.5934  -2.9562e-03      0.041 
   2    0    2  6    +1.0450    +1.0418    +1.0448  -2.9179e-03      0.041 
 117   10   21  1    +0.1166    +0.1166    +0.1147  +1.8323e-03      0.041 
 138    4    6  4    -0.0674    -0.0717    -0.0700  -1.6347e-03      0.040 
 168   27   29  4    +0.0127    +0.0168    +0.0153  +1.5249e-03      0.039 
 120   15   23  1    +0.0437    +0.0452    +0.0436  +1.5852e-03      0.039 
 107   12   14  1    +0.0643    +0.0601    +0.0618  -1.6908e-03      0.039 
 183    9    6  1    -0.2611    -0.2601    -0.2622  +2.0884e-03      0.038 
  62    0    2  5    +0.0510    +0.0558    +0.0546  +1.1357e-03      0.038 
  85    0   25  5    +0.0000    +0.0036    +0.0025  +1.0708e-03      0.038 
 125   25   27  1    -0.0465    -0.0452    -0.0438  -1.4718e-03      0.037 
  48    0   18  2    -0.0250    -0.0297    -0.0286  -1.1666e-03      0.036 
 207   27   25  1    +0.0467    +0.0425    +0.0440  -1.4108e-03      0.036 
  73    0   13  5    +0.0567    +0.0531    +0.0545  -1.3632e-03      0.035 
 209   29   27  1    -0.0483    -0.0482    -0.0497  +1.4340e-03      0.035 
  67    0    7  5    -0.0860    -0.0876    -0.0863  -1.2938e-03      0.034 
  59    0   29  2    -0.0190    -0.0192    -0.0181  -1.1023e-03      0.034 
  81    0   21  5    -0.0880    -0.0881    -0.0868  -1.2779e-03      0.034 
 118   10   22  1    +0.0550    +0.0554    +0.0539  +1.4856e-03      0.033 
  40    0   10  2    -0.1480    -0.1467    -0.1456  -1.0423e-03      0.033 
 204   24   23  1    -0.0184    -0.0154    -0.0166  +1.2812e-03      0.032 
 190   15   12  1    -0.1492    -0.1480    -0.1495  +1.4879e-03      0.031 
 134    2    4  4    +0.0228    +0.0230    +0.0243  -1.2954e-03      0.031 
  32    0    2  2    +0.8380    +0.8462    +0.8445  +1.7231e-03      0.029 
  45    0   15  2    -0.0650    -0.0686    -0.0677  -8.5076e-04      0.029 
 155   19   20  4    -0.0220    -0.0244    -0.0233  -1.0400e-03      0.028 
  10    0   10  6    +1.0513    +1.0528    +1.0508  +1.9608e-03      0.028 
 248   27   25  4    -0.0044    -0.0060    -0.0070  +9.6471e-04      0.026 
 153   15   18  4    +0.0127    +0.0112    +0.0122  -1.0022e-03      0.026 
 136    2    5  4    +0.0424    +0.0409    +0.0420  -1.0994e-03      0.026 
 103    9   11  1    -0.0000    +0.0026    +0.0017  +9.0834e-04      0.026 
 210   30   27  1    -0.0549    -0.0565    -0.0576  +1.0879e-03      0.025 
  82    0   22  5    +0.0000    -0.0015    -0.0022  +7.3029e-04      0.025 
 161   15   23  4    +0.0217    +0.0220    +0.0230  -9.5542e-04      0.024 
 131    6   28  1    +0.1549    +0.1578    +0.1566  +1.1263e-03      0.024 
  97    4    6  1    +0.5560    +0.5583    +0.5599  -1.6035e-03      0.024 
  49    0   19  2    -0.0750    -0.0748    -0.0740  -8.7189e-04      0.024 
 206   26   25  1    -0.0280    -0.0262    -0.0253  -8.7400e-04      0.023 
 238   20   10  4    -0.0282    -0.0273    -0.0265  -8.5583e-04      0.022 
  74    0   14  5    -0.0130    -0.0117    -0.0110  -7.0115e-04      0.022 
 113   18   19  1    +0.0300    +0.0262    +0.0270  -7.7407e-04      0.020 
 124   25   26  1    +0.0283    +0.0263    +0.0255  +7.4580e-04      0.020 
 150   12   16  4    +0.0277    +0.0290    +0.0282  +7.6488e-04      0.019 
  95    2    5  1    +0.6714    +0.6731    +0.6745  -1.4324e-03      0.019 
 115   10   20  1    +0.0625    +0.0632    +0.0624  +7.7788e-04      0.019 
  52    0   22  2    -0.0000    +0.0023    +0.0018  +5.3534e-04      0.018 
 203   24   22  1    -0.0325    -0.0334    -0.0327  -7.0828e-04      0.018 
  43    0   13  2    +0.0000    -0.0010    -0.0004  -6.1648e-04      0.018 
  93    2    4  1    +0.4112    +0.4165    +0.4153  +1.1455e-03      0.018 
 217    4    3  4    -0.0387    -0.0360    -0.0366  +6.7796e-04      0.017 
 129   29   30  1    +0.0293    +0.0309    +0.0316  -6.5624e-04      0.016 
 216    4    2  4    -0.0348    -0.0350    -0.0357  +6.4979e-04      0.015 
  55    0   25  2    -0.0000    +0.0020    +0.0016  +3.8089e-04      0.014 
 149   12   15  4    +0.0530    +0.0520    +0.0526  -5.5597e-04      0.013 
 130    8   28  1    -0.0030    -0.0014    -0.0019  +5.4747e-04      0.013 
 202   23   15  1    -0.0435    -0.0439    -0.0434  -5.2653e-04      0.013 
 212   28    8  1    +0.0031    +0.0014    +0.0019  -5.2869e-04      0.013 
 180    7    5  1    +0.0929    +0.0891    +0.0896  -5.1558e-04      0.012 
 239   17   10  4    -0.0337    -0.0329    -0.0334  +4.5884e-04      0.012 
 230   14   12  4    -0.0175    -0.0153    -0.0158  +4.8131e-04      0.012 
  33    0    3  2    -0.0190    -0.0204    -0.0201  -3.0136e-04      0.012 
 184   10    6  1    -0.1494    -0.1485    -0.1491  +5.9856e-04      0.012 
 126   28   27  1    +0.1514    +0.1492    +0.1497  -5.4602e-04      0.011 
  53    0   23  2    -0.0250    -0.0263    -0.0267  +3.4689e-04      0.011 
 195   19   18  1    -0.0300    -0.0274    -0.0270  -4.1122e-04      0.011 
 167   28   27  4    +0.0294    +0.0305    +0.0301  +4.2123e-04      0.011 
  63    0    3  5    -0.0090    -0.0123    -0.0119  -3.4003e-04      0.011 
  84    0   24  5    -0.0530    -0.0563    -0.0566  +3.3896e-04      0.010 
  58    0   28  2    -0.0000    -0.0043    -0.0046  +2.7431e-04      0.010 
  20    0   20  6    +1.0400    +1.0391    +1.0399  -7.2005e-04      0.010 
  96    2    6  1    +0.5379    +0.5423    +0.5430  -6.9329e-04      0.010 
 146    4   12  4    +0.1359    +0.1344    +0.1348  -4.5664e-04      0.010 
  46    0   16  2    -0.0280    -0.0296    -0.0293  -2.9449e-04      0.009 
 176    4    3  1    -0.5510    -0.5543    -0.5549  +5.6171e-04      0.008 
 242   22   21  4    +0.0122    +0.0100    +0.0097  +2.9701e-04      0.008 
 196   20   19  1    +0.0451    +0.0473    +0.0471  +2.5366e-04      0.006 
 122   23   24  1    +0.0185    +0.0164    +0.0167  -2.4658e-04      0.006 
  44    0   14  2    -0.0490    -0.0438    -0.0436  -2.0733e-04      0.006 
  72    0   12  5    -0.0590    -0.0572    -0.0570  -1.6968e-04      0.006 
  60    0   30  2    -0.0840    -0.0891    -0.0889  -2.0954e-04      0.006 
 112   15   18  1    +0.0553    +0.0561    +0.0559  +1.8213e-04      0.004 
 219    6    2  4    -0.0027    -0.0025    -0.0027  +1.5965e-04      0.004 
  80    0   20  5    -0.0060    -0.0029    -0.0030  +1.2012e-04      0.004 
 205   25   24  1    +0.0182    +0.0199    +0.0198  +9.6876e-05      0.003 
 234   17   16  4    -0.0123    -0.0123    -0.0124  +5.1537e-05      0.001 
  41    0   11  2    +0.0000    -0.0017    -0.0017  +4.1660e-05      0.001 
 201   22   21  1    +0.0220    +0.0226    +0.0226  +3.5472e-05      0.001 
  23    0   23  6    +1.0395    +1.0388    +1.0388  -5.5864e-05      0.001 
 252   30   29  4    -0.0043    -0.0029    -0.0029  +2.0576e-05      0.001 
  38    0    8  2    -0.2370    -0.2330    -0.2330  +2.1786e-06      0.000 
----------------------------------------------------------------------------------
Não foram identificados erros grosseiros.
Não foram identificadas medidas críticas.
Possíveis conjuntos críticos:
Conjunto 1: 72 44
Conjunto 2: 58 84
Conjunto 3: 63 167 195
Conjunto 4: 167 195 53
Conjunto 5: 195 53
Conjunto 6: 230 239
Conjunto 7: 212 202
Conjunto 8: 130 149
Conjunto 9: 93 43
Conjunto 10: 43 203
Conjunto 11: 115 95 150
Conjunto 12: 95 150
Conjunto 13: 124 113
Conjunto 14: 74 238
Conjunto 15: 49 97 131
Conjunto 16: 97 131
Conjunto 17: 103 136 153
Conjunto 18: 136 153 248
Conjunto 19: 153 248
Conjunto 20: 10 155
Conjunto 21: 134 190
Conjunto 22: 81 59
Conjunto 23: 59 67
Conjunto 24: 67 209
Conjunto 25: 73 207
Conjunto 26: 207 48
Conjunto 27: 85 62
Conjunto 28: 62 183
Conjunto 29: 107 120
Conjunto 30: 120 168
Conjunto 31: 117 2 92
Conjunto 32: 2 92 42
Conjunto 33: 92 42
Conjunto 34: 42 227 169 160
Conjunto 35: 227 169 160
Conjunto 36: 169 160
Conjunto 37: 188 47
Conjunto 38: 47 182
Conjunto 39: 182 75
Conjunto 40: 232 56
Conjunto 41: 56 246 193 194
Conjunto 42: 246 193 194
Conjunto 43: 193 194
Conjunto 44: 194 158 229
Conjunto 45: 158 229 191
Conjunto 46: 229 191
Conjunto 47: 79 111 253 156
Conjunto 48: 111 253 156
Conjunto 49: 253 156
Conjunto 50: 211 106 142
Conjunto 51: 106 142 57 76
Conjunto 52: 142 57 76
Conjunto 53: 57 76 50
Conjunto 54: 76 50
Conjunto 55: 50 224 164 123 133
Conjunto 56: 224 164 123 133 88
Conjunto 57: 164 123 133 88
Conjunto 58: 123 133 88
Conjunto 59: 133 88
Conjunto 60: 110 237 166 254
Conjunto 61: 237 166 254
Conjunto 62: 166 254
Conjunto 63: 65 221
Conjunto 64: 208 135 220
Conjunto 65: 135 220 178
Conjunto 66: 220 178
Conjunto 67: 6 226
Conjunto 68: 137 77
Conjunto 69: 170 179
Conjunto 70: 98 189 148 14 15
Conjunto 71: 189 148 14 15
Conjunto 72: 148 14 15
Conjunto 73: 14 15 250
Conjunto 74: 15 250
Conjunto 75: 9 100
Conjunto 76: 100 119
Conjunto 77: 214 145
Conjunto 78: 141 241
Conjunto 79: 249 198 152
Conjunto 80: 198 152 54
Conjunto 81: 152 54 233 200
Conjunto 82: 54 233 200
Conjunto 83: 233 200
Conjunto 84: 71 89 222
Conjunto 85: 89 222
Conjunto 86: 187 165 162
Conjunto 87: 165 162
Conjunto 88: 162 185 218
Conjunto 89: 185 218
Conjunto 90: 154 78 147
Conjunto 91: 78 147 83
Conjunto 92: 147 83
Conjunto 93: 39 197
Conjunto 94: 197 159
Conjunto 95: 159 163 231
Conjunto 96: 163 231
Conjunto 97: 231 4
Conjunto 98: 90 181
Conjunto 99: 181 132
Conjunto 100: 251 235 34
Conjunto 101: 235 34
Conjunto 102: 172 144
Conjunto 103: 245 13
Conjunto 104: 243 223
Conjunto 105: 174 11
Conjunto 106: 11 171
Conjunto 107: 171 108 68
Conjunto 108: 108 68 61
Conjunto 109: 68 61
Conjunto 110: 199 18
Conjunto 111: 109 17 151
Conjunto 112: 17 151
Conjunto 113: 1 51
Conjunto 114: 51 186
Conjunto 115: 225 87
Conjunto 116: 87 240
Conjunto 117: 143 213 99
Conjunto 118: 213 99
Conjunto 119: 99 247 70
Conjunto 120: 247 70 7 228
Conjunto 121: 70 7 228
Conjunto 122: 7 228
Conjunto 123: 66 21 175 101 121 127
Conjunto 124: 21 175 101 121 127
Conjunto 125: 175 101 121 127
Conjunto 126: 101 121 127
Conjunto 127: 121 127 35
Conjunto 128: 127 35
Conjunto 129: 35 22
Conjunto 130: 94 177 244 27
Conjunto 131: 177 244 27
Conjunto 132: 244 27
Conjunto 133: 25 30
Conjunto 134: 30 29
Conjunto 135: 29 105
Conjunto 136: 36 12 192
Conjunto 137: 12 192
