 08/20/93 UW ARCHIVE           100.0  1961 W IEEE 30 Bus Test Case
   1 Glen Lyn 132  1  1  3  1.060   0.00      0.0      0.0    69.2     16.7  132.0  1.060     0.0     0.0   0.0    0.0        0
   2 Claytor  132  1  1  2  1.045  -1.07      7.6      4.4    40.0     -0.3  132.0  1.045    50.0   -40.0   0.0    0.0        0
   3 Kumis    132  1  1  0  1.037  -2.26      0.8      0.4     0.0     0.0   132.0  0.0       0.0     0.0   0.0    0.0        0
   4 Hancock  132  1  1  0  1.030  -2.75      4.1      0.9     0.0     0.0   132.0  0.0       0.0     0.0   0.0    0.0        0
   5 Fieldale 132  1  1  2  1.010  -3.90     33.0      6.6     0.0    -12.2  132.0  1.010    40.0   -40.0   0.0    0.0        0
   6 Roanoke  132  1  1  0  1.027  -3.31      0.0      0.0     0.0     0.0   132.0  0.0       0.0     0.0   0.0    0.0        0
   7 Blaine   132  1  1  0  1.018  -3.76      8.0      3.8     0.0     0.0   132.0  0.0       0.0     0.0   0.0    0.0        0
   8 Reusens  132  1  1  2  1.020  -3.45     10.5     10.5     0.0    -10.0  132.0  1.010    40.0   -10.0   0.0    0.0        0
   9 Roanoke  1.0  1  1  0  1.072  -4.65      0.0      0.0     0.0     0.0     1.0  0.0       0.0     0.0   0.0    0.0        0
  10 Roanoke   33  1  1  0  1.079  -5.34      8.7      3.0     0.0     0.0    33.0  0.0       0.0     0.0   0.0    0.19       0
  11 Roanoke   11  1  1  2  1.082  -4.65      0.0      0.0     0.0      5.1   11.0  1.082    24.0    -6.0   0.0    0.0        0
  12 Hancock   33  1  1  0  1.080  -4.81      3.9      2.6     0.0     0.0    33.0  0.0       0.0     0.0   0.0    0.0        0
  13 Hancock   11  1  1  2  1.072  -4.81      0.0      0.0     0.0     -6.0   11.0  1.071    24.0    -6.0   0.0    0.0        0
  14 Bus 14    33  1  1  0  1.075  -5.14      2.2      0.6     0.0     0.0    33.0  0.0       0.0     0.0   0.0    0.0        0
  15 Bus 15    33  1  1  0  1.074  -5.21      2.9      0.9     0.0     0.0    33.0  0.0       0.0     0.0   0.0    0.0        0
  16 Bus 16    33  1  1  0  1.077  -5.13      1.2      0.6     0.0     0.0    33.0  0.0       0.0     0.0   0.0    0.0        0
  17 Bus 17    33  1  1  0  1.076  -5.34      3.1      2.0     0.0     0.0    33.0  0.0       0.0     0.0   0.0    0.0        0
  18 Bus 18    33  1  1  0  1.072  -5.48      1.1      0.3     0.0     0.0    33.0  0.0       0.0     0.0   0.0    0.0        0
  19 Bus 19    33  1  1  0  1.071  -5.58      3.3      1.2     0.0     0.0    33.0  0.0       0.0     0.0   0.0    0.0        0
  20 Bus 20    33  1  1  0  1.073  -5.54      0.8      0.2     0.0     0.0    33.0  0.0       0.0     0.0   0.0    0.0        0
  21 Bus 21    33  1  1  0  1.075  -5.47      6.1      3.9     0.0     0.0    33.0  0.0       0.0     0.0   0.0    0.0        0
  22 Bus 22    33  1  1  0  1.075  -5.46      0.0      0.0     0.0     0.0    33.0  0.0       0.0     0.0   0.0    0.0        0
  23 Bus 23    33  1  1  0  1.072  -5.40      1.1      0.6     0.0     0.0    33.0  0.0       0.0     0.0   0.0    0.0        0
  24 Bus 24    33  1  1  0  1.073  -5.55      3.0      2.3     0.0     0.0    33.0  0.0       0.0     0.0   0.0    0.043      0
  25 Bus 25    33  1  1  0  1.065  -5.16      0.0      0.0     0.0     0.0    33.0  0.0       0.0     0.0   0.0    0.0        0
  26 Bus 26    33  1  1  0  1.059  -5.29      1.2      0.8     0.0     0.0    33.0  0.0       0.0     0.0   0.0    0.0        0
  27 Cloverdle 33  1  1  0  1.063  -4.84      0.0      0.0     0.0     0.0    33.0  0.0       0.0     0.0   0.0    0.0        0
  28 Cloverdle132  1  1  0  1.026  -3.53      0.0      0.0     0.0     0.0   132.0  0.0       0.0     0.0   0.0    0.0        0
  29 Bus 29    33  1  1  0  1.057  -5.23      0.8      0.3     0.0     0.0    33.0  0.0       0.0     0.0   0.0    0.0        0
  30 Bus 30    33  1  1  0  1.053  -5.50      3.7      0.7     0.0     0.0    33.0  0.0       0.0     0.0   0.0    0.0        0
-999 
BRANCH DATA FOLLOWS                         41 ITEMS
   1    2  1  1 1 0  0.0192    0.0575      0.0528     0     0     0    0 0  0.0       0.0 0.0    0.0     0.0    0.0   0.0
   1    3  1  1 1 0  0.0452    0.1652      0.0408     0     0     0    0 0  0.0       0.0 0.0    0.0     0.0    0.0   0.0
   2    4  1  1 1 0  0.0570    0.1737      0.0368     0     0     0    0 0  0.0       0.0 0.0    0.0     0.0    0.0   0.0
   3    4  1  1 1 0  0.0132    0.0379      0.0084     0     0     0    0 0  0.0       0.0 0.0    0.0     0.0    0.0   0.0
   2    5  1  1 1 0  0.0472    0.1983      0.0418     0     0     0    0 0  0.0       0.0 0.0    0.0     0.0    0.0   0.0
   2    6  1  1 1 0  0.0581    0.1763      0.0374     0     0     0    0 0  0.0       0.0 0.0    0.0     0.0    0.0   0.0
   4    6  1  1 1 0  0.0119    0.0414      0.0090     0     0     0    0 0  0.0       0.0 0.0    0.0     0.0    0.0   0.0
   5    7  1  1 1 0  0.0460    0.1160      0.0204     0     0     0    0 0  0.0       0.0 0.0    0.0     0.0    0.0   0.0
   6    7  1  1 1 0  0.0267    0.0820      0.0170     0     0     0    0 0  0.0       0.0 0.0    0.0     0.0    0.0   0.0
   6    8  1  1 1 0  0.0120    0.0420      0.0090     0     0     0    0 0  0.0       0.0 0.0    0.0     0.0    0.0   0.0
   6    9  1  1 1 0  0.0       0.2080      0.0        0     0     0    0 0  0.978     0.0 0.0    0.0     0.0    0.0   0.0
   6   10  1  1 1 0  0.0       0.5560      0.0        0     0     0    0 0  0.969     0.0 0.0    0.0     0.0    0.0   0.0
   9   11  1  1 1 0  0.0       0.2080      0.0        0     0     0    0 0  0.0       0.0 0.0    0.0     0.0    0.0   0.0
   9   10  1  1 1 0  0.0       0.1100      0.0        0     0     0    0 0  0.0       0.0 0.0    0.0     0.0    0.0   0.0
   4   12  1  1 1 0  0.0       0.2560      0.0        0     0     0    0 0  0.932     0.0 0.0    0.0     0.0    0.0   0.0
  12   13  1  1 1 0  0.0       0.1400      0.0        0     0     0    0 0  0.0       0.0 0.0    0.0     0.0    0.0   0.0
  12   14  1  1 1 0  0.1231    0.2559      0.0        0     0     0    0 0  0.0       0.0 0.0    0.0     0.0    0.0   0.0
  12   15  1  1 1 0  0.0662    0.1304      0.0        0     0     0    0 0  0.0       0.0 0.0    0.0     0.0    0.0   0.0
  12   16  1  1 1 0  0.0945    0.1987      0.0        0     0     0    0 0  0.0       0.0 0.0    0.0     0.0    0.0   0.0
  14   15  1  1 1 0  0.2210    0.1997      0.0        0     0     0    0 0  0.0       0.0 0.0    0.0     0.0    0.0   0.0
  16   17  1  1 1 0  0.0524    0.1923      0.0        0     0     0    0 0  0.0       0.0 0.0    0.0     0.0    0.0   0.0
  15   18  1  1 1 0  0.1073    0.2185      0.0        0     0     0    0 0  0.0       0.0 0.0    0.0     0.0    0.0   0.0
  18   19  1  1 1 0  0.0639    0.1292      0.0        0     0     0    0 0  0.0       0.0 0.0    0.0     0.0    0.0   0.0
  19   20  1  1 1 0  0.0340    0.0680      0.0        0     0     0    0 0  0.0       0.0 0.0    0.0     0.0    0.0   0.0
  10   20  1  1 1 0  0.0936    0.2090      0.0        0     0     0    0 0  0.0       0.0 0.0    0.0     0.0    0.0   0.0
  10   17  1  1 1 0  0.0324    0.0845      0.0        0     0     0    0 0  0.0       0.0 0.0    0.0     0.0    0.0   0.0
  10   21  1  1 1 0  0.0348    0.0749      0.0        0     0     0    0 0  0.0       0.0 0.0    0.0     0.0    0.0   0.0
  10   22  1  1 1 0  0.0727    0.1499      0.0        0     0     0    0 0  0.0       0.0 0.0    0.0     0.0    0.0   0.0
  21   22  1  1 1 0  0.0116    0.0236      0.0        0     0     0    0 0  0.0       0.0 0.0    0.0     0.0    0.0   0.0
  15   23  1  1 1 0  0.1000    0.2020      0.0        0     0     0    0 0  0.0       0.0 0.0    0.0     0.0    0.0   0.0
  22   24  1  1 1 0  0.1150    0.1790      0.0        0     0     0    0 0  0.0       0.0 0.0    0.0     0.0    0.0   0.0
  23   24  1  1 1 0  0.1320    0.2700      0.0        0     0     0    0 0  0.0       0.0 0.0    0.0     0.0    0.0   0.0
  24   25  1  1 1 0  0.1885    0.3292      0.0        0     0     0    0 0  0.0       0.0 0.0    0.0     0.0    0.0   0.0
  25   26  1  1 1 0  0.2544    0.3800      0.0        0     0     0    0 0  0.0       0.0 0.0    0.0     0.0    0.0   0.0
  25   27  1  1 1 0  0.1093    0.2087      0.0        0     0     0    0 0  0.0       0.0 0.0    0.0     0.0    0.0   0.0
  28   27  1  1 1 0  0.0       0.3960      0.0        0     0     0    0 0  0.968     0.0 0.0    0.0     0.0    0.0   0.0
  27   29  1  1 1 0  0.2198    0.4153      0.0        0     0     0    0 0  0.0       0.0 0.0    0.0     0.0    0.0   0.0
  27   30  1  1 1 0  0.3202    0.6027      0.0        0     0     0    0 0  0.0       0.0 0.0    0.0     0.0    0.0   0.0
  29   30  1  1 1 0  0.2399    0.4533      0.0        0     0     0    0 0  0.0       0.0 0.0    0.0     0.0    0.0   0.0
   8   28  1  1 1 0  0.0636    0.2000      0.0428     0     0     0    0 0  0.0       0.0 0.0    0.0     0.0    0.0   0.0
   6   28  1  1 1 0  0.0169    0.0599      0.0130     0     0     0    0 0  0.0       0.0 0.0    0.0     0.0    0.0   0.0
-999
LOSS ZONES FOLLOWS                     1 ITEMS
  1 IEEE 30 BUS
-99
INTERCHANGE DATA FOLLOWS                 1 ITEMS
-9
 1    2 Claytor  132    0.0  999.99  IEEE30  IEEE 30 Bus Test Case
TIE LINES FOLLOWS                     0 ITEMS
-999
END OF DATA
