### EVT (%) - ENTRE CDF E FLUXO CALCULADO DAS 19 hrs
------------------------------------------------------------
         CDF          Calculado
Barra  V     Ângulo   V     Ângulo EVT(%)
      (pu)   (grau)  (pu)   (grau)
------------------------------------------------------------
  1  1.060    0.00  1.060    0.00  0.00
  2  1.043   -5.35  1.043   -5.48  0.22
  3  1.021   -7.53  1.021   -7.96  0.75
  4  1.012   -9.28  1.012   -9.62  0.59
  5  1.010  -14.17  1.010  -14.37  0.36
  6  1.010  -11.06  1.010  -11.34  0.48
  7  1.002  -12.87  1.002  -13.12  0.45
  8  1.010  -11.81  1.010  -12.10  0.50
  9  1.051  -14.11  1.051  -14.38  0.47
 10  1.045  -15.70  1.045  -15.97  0.47
 11  1.082  -14.11  1.082  -14.39  0.49
 12  1.057  -14.94  1.057  -15.24  0.52
 13  1.071  -14.94  1.071  -15.24  0.52
 14  1.042  -15.84  1.042  -16.13  0.51
 15  1.038  -15.93  1.038  -16.22  0.51
 16  1.044  -15.53  1.045  -15.83  0.53
 17  1.040  -15.86  1.040  -16.14  0.49
 18  1.028  -16.54  1.028  -16.82  0.49
 19  1.026  -16.72  1.026  -17.00  0.50
 20  1.030  -16.52  1.030  -16.80  0.49
 21  1.033  -16.14  1.033  -16.42  0.49
 22  1.033  -16.13  1.033  -16.41  0.49
 23  1.027  -16.32  1.027  -16.61  0.51
 24  1.022  -16.49  1.021  -16.78  0.50
 25  1.017  -16.07  1.017  -16.35  0.50
 26  1.000  -16.49  1.000  -16.77  0.50
 27  1.023  -15.54  1.023  -15.82  0.49
 28  1.007  -11.69  1.007  -11.97  0.49
 29  1.003  -16.77  1.003  -17.06  0.50
 30  0.992  -17.66  0.992  -17.94  0.50
                  EVT(%) MÉDIO ->  0.48
24 SIMULAÇÕES COM 25.4s